CO_GRUPO,NT_GER,NT_FG,NT_CE_D1,NT_CE_D2,NT_CE_D3,TP_SEXO,NU_IDADE,QE_I01,QE_I02,QE_I04,QE_I05,QE_I08
2001,1.0,0.0,0,0,0,F,20,A,A,B,B,A
2001,2.0,0.0,0,0,0,F,20,A,A,B,B,A
2001,3.0,0.0,0,0,0,F,20,A,A,B,C,A
2001,4.0,0.0,0,0,0,F,20,A,A,B,C,A
2001,5.0,0.0,0,0,0,F,20,A,B,B,C,A
2001,6.0,0.0,0,0,0,F,20,A,B,C,D,B
2001,7.0,0.0,0,0,0,F,20,A,D,C,D,B
2001,8.0,0.0,0,0,0,F,20,B,D,D,E,B
2001,9.0,0.0,0,0,0,F,20,B,D,E,E,B
2001,10.0,0.0,0,0,0,F,20,C,D,E,E,C
2001,11.0,0.0,0,0,0,F,20,C,D,E,E,F
2001,12.0,0.0,0,0,0,F,20,E,D,F,F,F
2001,13.0,0.0,0,0,0,F,20,,,,,
2001,14.0,0.0,0,0,0,M,20,,,,,
2001,15.0,0.0,0,0,0,M,20,,,,,
2001,16.0,0.0,0,0,0,M,20,,,,,
3502,17.0,0.0,0,0,0,F,20,A,A,A,B,A
3502,18.0,0.0,0,0,0,F,20,A,B,B,D,B
3502,19.0,0.0,0,0,0,F,20,A,B,C,D,B
3502,20.0,0.0,0,0,0,F,20,A,C,C,D,B
3502,21.0,0.0,0,0,0,F,20,A,D,D,D,B
3502,22.0,0.0,0,0,0,F,20,A,D,D,D,B
3502,23.0,0.0,0,0,0,F,20,A,D,D,D,B
3502,24.0,0.0,0,0,0,F,20,A,D,D,D,C
3502,25.0,0.0,0,0,0,M,20,A,D,D,E,D
3502,26.0,0.0,0,0,0,M,20,A,D,D,E,D
3502,27.0,0.0,0,0,0,M,20,A,D,D,E,D
3502,28.0,0.0,0,0,0,M,20,B,D,D,F,D
3502,29.0,0.0,0,0,0,M,20,B,D,E,F,E
3502,30.0,0.0,0,0,0,M,20,B,D,E,F,E
3502,31.0,0.0,0,0,0,M,20,E,F,F,F,E
3502,32.0,0.0,0,0,0,M,20,,,,,
3502,33.0,0.0,0,0,0,M,20,,,,,
3502,34.0,0.0,0,0,0,M,20,,,,,
3502,35.0,0.0,0,0,0,M,20,,,,,
3502,36.0,0.0,0,0,0,M,20,,,,,
3502,37.0,0.0,0,0,0,M,20,,,,,
3502,38.0,0.0,0,0,0,M,20,,,,,
3502,39.0,0.0,0,0,0,M,20,,,,,
3502,40.0,0.0,0,0,0,M,20,,,,,
2001,41.0,0.0,0,0,0,F,20,A,A,A,A,A
2001,42.0,0.0,0,0,0,F,20,A,A,A,B,A
2001,43.0,0.0,0,0,0,F,20,A,A,A,B,A
2001,44.0,0.0,0,0,0,F,20,A,A,B,B,A
2001,45.0,0.0,0,0,0,F,20,A,B,B,B,B
2001,46.0,0.0,0,0,0,F,20,A,B,B,C,B
2001,47.0,0.0,0,0,0,F,20,A,D,B,D,B
2001,48.0,0.0,0,0,0,F,20,A,D,B,D,B
2001,49.0,0.0,0,0,0,F,20,A,D,B,D,B
2001,50.0,0.0,0,0,0,F,20,A,D,B,D,B
2001,51.0,0.0,0,0,0,F,20,B,D,B,D,B
2001,52.0,0.0,0,0,0,F,20,B,D,B,D,B
2001,53.0,0.0,0,0,0,F,20,B,D,B,D,B
2001,54.0,0.0,0,0,0,F,20,C,D,C,E,B
2001,55.0,0.0,0,0,0,F,20,C,D,C,E,B
2001,56.0,0.0,0,0,0,F,20,C,D,C,E,B
2001,57.0,0.0,0,0,0,F,20,C,D,D,E,B
2001,58.0,0.0,0,0,0,F,20,E,F,D,F,C
2001,59.0,0.0,0,0,0,F,20,,,,,
2001,60.0,0.0,0,0,0,M,20,,,,,
2001,61.0,0.0,0,0,0,M,20,,,,,
3002,62.0,0.0,0,0,0,F,20,A,A,A,A,A
3002,63.0,0.0,0,0,0,F,20,A,A,A,B,A
3002,64.0,0.0,0,0,0,F,20,A,A,A,B,A
3002,65.0,0.0,0,0,0,F,20,A,B,B,B,A
3002,66.0,0.0,0,0,0,F,20,A,B,B,B,A
3002,67.0,0.0,0,0,0,F,20,A,B,B,B,B
3002,68.0,0.0,0,0,0,M,20,A,D,B,B,B
3002,69.0,0.0,0,0,0,M,20,A,D,B,B,B
3002,70.0,0.0,0,0,0,M,20,A,D,B,C,B
3002,71.0,0.0,0,0,0,M,20,A,D,C,C,B
3002,72.0,0.0,0,0,0,M,20,A,D,D,C,B
3002,73.0,0.0,0,0,0,M,20,A,D,D,C,B
3002,74.0,0.0,0,0,0,M,20,B,D,D,D,C
3002,75.0,0.0,0,0,0,M,20,,,,,
3002,76.0,0.0,0,0,0,M,20,,,,,
2402,77.0,0.0,0,0,0,F,20,A,A,B,B,A
2402,78.0,0.0,0,0,0,F,20,A,A,B,B,A
2402,79.0,0.0,0,0,0,F,20,A,A,B,B,A
2402,80.0,0.0,0,0,0,F,20,A,A,B,B,A
2402,81.0,0.0,0,0,0,F,20,A,A,B,B,A
2402,82.0,0.0,0,0,0,F,20,A,B,B,C,B
2402,83.0,0.0,0,0,0,F,20,A,B,B,C,B
2402,84.0,0.0,0,0,0,F,20,A,B,B,D,B
2402,85.0,0.0,0,0,0,F,20,A,B,C,D,B
2402,86.0,0.0,0,0,0,F,20,A,D,C,D,B
2402,87.0,0.0,0,0,0,F,20,A,D,D,D,B
2402,88.0,0.0,0,0,0,F,20,A,D,D,D,B
2402,89.0,0.0,0,0,0,M,20,A,D,D,D,C
2402,90.0,0.0,0,0,0,M,20,A,D,D,D,C
2402,91.0,0.0,0,0,0,M,20,A,D,D,D,C
2402,92.0,0.0,0,0,0,M,20,B,D,D,E,C
2402,93.0,0.0,0,0,0,M,20,B,D,E,E,D
2402,94.0,0.0,0,0,0,M,20,B,D,E,E,D
2402,95.0,0.0,0,0,0,M,20,E,F,E,E,D
2402,96.0,0.0,0,0,0,M,20,E,F,E,F,E
2402,97.0,0.0,0,0,0,M,20,,,,,
2402,98.0,0.0,0,0,0,M,20,,,,,
2402,99.0,0.0,0,0,0,M,20,,,,,
2402,100.0,0.0,0,0,0,M,20,,,,,
2402,101.0,0.0,0,0,0,M,20,,,,,
702,102.0,0.0,0,0,0,F,20,A,A,B,B,A
702,103.0,0.0,0,0,0,M,20,A,D,C,C,B
702,104.0,0.0,0,0,0,M,20,A,D,C,D,C
702,105.0,0.0,0,0,0,M,20,A,D,C,D,D
702,106.0,0.0,0,0,0,M,20,A,D,D,D,D
702,107.0,0.0,0,0,0,M,20,B,D,D,D,D
702,108.0,0.0,0,0,0,M,20,B,D,E,D,E
702,109.0,0.0,0,0,0,M,20,E,F,E,F,F
1402,110.0,0.0,0,0,0,F,20,A,A,A,B,A
1402,111.0,0.0,0,0,0,F,20,A,A,B,C,A
1402,112.0,0.0,0,0,0,F,20,A,B,B,D,A
1402,113.0,0.0,0,0,0,F,20,A,B,C,D,B
1402,114.0,0.0,0,0,0,M,20,A,D,E,E,E
1402,115.0,0.0,0,0,0,M,20,B,D,F,E,F
1602,116.0,0.0,0,0,0,F,20,A,A,B,B,A
1602,117.0,0.0,0,0,0,F,20,A,A,B,C,A
1602,118.0,0.0,0,0,0,F,20,A,A,B,C,A
1602,119.0,0.0,0,0,0,F,20,A,A,B,D,A
1602,120.0,0.0,0,0,0,F,20,A,A,B,D,A
1602,121.0,0.0,0,0,0,F,20,A,A,C,D,A
1602,122.0,0.0,0,0,0,F,20,A,A,C,D,A
1602,123.0,0.0,0,0,0,F,20,A,A,C,D,A
1602,124.0,0.0,0,0,0,F,20,A,A,D,D,A
1602,125.0,0.0,0,0,0,F,20,A,A,D,D,A
1602,126.0,0.0,0,0,0,F,20,A,A,D,D,A
1602,127.0,0.0,0,0,0,F,20,A,B,D,D,A
1602,128.0,0.0,0,0,0,F,20,A,B,D,D,A
1602,129.0,0.0,0,0,0,M,20,A,C,D,D,A
1602,130.0,0.0,0,0,0,M,20,A,D,D,D,B
1602,131.0,0.0,0,0,0,M,20,A,D,D,D,B
1602,132.0,0.0,0,0,0,M,20,A,D,D,E,B
1602,133.0,0.0,0,0,0,M,20,A,D,D,E,B
1602,134.0,0.0,0,0,0,M,20,A,D,D,E,B
1602,135.0,0.0,0,0,0,M,20,A,D,D,E,B
1602,136.0,0.0,0,0,0,M,20,A,D,D,E,C
1602,137.0,0.0,0,0,0,M,20,A,D,D,E,C
1602,138.0,0.0,0,0,0,M,20,A,D,E,F,D
1602,139.0,0.0,0,0,0,M,20,A,D,E,F,D
1602,140.0,0.0,0,0,0,M,20,A,D,E,F,E
1602,141.0,0.0,0,0,0,M,20,A,D,E,F,E
1602,142.0,0.0,0,0,0,M,20,B,F,F,F,F
1602,143.0,0.0,0,0,0,F,20,A,A,A,A,A
1602,144.0,0.0,0,0,0,F,20,A,A,B,B,A
1602,145.0,0.0,0,0,0,F,20,A,A,B,D,A
1602,146.0,0.0,0,0,0,F,20,A,A,B,D,A
1602,147.0,0.0,0,0,0,F,20,A,A,B,D,B
1602,148.0,0.0,0,0,0,F,20,A,B,C,D,B
1602,149.0,0.0,0,0,0,F,20,A,B,C,E,B
1602,150.0,0.0,0,0,0,F,20,A,D,D,E,B
1602,151.0,0.0,0,0,0,F,20,A,D,D,E,B
1602,152.0,0.0,0,0,0,F,20,,,,,
1602,153.0,0.0,0,0,0,F,20,,,,,
1602,154.0,0.0,0,0,0,M,20,,,,,
1602,155.0,0.0,0,0,0,M,20,,,,,
1602,156.0,0.0,0,0,0,M,20,,,,,
1602,157.0,0.0,0,0,0,M,20,,,,,
1602,158.0,0.0,0,0,0,M,20,,,,,
1602,159.0,0.0,0,0,0,M,20,,,,,
702,160.0,0.0,0,0,0,F,20,A,A,A,A,A
702,161.0,0.0,0,0,0,F,20,A,A,A,A,A
702,162.0,0.0,0,0,0,F,20,A,B,B,A,B
702,163.0,0.0,0,0,0,F,20,A,B,B,B,B
702,164.0,0.0,0,0,0,F,20,A,B,B,B,B
702,165.0,0.0,0,0,0,F,20,A,C,B,B,B
702,166.0,0.0,0,0,0,F,20,A,D,B,D,B
702,167.0,0.0,0,0,0,F,20,A,D,C,D,B
702,168.0,0.0,0,0,0,M,20,A,D,D,D,B
702,169.0,0.0,0,0,0,M,20,A,D,D,D,B
702,170.0,0.0,0,0,0,M,20,A,D,D,E,C
702,171.0,0.0,0,0,0,M,20,A,D,D,E,C
702,172.0,0.0,0,0,0,M,20,B,D,E,F,D
702,173.0,0.0,0,0,0,M,20,B,D,E,F,E
4004,174.0,0.0,0,0,0,F,20,A,A,A,B,A
4004,175.0,0.0,0,0,0,F,20,A,A,B,B,A
4004,176.0,0.0,0,0,0,F,20,A,A,B,C,B
4004,177.0,0.0,0,0,0,M,20,A,A,B,C,B
4004,178.0,0.0,0,0,0,M,20,A,A,B,D,B
4004,179.0,0.0,0,0,0,M,20,A,A,C,D,C
4004,180.0,0.0,0,0,0,M,20,A,A,D,D,C
4004,181.0,0.0,0,0,0,M,20,A,A,D,D,C
4004,182.0,0.0,0,0,0,M,20,A,A,D,D,C
4004,183.0,0.0,0,0,0,M,20,A,A,D,D,C
4004,184.0,0.0,0,0,0,M,20,A,A,D,D,C
4004,185.0,0.0,0,0,0,M,20,A,B,D,D,D
4004,186.0,0.0,0,0,0,M,20,A,B,D,D,D
4004,187.0,0.0,0,0,0,M,20,A,B,D,D,D
4004,188.0,0.0,0,0,0,M,20,A,B,D,E,D
4004,189.0,0.0,0,0,0,M,20,A,C,D,E,E
4004,190.0,0.0,0,0,0,M,20,A,C,E,E,E
4004,191.0,0.0,0,0,0,M,20,A,D,E,E,E
4004,192.0,0.0,0,0,0,M,20,A,D,E,E,E
4004,193.0,0.0,0,0,0,M,20,A,D,E,E,E
4004,194.0,0.0,0,0,0,M,20,A,D,E,E,E
4004,195.0,0.0,0,0,0,M,20,A,D,E,E,E
4004,196.0,0.0,0,0,0,M,20,A,D,E,E,E
4004,197.0,0.0,20,0,0,M,20,A,D,F,F,E
4004,198.0,3.6,0,0,0,M,20,A,D,F,F,E
4004,199.0,1.0,0,20,0,M,20,A,D,F,F,F
4004,200.0,1.4,0,15,0,M,20,A,D,F,F,F
4004,201.0,5.2,0,0,0,M,20,A,D,F,F,F
4004,202.0,5.2,0,0,0,M,20,A,F,F,F,F
4004,203.0,3.2,0,15,0,M,20,A,F,F,F,F
4004,204.0,4.0,0,0,10,M,20,A,F,F,F,G
4004,205.0,5.4,0,0,0,M,20,,,,,
4004,206.0,3.4,15,0,0,M,20,,,,,
4004,207.0,6.8,0,0,0,M,20,,,,,
4004,208.0,0.0,0,45,0,F,20,A,A,A,B,A
4004,209.0,3.6,0,20,0,F,20,A,A,A,C,A
4004,210.0,6.6,0,0,0,F,20,A,A,B,C,A
4004,211.0,7.5,0,0,0,F,20,A,A,B,C,B
4004,212.0,7.5,0,0,0,F,20,A,A,B,C,B
4004,213.0,7.5,0,0,0,F,20,A,A,B,D,B
4004,214.0,7.5,0,0,0,F,20,A,A,B,D,B
4004,215.0,7.5,0,0,0,F,20,A,A,B,D,B
4004,216.0,7.5,0,0,0,F,20,A,A,C,D,B
4004,217.0,7.5,0,0,0,F,20,A,A,C,D,B
4004,218.0,7.5,0,0,0,F,20,A,A,C,D,B
4004,219.0,7.5,0,0,0,F,20,A,A,D,D,C
4004,220.0,7.5,0,0,0,F,20,A,A,D,D,C
4004,221.0,7.5,0,0,0,F,20,A,A,D,D,C
4004,222.0,7.5,0,0,0,M,20,A,A,D,D,C
4004,223.0,7.5,0,0,0,M,20,A,A,D,D,C
4004,224.0,7.5,0,0,0,M,20,A,A,D,D,C
4004,225.0,7.5,0,0,0,M,20,A,A,D,D,C
4004,226.0,7.5,0,0,0,M,20,A,A,D,D,C
4004,227.0,7.5,0,0,0,M,20,A,A,D,D,C
4004,228.0,7.5,0,0,0,M,20,A,A,D,D,C
4004,229.0,7.4,0,0,0,M,20,A,A,D,D,C
4004,230.0,7.5,0,0,0,M,20,A,A,D,D,C
4004,231.0,7.5,0,0,0,M,20,A,A,D,D,D
4004,232.0,7.5,0,0,0,M,20,A,A,D,D,D
4004,233.0,7.5,0,0,0,M,20,A,A,D,D,D
4004,234.0,7.6,0,0,0,M,20,A,A,D,D,D
4004,235.0,7.8,0,0,0,M,20,A,A,D,D,D
4004,236.0,7.8,0,0,0,M,20,A,A,D,D,D
4004,237.0,2.0,30,10,0,M,20,A,A,D,D,D
4004,238.0,6.4,10,0,0,M,20,A,A,D,E,D
4004,239.0,8.4,0,0,0,M,20,A,A,D,E,D
4004,240.0,8.4,0,0,0,M,20,A,A,D,E,E
4004,241.0,9.2,0,0,0,M,20,A,A,E,E,E
4004,242.0,0.0,0,0,0,M,20,A,A,E,E,E
4004,243.0,9.4,0,0,0,M,20,A,A,E,E,E
4004,244.0,7.5,0,15,0,M,20,A,A,E,E,E
4004,245.0,10.1,0,0,0,M,20,A,A,E,E,E
4004,246.0,0.0,20,45,0,M,20,A,A,E,E,E
4004,247.0,0.0,40,10,20,M,20,A,B,E,E,E
4004,248.0,10.6,0,0,0,M,20,A,B,E,E,E
4004,249.0,10.6,0,0,0,M,20,A,B,E,E,E
4004,250.0,0.0,0,0,0,M,20,A,B,E,E,E
4004,251.0,11.1,0,0,0,M,20,A,B,E,E,F
4004,252.0,0.0,0,0,0,M,20,A,B,E,E,F
4004,253.0,11.1,0,0,0,M,20,A,B,E,E,F
4004,254.0,9.5,0,0,10,M,20,A,C,E,E,F
4004,255.0,2.2,60,0,0,M,20,A,C,E,E,F
4004,256.0,0.0,0,0,0,M,20,A,C,E,E,F
4004,257.0,0.0,0,0,0,M,20,A,D,E,E,F
4004,258.0,0.0,0,0,0,M,20,A,D,E,E,F
4004,259.0,0.0,0,0,0,M,20,A,D,E,E,F
4004,260.0,0.0,0,0,0,M,20,A,D,E,F,F
4004,261.0,11.5,0,0,0,M,20,A,D,E,F,F
4004,262.0,6.2,30,5,0,M,20,A,D,E,F,F
4004,263.0,4.6,0,50,0,M,20,A,D,E,F,F
4004,264.0,12.1,0,0,0,M,20,A,D,E,F,F
4004,265.0,11.9,0,0,0,M,20,A,D,E,F,F
4004,266.0,0.0,0,0,0,M,20,A,D,E,F,F
4004,267.0,2.0,0,0,0,M,20,A,D,E,F,F
4004,268.0,0.0,0,0,0,M,20,A,D,E,F,F
4004,269.0,9.2,0,20,0,M,20,A,D,E,F,F
4004,270.0,12.5,0,0,0,M,20,A,D,E,F,F
4004,271.0,1.6,0,0,0,M,20,A,D,F,F,F
4004,272.0,0.0,0,0,0,M,20,A,D,F,F,F
4004,273.0,12.9,0,0,0,M,20,A,D,F,F,F
4004,274.0,9.4,25,0,0,M,20,A,D,F,F,F
4004,275.0,8.5,0,15,15,M,20,A,D,F,F,F
4004,276.0,0.0,0,0,0,M,20,A,D,F,F,F
4004,277.0,0.0,0,0,0,M,20,A,D,F,F,F
4004,278.0,0.0,0,0,0,M,20,A,D,F,F,F
4004,279.0,6.2,20,0,30,M,20,A,D,F,F,F
4004,280.0,0.0,0,0,0,M,20,A,D,F,F,G
4004,281.0,11.0,0,15,0,M,20,A,D,F,F,G
4004,282.0,0.0,0,0,0,M,20,A,D,F,F,G
4004,283.0,0.0,0,0,0,M,20,A,D,F,F,G
4004,284.0,0.0,0,0,0,M,20,A,D,F,F,G
4004,285.0,0.0,0,0,0,M,20,B,F,F,F,G
4004,286.0,2.6,0,0,0,M,20,B,F,F,F,G
4004,287.0,0.0,0,0,0,M,20,B,F,F,F,G
4004,288.0,0.0,0,0,0,M,20,E,F,F,,G
4004,289.0,6.6,25,15,5,M,20,,,,,
4004,290.0,0.0,0,0,0,M,20,,,,,
4004,291.0,2.2,0,0,0,M,20,,,,,
4004,292.0,14.4,0,0,0,M,20,,,,,
4004,293.0,2.0,0,0,0,M,20,,,,,
4004,294.0,14.3,0,0,0,M,20,,,,,
4004,295.0,11.0,0,0,25,M,20,,,,,
4004,296.0,4.2,20,0,50,M,20,,,,,
4301,297.0,15.0,0,0,0,F,20,A,A,B,D,B
4301,298.0,15.0,0,0,0,F,20,A,A,B,D,C
4301,299.0,7.6,30,20,0,F,20,A,A,B,D,C
4301,300.0,15.0,0,0,0,F,20,A,A,C,D,C
4301,301.0,15.0,0,0,0,F,20,A,A,D,D,C
4301,302.0,15.0,0,0,0,F,20,A,A,D,E,D
4301,303.0,15.0,0,0,0,F,20,A,A,D,E,D
4301,304.0,15.0,0,0,0,F,20,A,A,D,E,D
4301,305.0,15.0,0,0,0,F,20,A,A,D,E,D
4301,306.0,15.0,0,0,0,F,20,A,B,E,E,E
4301,307.0,15.0,0,0,0,M,20,A,B,E,E,E
4301,308.0,15.0,0,0,0,M,20,A,B,E,E,E
4301,309.0,15.0,0,0,0,M,20,A,B,E,E,E
4301,310.0,6.4,10,0,50,M,20,A,D,E,E,E
4301,311.0,4.4,0,0,0,M,20,A,D,E,E,E
4301,312.0,9.5,0,40,0,M,20,A,D,E,E,E
4301,313.0,15.9,0,0,0,M,20,A,D,E,F,E
4301,314.0,4.0,70,0,10,M,20,A,D,E,F,F
4301,315.0,2.6,0,0,0,M,20,A,D,E,F,F
4301,316.0,16.2,0,0,0,M,20,B,D,F,F,F
4301,317.0,16.3,0,0,0,M,20,B,D,F,F,F
4301,318.0,8.4,0,35,20,M,20,B,D,F,F,F
4301,319.0,5.2,0,0,0,M,20,B,F,F,F,F
4301,320.0,5.2,0,0,0,M,20,B,F,F,F,G
4301,321.0,16.3,0,0,0,M,20,,,,,
4301,322.0,16.3,0,0,0,M,20,,,,,
4301,323.0,10.8,40,0,0,M,20,,,,,
4301,324.0,7.5,0,0,0,M,20,,,,,
4301,325.0,3.6,0,0,0,M,20,,,,,
4301,326.0,15.6,0,0,10,M,20,,,,,
4301,327.0,5.8,10,15,50,M,20,,,,,
3502,328.0,17.0,0,0,0,F,20,A,A,A,B,A
3502,329.0,6.8,25,45,0,F,20,A,A,A,B,A
3502,330.0,17.6,0,0,0,F,20,A,A,B,C,A
3502,331.0,2.4,0,0,15,F,20,A,A,B,C,A
3502,332.0,17.6,0,0,0,F,20,A,A,B,C,A
3502,333.0,15.0,0,0,20,F,20,A,A,B,C,A
3502,334.0,17.9,0,0,0,F,20,A,A,B,C,A
3502,335.0,18.0,0,0,0,F,20,A,A,B,C,A
3502,336.0,17.8,0,0,0,F,20,A,A,B,C,A
3502,337.0,7.5,0,0,0,F,20,A,A,C,C,A
3502,338.0,3.2,20,70,10,F,20,A,A,C,C,A
3502,339.0,18.4,0,0,0,F,20,A,A,C,C,B
3502,340.0,10.9,50,0,0,F,20,A,A,C,D,B
3502,341.0,0.0,50,0,0,F,20,A,A,C,D,B
3502,342.0,2.6,25,5,0,F,20,A,A,C,D,B
3502,343.0,10.5,10,30,15,F,20,A,A,C,D,B
3502,344.0,7.5,0,0,0,F,20,A,A,C,D,B
3502,345.0,7.4,75,0,0,F,20,A,A,C,D,B
3502,346.0,18.9,0,0,0,F,20,A,A,C,D,B
3502,347.0,7.5,0,0,0,F,20,A,A,C,D,B
3502,348.0,7.5,0,0,0,F,20,A,A,C,D,B
3502,349.0,7.5,0,0,0,F,20,A,A,C,D,B
3502,350.0,7.5,0,0,0,F,20,A,A,C,D,B
3502,351.0,7.5,0,0,0,F,20,A,A,D,D,B
3502,352.0,7.5,0,0,0,F,20,A,A,D,D,B
3502,353.0,7.5,0,0,0,F,20,A,A,D,D,B
3502,354.0,15.0,0,25,0,F,20,A,A,D,D,B
3502,355.0,7.5,0,0,0,F,20,A,A,D,D,B
3502,356.0,7.5,0,0,0,F,20,A,A,D,D,B
3502,357.0,7.5,0,0,0,F,20,A,A,D,D,B
3502,358.0,7.5,0,0,0,F,20,A,A,D,D,C
3502,359.0,7.5,0,0,0,F,20,A,A,D,D,C
3502,360.0,7.5,0,0,0,F,20,A,A,D,D,C
3502,361.0,7.5,0,0,0,F,20,A,A,D,D,C
3502,362.0,18.6,0,0,0,F,20,A,A,D,D,C
3502,363.0,7.5,0,0,0,F,20,A,A,D,D,C
3502,364.0,7.5,0,0,0,M,20,A,B,D,D,C
3502,365.0,7.5,0,0,0,M,20,A,B,D,D,C
3502,366.0,7.5,0,0,0,M,20,A,B,D,D,D
3502,367.0,7.5,0,0,0,M,20,A,B,D,D,D
3502,368.0,7.5,0,0,0,M,20,A,B,D,D,D
3502,369.0,7.5,0,0,0,M,20,A,B,D,D,D
3502,370.0,19.2,0,0,0,M,20,A,D,E,E,E
3502,371.0,19.4,0,0,0,M,20,A,D,E,E,E
3502,372.0,7.4,0,0,0,M,20,A,D,E,E,E
3502,373.0,7.8,0,30,50,M,20,A,D,E,E,E
3502,374.0,7.5,0,0,0,M,20,A,D,E,E,E
3502,375.0,16.3,25,0,0,M,20,A,D,E,E,E
3502,376.0,7.5,0,0,0,M,20,A,D,E,E,E
3502,377.0,7.5,0,0,0,M,20,A,D,E,E,E
3502,378.0,3.4,10,10,0,M,20,A,D,E,E,E
3502,379.0,7.5,0,0,0,M,20,A,D,E,E,E
3502,380.0,7.5,10,0,0,M,20,A,D,E,E,E
3502,381.0,8.4,60,20,0,M,20,A,D,E,E,E
3502,382.0,7.5,0,0,0,M,20,A,D,E,E,E
3502,383.0,9.1,0,0,0,M,20,A,D,E,E,E
3502,384.0,7.0,0,0,0,M,20,A,D,E,F,E
3502,385.0,7.5,0,0,0,M,20,A,D,E,F,E
3502,386.0,7.5,0,0,0,M,20,A,D,E,F,E
3502,387.0,13.6,0,45,0,M,20,A,D,E,F,E
3502,388.0,8.1,0,0,0,M,20,A,D,E,F,E
3502,389.0,18.9,10,0,0,M,20,A,D,F,F,E
3502,390.0,9.5,0,0,0,M,20,A,D,F,F,F
3502,391.0,20.2,0,0,0,M,20,A,D,F,F,F
3502,392.0,10.2,70,0,0,M,20,A,D,F,F,F
3502,393.0,9.7,0,0,0,M,20,A,D,F,F,F
3502,394.0,6.8,20,0,0,M,20,A,D,F,F,F
2001,395.0,18.6,20,0,0,F,20,A,A,A,B,A
2001,396.0,21.4,0,0,0,F,20,A,A,B,B,A
2001,397.0,9.4,0,0,0,F,20,A,A,B,B,A
2001,398.0,8.8,0,0,0,F,20,A,A,B,B,A
2001,399.0,9.1,0,0,0,F,20,A,A,B,B,A
2001,400.0,1.0,15,30,20,F,20,A,A,B,B,A
2001,401.0,18.5,0,20,0,F,20,A,A,B,B,A
2001,402.0,13.6,55,0,0,F,20,A,A,B,B,A
2001,403.0,3.8,15,30,0,F,20,A,A,B,B,A
2001,404.0,9.5,0,0,0,F,20,A,A,B,B,A
2001,405.0,21.8,0,0,0,F,20,A,A,B,B,A
2001,406.0,22.0,0,0,0,F,20,A,A,B,B,A
2001,407.0,8.4,0,0,0,F,20,A,A,B,B,A
2001,408.0,9.5,0,10,0,F,20,A,A,B,B,A
2001,409.0,8.6,50,30,10,F,20,A,A,B,B,A
2001,410.0,12.2,30,35,0,F,20,A,A,B,B,A
2001,411.0,11.1,0,0,0,F,20,A,A,B,C,A
2001,412.0,8.5,0,0,0,F,20,A,A,B,C,A
2001,413.0,4.0,70,50,0,F,20,A,A,B,C,A
2001,414.0,22.5,0,0,0,F,20,A,A,B,C,B
2001,415.0,0.0,0,0,0,F,20,A,A,B,C,B
2001,416.0,0.0,0,0,0,F,20,A,A,B,C,B
2001,417.0,0.0,0,0,0,F,20,A,A,B,C,B
2001,418.0,22.5,0,0,0,F,20,A,A,B,C,B
2001,419.0,11.3,0,0,0,F,20,A,A,B,C,B
2001,420.0,0.0,0,0,0,F,20,A,A,C,C,B
2001,421.0,22.5,0,0,0,F,20,A,A,C,C,B
2001,422.0,0.0,0,0,0,F,20,A,A,C,C,B
2001,423.0,0.0,0,0,0,F,20,A,A,C,D,B
2001,424.0,8.9,0,0,0,F,20,A,A,C,D,B
2001,425.0,7.5,0,15,10,F,20,A,A,C,D,B
2001,426.0,3.4,0,50,0,F,20,A,A,C,D,B
2001,427.0,0.0,0,0,0,F,20,A,A,C,D,B
2001,428.0,0.0,0,0,0,F,20,A,A,C,D,B
2001,429.0,0.0,0,0,0,F,20,A,A,C,D,B
2001,430.0,22.5,0,0,0,F,20,A,A,C,D,B
2001,431.0,11.5,0,0,0,F,20,A,A,C,D,B
2001,432.0,10.2,40,40,0,F,20,A,A,D,D,B
2001,433.0,22.5,0,0,0,F,20,A,A,D,D,B
2001,434.0,10.1,0,0,0,F,20,A,A,D,D,B
2001,435.0,0.0,0,0,0,F,20,A,B,D,D,B
2001,436.0,0.0,0,0,0,F,20,A,B,D,D,B
2001,437.0,22.3,0,0,0,F,20,A,B,D,D,B
2001,438.0,11.3,0,0,0,F,20,A,B,D,D,B
2001,439.0,0.0,0,0,0,F,20,A,B,D,D,B
2001,440.0,7.5,25,0,0,F,20,A,B,D,D,B
2001,441.0,22.5,0,0,0,F,20,A,B,D,D,B
2001,442.0,0.0,0,0,0,F,20,A,B,D,D,B
2001,443.0,0.0,0,0,0,F,20,A,B,D,D,B
2001,444.0,0.0,0,0,0,F,20,A,C,D,D,C
2001,445.0,22.5,0,0,0,F,20,A,D,D,D,C
2001,446.0,0.0,0,0,0,F,20,A,D,D,D,C
2001,447.0,0.0,0,0,0,F,20,A,D,D,D,C
2001,448.0,0.0,0,0,0,F,20,A,D,D,D,C
2001,449.0,0.0,0,0,0,F,20,A,D,D,D,C
2001,450.0,19.0,25,0,0,F,20,A,D,D,D,C
2001,451.0,8.5,10,0,0,F,20,A,D,D,D,C
2001,452.0,10.1,10,0,0,F,20,A,D,D,D,C
2001,453.0,10.1,10,0,0,F,20,A,D,D,D,D
2001,454.0,4.0,45,50,30,F,20,A,D,D,D,D
2001,455.0,11.7,0,0,0,F,20,A,D,D,D,D
2001,456.0,5.2,50,0,0,F,20,A,D,D,D,D
2001,457.0,11.5,0,0,0,F,20,A,D,D,D,D
2001,458.0,0.0,0,0,0,F,20,A,D,D,D,D
2001,459.0,7.5,20,0,10,F,20,A,D,D,E,D
2001,460.0,9.5,0,0,0,F,20,A,D,D,E,D
2001,461.0,0.0,0,0,0,F,20,A,D,D,E,D
2001,462.0,9.5,0,0,0,F,20,A,D,D,E,D
2001,463.0,23.0,0,0,0,F,20,A,D,E,E,D
2001,464.0,8.0,0,10,0,F,20,A,D,E,E,E
2001,465.0,9.5,0,10,0,F,20,A,D,E,E,E
2001,466.0,10.4,10,60,15,F,20,A,D,E,E,E
2001,467.0,0.0,0,0,0,F,20,A,D,E,E,E
2001,468.0,1.0,0,0,0,F,20,A,D,E,E,E
2001,469.0,7.5,0,0,30,F,20,A,D,E,E,E
2001,470.0,0.0,0,0,10,F,20,B,D,E,E,E
2001,471.0,11.1,0,0,0,F,20,B,D,E,E,E
2001,472.0,23.4,0,0,0,F,20,B,D,E,E,E
2001,473.0,0.0,10,0,0,F,20,B,D,E,E,E
2001,474.0,10.0,0,0,0,F,20,B,D,E,E,E
2001,475.0,6.6,10,15,0,F,20,B,D,F,F,F
2001,476.0,7.6,0,20,0,F,20,B,D,F,F,F
2001,477.0,9.6,70,15,10,F,20,B,D,F,F,F
2001,478.0,16.6,20,0,30,F,20,B,D,F,F,F
2001,479.0,9.1,10,15,0,F,20,B,D,F,F,F
2001,480.0,8.2,30,0,0,F,20,B,D,F,F,F
2001,481.0,23.8,0,0,0,F,20,B,D,F,F,F
2001,482.0,11.3,10,0,0,F,20,B,D,F,F,F
2001,483.0,12.7,0,0,0,F,20,C,D,F,F,F
2001,484.0,3.4,0,45,0,F,20,E,F,F,F,F
2001,485.0,1.6,0,0,0,F,20,E,F,F,F,G
2001,486.0,10.0,20,0,0,F,20,E,F,F,F,G
2001,487.0,15.0,10,0,50,F,20,,,,,
2001,488.0,7.5,0,20,0,M,20,,,,,
2001,489.0,7.6,50,20,40,M,20,,,,,
2001,490.0,1.6,0,0,0,M,20,,,,,
2001,491.0,10.7,0,0,0,M,20,,,,,
2001,492.0,12.1,0,0,0,M,20,,,,,
2001,493.0,0.0,0,0,0,M,20,,,,,
2001,494.0,0.0,0,0,0,M,20,,,,,
2001,495.0,11.9,0,0,0,M,20,,,,,
2001,496.0,8.2,20,5,10,M,20,,,,,
2001,497.0,20.0,20,0,0,M,20,,,,,
2001,498.0,11.9,0,0,0,M,20,,,,,
2501,499.0,0.0,15,70,0,F,20,A,A,B,B,A
2501,500.0,0.0,0,0,0,F,20,A,A,B,B,A
2501,501.0,0.0,0,0,0,F,20,A,A,C,D,A
2501,502.0,0.0,0,0,0,F,20,A,A,C,D,A
2501,503.0,0.0,0,0,0,F,20,A,A,C,D,A
2501,504.0,0.0,0,0,0,F,20,A,A,C,D,A
2501,505.0,0.0,0,0,15,F,20,A,A,C,D,A
2501,506.0,0.0,0,10,5,F,20,A,A,D,D,B
2501,507.0,10.1,0,0,20,F,20,A,A,D,D,B
2501,508.0,19.0,20,5,10,F,20,A,A,D,D,B
2501,509.0,0.0,0,0,0,F,20,A,A,D,D,B
2501,510.0,9.6,35,45,20,F,20,A,A,D,D,C
2501,511.0,7.5,0,25,0,F,20,A,A,D,D,C
2501,512.0,2.6,0,0,0,F,20,A,A,D,D,C
2501,513.0,11.3,0,0,0,F,20,A,A,E,E,C
2501,514.0,8.9,0,15,0,F,20,A,A,E,E,D
2501,515.0,9.9,25,0,0,F,20,A,A,E,E,D
2501,516.0,1.0,0,0,10,F,20,A,A,E,E,D
2501,517.0,3.6,0,0,0,F,20,A,A,E,E,D
2501,518.0,17.7,0,15,30,F,20,A,A,E,E,D
2501,519.0,11.2,60,10,20,F,20,A,A,E,E,D
2501,520.0,22.5,0,5,10,F,20,A,A,E,E,D
2501,521.0,11.3,0,0,0,F,20,A,B,E,E,D
2501,522.0,9.7,0,0,15,F,20,A,B,E,E,D
2501,523.0,1.6,0,0,0,F,20,A,B,E,E,E
2501,524.0,11.8,0,0,0,F,20,A,C,E,F,E
2501,525.0,2.2,80,0,0,M,20,B,F,F,F,F
2501,526.0,7.4,40,5,0,M,20,C,F,F,F,F
2501,527.0,25.2,0,0,0,M,20,C,F,F,F,F
2501,528.0,9.5,20,10,0,M,20,E,F,F,F,G
2501,529.0,9.5,25,0,0,M,20,,,,,
2501,530.0,0.0,0,0,0,M,20,,,,,
2501,531.0,0.0,0,0,0,M,20,,,,,
2501,532.0,0.0,0,0,0,M,20,,,,,
2501,533.0,13.1,0,0,0,M,20,,,,,
2501,534.0,11.3,20,0,0,M,20,,,,,
2501,535.0,3.8,25,30,0,M,20,,,,,
2501,536.0,0.0,0,0,0,M,20,,,,,
2501,537.0,6.0,10,30,0,M,20,,,,,
1402,538.0,11.3,20,0,0,F,20,A,A,A,A,A
1402,539.0,7.5,0,30,0,F,20,A,A,B,A,A
1402,540.0,11.1,0,15,0,F,20,A,A,B,A,A
1402,541.0,15.0,0,0,0,M,20,A,A,D,D,B
1402,542.0,15.0,0,0,0,M,20,A,A,D,D,B
1402,543.0,15.0,0,0,0,M,20,A,A,D,D,B
1402,544.0,15.0,0,0,0,M,20,A,A,D,D,B
1402,545.0,13.8,0,0,0,M,20,A,A,D,D,C
1402,546.0,12.9,0,0,0,M,20,A,B,D,E,C
1402,547.0,15.0,0,0,0,M,20,A,B,D,E,C
1402,548.0,15.0,0,0,0,M,20,A,C,D,E,D
1402,549.0,15.0,0,0,0,M,20,A,D,D,E,D
1402,550.0,16.0,30,20,15,M,20,A,D,E,E,D
1402,551.0,15.0,0,0,0,M,20,A,D,E,E,D
1402,552.0,15.0,0,0,0,M,20,A,D,E,E,E
1402,553.0,8.5,30,0,0,M,20,A,D,E,F,E
1402,554.0,15.0,0,0,0,M,20,A,D,E,F,E
1402,555.0,15.0,0,0,0,M,20,A,D,E,F,E
1402,556.0,15.0,0,0,0,M,20,A,D,E,F,E
1402,557.0,15.0,0,0,0,M,20,B,D,E,F,F
1402,558.0,15.0,0,0,0,M,20,B,D,E,F,F
1502,559.0,3.8,0,0,0,F,20,A,A,B,B,A
1502,560.0,15.0,0,0,0,F,20,A,A,C,B,A
1502,561.0,2.4,10,0,0,F,20,A,A,C,B,B
1502,562.0,15.0,0,0,0,F,20,A,A,C,C,B
1502,563.0,0.6,10,0,10,F,20,A,A,C,C,B
1502,564.0,15.0,0,0,0,F,20,A,A,C,C,B
1502,565.0,15.0,0,0,0,F,20,A,A,C,D,B
1502,566.0,26.4,0,0,0,F,20,A,A,C,D,B
1502,567.0,13.3,0,0,0,F,20,A,A,C,D,B
1502,568.0,5.8,0,30,15,F,20,A,A,C,D,B
1502,569.0,8.9,10,15,0,F,20,A,A,C,D,B
1502,570.0,15.0,0,0,0,F,20,A,A,D,D,B
1502,571.0,12.7,0,0,0,F,20,A,A,D,D,C
1502,572.0,15.0,0,0,0,F,20,A,A,D,D,C
1502,573.0,15.0,0,0,0,F,20,A,A,D,D,C
1502,574.0,7.5,0,35,0,F,20,A,A,D,D,C
1502,575.0,22.6,0,25,0,F,20,A,B,D,D,D
1502,576.0,26.2,0,0,0,F,20,A,B,D,D,D
1502,577.0,15.0,0,0,0,M,20,A,B,D,D,D
1502,578.0,26.9,0,0,0,M,20,A,B,D,D,D
1502,579.0,13.1,30,20,40,M,20,A,B,E,D,D
1502,580.0,13.5,10,0,0,M,20,A,B,E,E,D
1502,581.0,0.0,0,0,0,M,20,A,C,E,E,D
1502,582.0,1.6,5,15,0,M,20,A,D,E,E,D
1502,583.0,0.0,0,0,0,M,20,A,D,E,E,D
1502,584.0,0.0,0,0,0,M,20,A,D,E,E,D
1502,585.0,0.0,0,0,0,M,20,A,D,E,E,D
1502,586.0,0.0,0,0,0,M,20,A,D,E,E,E
1502,587.0,0.0,0,30,0,M,20,A,D,E,F,E
1502,588.0,2.0,30,85,50,M,20,A,D,E,F,E
1502,589.0,26.9,0,0,0,M,20,A,D,E,F,E
1502,590.0,8.1,50,0,0,M,20,A,D,E,F,E
1502,591.0,0.0,0,0,0,M,20,A,D,E,F,E
1502,592.0,5.2,10,20,40,M,20,B,D,F,F,F
1502,593.0,0.0,0,0,0,M,20,,,,,
1502,594.0,0.0,0,0,0,M,20,,,,,
1502,595.0,0.0,0,0,0,M,20,,,,,
1502,596.0,0.0,0,0,0,M,20,,,,,
1502,597.0,0.0,0,0,0,M,20,,,,,
1502,598.0,0.0,0,0,0,M,20,,,,,
1602,599.0,7.5,10,45,0,F,20,A,A,A,B,A
1602,600.0,0.0,25,5,0,F,20,A,A,A,B,A
1602,601.0,22.5,20,10,0,F,20,A,A,A,B,A
1602,602.0,15.0,0,0,0,F,20,A,A,A,B,A
1602,603.0,15.0,0,0,0,F,20,A,A,B,B,A
1602,604.0,15.0,0,0,0,F,20,A,A,B,B,A
1602,605.0,15.0,0,0,0,F,20,A,A,B,B,A
1602,606.0,0.0,0,25,0,F,20,A,A,B,B,A
1602,607.0,5.0,0,0,0,F,20,A,A,B,C,A
1602,608.0,17.1,0,65,0,F,20,A,A,B,C,A
1602,609.0,14.7,0,0,0,F,20,A,A,B,C,A
1602,610.0,15.0,0,0,0,F,20,A,A,B,C,A
1602,611.0,15.0,0,0,0,F,20,A,A,B,C,A
1602,612.0,27.3,0,0,0,F,20,A,A,B,C,A
1602,613.0,6.0,0,0,0,F,20,A,A,C,C,A
1602,614.0,2.0,0,0,20,F,20,A,A,C,C,A
1602,615.0,3.6,5,0,5,F,20,A,A,C,C,A
1602,616.0,3.4,0,0,10,F,20,A,A,C,C,A
1602,617.0,15.0,0,0,0,F,20,A,A,C,C,B
1602,618.0,2.2,10,35,30,F,20,A,A,C,C,B
1602,619.0,15.0,0,0,0,F,20,A,A,C,C,B
1602,620.0,15.0,0,0,0,F,20,A,A,C,C,B
1602,621.0,22.8,20,0,10,F,20,A,A,C,D,B
1602,622.0,27.1,0,0,0,F,20,A,A,C,D,B
1602,623.0,15.5,10,0,0,F,20,A,A,C,D,B
1602,624.0,16.0,0,0,0,F,20,A,A,C,D,B
1602,625.0,15.0,0,0,0,F,20,A,A,C,D,B
1602,626.0,15.0,0,0,0,F,20,A,A,C,D,B
1602,627.0,15.0,0,0,0,F,20,A,A,C,D,B
1602,628.0,22.5,30,0,0,F,20,A,A,C,D,B
1602,629.0,15.0,10,0,0,F,20,A,A,C,D,B
1602,630.0,12.5,0,10,0,F,20,A,A,C,D,B
1602,631.0,1.0,0,0,0,F,20,A,A,C,D,B
1602,632.0,23.8,0,25,0,F,20,A,A,C,D,B
1602,633.0,0.0,20,15,0,F,20,A,A,C,D,B
1602,634.0,7.5,25,15,20,F,20,A,A,D,D,B
1602,635.0,15.0,0,0,0,F,20,A,A,D,D,C
1602,636.0,15.0,0,0,0,F,20,A,A,D,D,C
1602,637.0,15.0,0,0,0,F,20,A,A,D,D,C
1602,638.0,16.0,0,0,0,F,20,A,A,D,D,C
1602,639.0,15.0,0,0,0,F,20,A,A,D,D,C
1602,640.0,15.0,0,0,0,F,20,A,A,D,D,C
1602,641.0,15.0,0,0,0,F,20,A,A,D,D,C
1602,642.0,18.0,0,70,0,F,20,A,A,D,E,C
1602,643.0,28.4,0,0,0,F,20,A,A,D,E,C
1602,644.0,14.9,0,0,0,F,20,A,A,D,E,C
1602,645.0,15.0,0,0,0,F,20,A,A,D,E,C
1602,646.0,4.8,80,0,5,F,20,A,A,D,E,D
1602,647.0,28.5,0,0,0,F,20,A,A,D,E,D
1602,648.0,15.0,0,0,0,F,20,A,A,D,E,D
1602,649.0,13.7,10,15,0,F,20,A,A,D,E,D
1602,650.0,1.6,0,0,0,F,20,A,A,D,E,D
1602,651.0,9.9,35,15,0,F,20,A,B,E,E,D
1602,652.0,15.0,0,0,0,F,20,A,B,E,E,D
1602,653.0,6.4,10,0,0,F,20,A,B,E,E,D
1602,654.0,15.0,0,0,0,F,20,A,B,E,E,D
1602,655.0,12.9,15,0,15,F,20,A,B,E,E,D
1602,656.0,10.3,0,30,0,F,20,A,B,E,E,E
1602,657.0,15.0,0,0,0,F,20,A,B,E,E,E
1602,658.0,15.0,0,0,0,F,20,A,B,E,E,E
1602,659.0,15.0,0,0,0,F,20,A,B,E,E,E
1602,660.0,15.0,0,0,0,M,20,A,B,E,E,E
1602,661.0,15.0,0,0,0,M,20,A,B,E,E,E
1602,662.0,4.8,10,45,100,M,20,A,B,E,E,E
1602,663.0,15.0,0,0,0,M,20,A,B,E,E,E
1602,664.0,15.0,0,0,0,M,20,A,B,E,E,E
1602,665.0,15.0,0,0,0,M,20,A,C,E,E,E
1602,666.0,1.6,0,0,10,M,20,A,D,E,E,E
1602,667.0,18.1,0,0,0,M,20,A,D,E,E,E
1602,668.0,0.0,0,45,0,M,20,A,D,E,E,E
1602,669.0,7.5,0,0,0,M,20,A,D,E,E,E
1602,670.0,6.4,0,0,0,M,20,A,D,E,E,E
1602,671.0,2.0,0,0,0,M,20,A,D,E,E,E
1602,672.0,4.4,0,0,0,M,20,A,D,E,E,E
1602,673.0,12.1,0,10,15,M,20,A,D,E,E,E
1602,674.0,0.0,50,0,0,M,20,A,D,E,E,E
1602,675.0,2.0,0,0,0,M,20,A,D,E,E,E
1602,676.0,2.0,0,0,0,M,20,A,D,E,E,E
1602,677.0,15.0,0,10,0,M,20,A,D,E,E,E
1602,678.0,2.0,0,0,0,M,20,A,D,E,E,E
1602,679.0,28.9,0,0,0,M,20,A,D,E,E,E
1602,680.0,9.7,0,35,0,M,20,A,D,E,E,E
1602,681.0,18.0,0,0,0,M,20,A,D,E,E,E
1602,682.0,8.2,0,0,0,M,20,A,D,E,E,E
1602,683.0,21.2,35,5,10,M,20,A,D,E,E,E
1602,684.0,2.0,0,0,0,M,20,A,D,E,E,E
1602,685.0,15.0,0,0,10,M,20,A,D,E,E,E
1602,686.0,17.8,0,0,0,M,20,A,D,E,E,E
1602,687.0,17.0,0,0,0,M,20,A,D,E,E,E
1602,688.0,17.0,0,0,0,M,20,A,D,E,E,F
1602,689.0,3.6,0,0,0,M,20,A,D,E,E,F
1602,690.0,2.4,0,0,0,M,20,A,D,E,E,F
1602,691.0,0.0,0,15,0,M,20,A,D,E,E,F
1602,692.0,11.9,25,0,0,M,20,A,D,E,F,F
1602,693.0,14.1,25,75,0,M,20,A,D,E,F,F
1602,694.0,13.5,10,5,15,M,20,A,D,E,F,F
1602,695.0,2.6,0,30,0,M,20,A,D,E,F,F
1602,696.0,16.5,10,0,0,M,20,A,D,E,F,F
1602,697.0,3.8,0,0,0,M,20,A,D,F,F,F
1602,698.0,10.2,40,65,20,M,20,A,D,F,F,F
1602,699.0,1.0,35,5,0,M,20,A,D,F,F,F
1602,700.0,13.5,0,30,0,M,20,A,D,F,F,F
1602,701.0,7.5,10,45,20,M,20,A,D,F,F,F
1602,702.0,7.5,0,0,0,M,20,A,D,F,F,F
1602,703.0,7.5,0,0,0,M,20,A,D,F,F,F
1602,704.0,7.5,0,0,0,M,20,A,D,F,F,F
1602,705.0,7.5,0,0,0,M,20,A,D,F,F,F
1602,706.0,7.5,0,0,0,M,20,A,D,F,F,F
1602,707.0,7.5,0,0,0,M,20,A,D,F,F,F
1602,708.0,7.5,0,0,0,M,20,B,D,F,F,F
1602,709.0,7.5,0,0,0,M,20,E,F,F,F,G
1602,710.0,7.5,0,0,0,M,20,E,F,F,F,G
1602,711.0,7.5,0,0,0,M,20,,,,,
1602,712.0,7.5,0,0,0,M,20,,,,,
1602,713.0,0.0,50,0,0,M,20,,,,,
1602,714.0,7.5,0,0,0,M,20,,,,,
1602,715.0,7.5,0,0,0,M,20,,,,,
1602,716.0,7.5,0,0,0,M,20,,,,,
1602,717.0,7.5,0,0,0,M,20,,,,,
1602,718.0,7.5,0,0,0,M,20,,,,,
1602,719.0,8.5,10,40,0,M,20,,,,,
1602,720.0,7.5,0,0,0,M,20,,,,,
1602,721.0,7.5,0,0,0,M,20,,,,,
1602,722.0,7.5,0,0,0,M,20,,,,,
1602,723.0,7.5,0,0,0,M,20,,,,,
1602,724.0,7.5,0,0,0,M,20,,,,,
1602,725.0,7.5,0,0,0,M,20,,,,,
1602,726.0,7.5,0,0,0,M,20,,,,,
1602,727.0,7.5,0,0,0,M,20,,,,,
1602,728.0,7.5,0,0,0,M,20,,,,,
1602,729.0,11.8,40,0,5,M,20,,,,,
702,730.0,7.5,0,0,0,F,20,A,A,B,B,A
702,731.0,0.0,0,20,0,F,20,A,A,B,C,A
702,732.0,12.9,0,20,0,F,20,A,A,B,C,A
702,733.0,7.5,0,0,0,F,20,A,A,C,C,A
702,734.0,7.5,0,0,0,F,20,A,A,C,D,B
702,735.0,4.0,0,0,0,M,20,A,A,D,D,B
702,736.0,7.5,0,0,0,M,20,A,A,D,D,B
702,737.0,7.5,0,0,0,M,20,A,A,D,D,C
702,738.0,7.5,0,0,0,M,20,A,A,D,D,C
702,739.0,7.5,0,0,0,M,20,A,B,D,D,C
702,740.0,7.5,0,0,0,M,20,A,B,D,D,C
702,741.0,0.0,10,10,0,M,20,,,,,
904,742.0,7.5,0,0,0,F,20,A,A,A,A,A
904,743.0,7.5,0,0,0,F,20,A,A,A,B,A
904,744.0,7.5,0,0,0,F,20,A,A,A,B,A
904,745.0,7.5,0,0,0,F,20,A,A,B,B,A
904,746.0,7.5,0,0,0,F,20,A,A,B,B,A
904,747.0,4.4,10,0,10,F,20,A,A,B,B,A
904,748.0,7.5,0,0,0,F,20,A,A,B,B,A
904,749.0,4.0,0,25,0,F,20,A,A,C,D,B
904,750.0,16.7,20,0,0,F,20,A,B,C,D,B
904,751.0,27.1,20,0,0,F,20,A,B,C,D,B
904,752.0,17.8,0,0,0,F,20,A,B,D,D,B
904,753.0,29.9,0,0,0,F,20,A,B,D,D,B
904,754.0,17.2,0,0,10,F,20,A,B,D,D,B
904,755.0,8.0,25,30,0,F,20,A,B,D,D,C
904,756.0,7.5,0,50,100,F,20,A,B,D,D,C
904,757.0,14.5,0,20,0,F,20,A,B,D,D,C
904,758.0,26.5,0,25,0,F,20,A,B,D,D,C
904,759.0,16.5,0,0,0,F,20,A,C,D,D,C
904,760.0,18.6,0,0,0,F,20,A,D,D,D,C
904,761.0,1.0,0,15,0,F,20,A,D,D,D,C
904,762.0,23.4,0,45,0,F,20,A,D,D,D,C
904,763.0,19.0,0,0,0,F,20,A,D,D,D,C
904,764.0,15.3,0,10,0,F,20,A,D,D,D,D
904,765.0,2.0,15,5,20,F,20,A,D,D,D,D
904,766.0,30.4,0,0,0,F,20,A,D,E,D,D
904,767.0,18.1,0,0,0,F,20,A,D,E,D,D
904,768.0,2.0,0,0,20,F,20,A,D,E,D,D
904,769.0,18.9,0,0,0,F,20,A,D,E,E,D
904,770.0,10.1,0,0,0,F,20,A,D,E,E,D
904,771.0,6.8,0,10,0,F,20,A,D,E,E,E
904,772.0,17.0,0,0,0,F,20,A,D,E,E,E
904,773.0,3.6,0,0,0,F,20,A,D,E,E,E
904,774.0,6.0,0,0,0,F,20,A,D,E,E,E
904,775.0,15.1,0,25,0,F,20,B,D,E,E,E
904,776.0,3.6,0,0,0,F,20,B,D,E,E,E
904,777.0,19.1,0,0,0,F,20,B,D,E,E,E
904,778.0,11.1,20,25,10,F,20,B,D,E,E,E
904,779.0,19.4,0,0,0,F,20,B,D,E,E,E
904,780.0,15.8,45,45,10,F,20,B,D,F,E,E
904,781.0,17.2,0,0,0,F,20,B,D,F,F,E
904,782.0,8.5,0,0,0,F,20,B,D,F,F,E
904,783.0,12.3,30,10,0,F,20,B,D,F,F,F
904,784.0,7.5,0,0,0,F,20,B,D,F,F,F
904,785.0,6.6,0,0,0,F,20,C,E,F,F,F
904,786.0,3.6,0,0,10,M,20,E,F,F,F,F
904,787.0,7.6,0,0,0,M,20,E,F,F,F,F
904,788.0,13.5,40,45,30,M,20,E,F,F,F,F
904,789.0,7.5,0,0,0,M,20,,,,,
904,790.0,14.9,0,0,15,M,20,,,,,
904,791.0,6.4,0,0,0,M,20,,,,,
904,792.0,0.0,10,10,50,M,20,,,,,
904,793.0,15.0,0,15,15,M,20,,,,,
904,794.0,7.5,0,0,5,M,20,,,,,
904,795.0,8.5,0,0,0,M,20,,,,,
904,796.0,2.6,10,0,0,M,20,,,,,
904,797.0,0.0,0,0,0,M,20,,,,,
904,798.0,15.0,20,0,0,M,20,,,,,
904,799.0,7.5,20,30,30,M,20,,,,,
904,800.0,15.9,10,15,0,M,20,,,,,
904,801.0,17.4,0,0,0,M,20,,,,,
904,802.0,1.0,35,5,10,M,20,,,,,
904,803.0,7.6,0,0,0,M,20,,,,,
904,804.0,7.5,0,0,10,M,20,,,,,
904,805.0,14.7,0,20,0,M,20,,,,,
904,806.0,11.9,25,15,15,M,20,,,,,
904,807.0,12.1,0,35,0,M,20,,,,,
904,808.0,4.0,0,20,0,M,20,,,,,
904,809.0,7.5,10,0,0,M,20,,,,,
904,810.0,7.5,10,0,0,M,20,,,,,
904,811.0,7.5,0,0,10,M,20,,,,,
904,812.0,12.1,25,25,0,M,20,,,,,
904,813.0,7.5,0,0,10,M,20,,,,,
2001,814.0,9.1,0,0,0,F,20,A,A,A,A,A
2001,815.0,18.0,0,0,0,F,20,A,A,B,C,B
2001,816.0,14.5,20,0,20,F,20,A,A,B,C,B
2001,817.0,14.1,0,25,0,F,20,A,A,C,C,B
2001,818.0,30.0,10,0,0,F,20,A,A,C,C,B
2001,819.0,21.6,55,0,10,F,20,A,A,C,C,B
2001,820.0,1.0,0,25,0,F,20,A,B,C,C,B
2001,821.0,7.5,0,0,0,F,20,A,D,D,D,C
2001,822.0,7.5,0,0,0,F,20,A,D,D,D,C
2001,823.0,20.6,0,0,0,F,20,A,D,D,D,C
2001,824.0,0.0,20,45,0,F,20,A,D,D,D,D
2001,825.0,19.8,0,0,0,F,20,A,D,D,D,D
2001,826.0,7.5,0,0,0,F,20,A,D,D,D,D
2001,827.0,11.1,0,20,30,F,20,A,D,D,D,D
2001,828.0,7.5,0,0,0,F,20,A,D,D,D,D
2001,829.0,19.8,0,0,0,F,20,A,D,D,D,D
2001,830.0,7.5,0,0,0,F,20,A,D,D,D,E
2001,831.0,7.5,0,0,0,F,20,A,D,D,E,E
2001,832.0,10.5,30,15,20,F,20,A,D,D,E,E
2001,833.0,9.5,0,60,0,F,20,A,D,D,E,E
2001,834.0,7.5,0,0,0,F,20,A,D,D,E,E
2001,835.0,16.2,55,0,50,F,20,A,D,D,E,E
2001,836.0,7.8,0,0,0,F,20,A,D,E,E,E
2001,837.0,7.5,0,0,0,F,20,B,D,E,E,E
2001,838.0,7.5,0,0,0,F,20,B,D,E,E,E
2001,839.0,19.5,0,0,0,F,20,B,D,E,E,E
2001,840.0,0.0,0,10,0,F,20,B,D,E,E,E
2001,841.0,9.7,0,0,0,F,20,B,D,E,E,E
2001,842.0,0.0,0,45,20,F,20,B,D,E,E,E
2001,843.0,7.5,0,0,0,M,20,B,D,E,F,F
2001,844.0,7.5,0,0,0,M,20,B,D,E,F,F
2001,845.0,7.5,0,0,0,M,20,B,D,F,F,F
2001,846.0,7.5,0,0,0,M,20,B,D,F,F,F
2001,847.0,0.0,0,0,0,M,20,B,D,F,F,F
2001,848.0,0.0,0,0,0,M,20,B,D,F,F,F
2001,849.0,0.0,0,0,0,M,20,B,D,F,F,F
2001,850.0,15.0,0,20,20,M,20,B,F,F,F,G
2001,851.0,0.0,0,0,0,M,20,,,,,
2001,852.0,8.2,0,0,10,M,20,,,,,
2001,853.0,11.0,60,60,20,M,20,,,,,
2001,854.0,15.4,0,20,0,M,20,,,,,
2001,855.0,7.5,0,0,0,M,20,,,,,
2001,856.0,7.5,0,0,0,M,20,,,,,
2001,857.0,0.0,0,35,0,M,20,,,,,
2001,858.0,7.5,0,0,0,M,20,,,,,
2001,859.0,20.9,0,0,0,M,20,,,,,
2001,860.0,21.0,0,0,0,M,20,,,,,
2001,861.0,7.5,0,0,0,M,20,,,,,
2001,862.0,7.5,0,0,0,M,20,,,,,
702,863.0,7.5,0,0,0,F,20,A,A,A,A,A
702,864.0,18.9,0,0,0,F,20,A,A,A,A,A
702,865.0,7.5,0,0,0,F,20,A,A,A,A,A
702,866.0,7.5,0,0,0,F,20,A,A,A,B,A
702,867.0,28.2,25,0,0,F,20,A,A,A,B,A
702,868.0,7.5,0,0,0,F,20,A,A,A,B,A
702,869.0,0.0,0,0,0,F,20,A,A,B,B,A
702,870.0,31.9,0,0,0,F,20,A,A,B,B,A
702,871.0,5.2,0,0,0,F,20,A,A,B,B,A
702,872.0,7.5,0,0,0,F,20,A,A,B,B,A
702,873.0,11.5,0,45,0,F,20,A,A,B,B,A
702,874.0,7.5,0,0,0,F,20,A,A,B,B,A
702,875.0,7.5,0,0,0,F,20,A,A,B,B,A
702,876.0,18.0,0,0,20,F,20,A,A,B,B,A
702,877.0,11.7,15,15,30,F,20,A,A,B,B,A
702,878.0,3.0,0,35,10,F,20,A,A,B,B,A
702,879.0,12.9,25,0,30,F,20,A,B,B,B,A
702,880.0,7.5,0,0,0,F,20,A,B,B,B,A
702,881.0,10.1,0,0,0,F,20,A,B,B,B,A
702,882.0,20.3,50,0,30,F,20,A,B,B,B,A
702,883.0,20.0,0,0,0,F,20,A,B,B,B,A
702,884.0,8.5,0,20,50,F,20,A,B,B,B,A
702,885.0,14.5,50,0,0,F,20,A,B,B,B,A
702,886.0,19.4,0,0,0,F,20,A,B,B,B,A
702,887.0,18.8,0,0,0,F,20,A,B,B,B,A
702,888.0,10.1,0,0,0,F,20,A,B,B,B,A
702,889.0,20.0,0,0,0,F,20,A,B,B,B,A
702,890.0,8.0,0,0,0,F,20,A,B,B,B,A
702,891.0,2.6,0,45,5,F,20,A,B,B,B,A
702,892.0,10.1,0,0,0,F,20,A,B,B,B,A
702,893.0,7.6,50,40,0,F,20,A,B,B,B,A
702,894.0,10.7,50,0,20,F,20,A,B,B,B,A
702,895.0,3.4,25,0,0,F,20,A,B,B,B,A
702,896.0,10.1,0,0,0,F,20,A,D,B,C,A
702,897.0,9.9,50,0,15,F,20,A,D,B,C,A
702,898.0,3.4,0,15,0,F,20,A,D,B,C,A
702,899.0,7.5,25,0,0,F,20,A,D,B,C,A
702,900.0,20.2,0,0,0,F,20,A,D,B,C,A
702,901.0,10.1,0,0,0,F,20,A,D,B,C,A
702,902.0,18.6,0,10,0,F,20,A,D,C,C,A
702,903.0,10.1,0,0,0,M,20,A,D,C,C,A
702,904.0,11.8,0,45,0,M,20,A,D,C,C,A
702,905.0,23.2,15,45,0,M,20,A,D,C,C,A
702,906.0,4.0,50,0,0,M,20,A,D,C,C,A
702,907.0,8.5,0,0,15,M,20,A,D,C,C,A
702,908.0,19.8,0,0,0,M,20,A,D,C,C,B
702,909.0,8.5,0,0,0,M,20,A,D,C,C,B
702,910.0,8.5,0,0,0,M,20,A,D,C,C,B
702,911.0,32.9,0,0,0,M,20,A,D,C,C,B
702,912.0,8.5,0,0,0,M,20,A,D,C,C,B
702,913.0,2.0,0,0,0,M,20,A,D,C,C,B
702,914.0,21.2,0,0,0,M,20,A,D,C,C,B
702,915.0,11.5,0,0,0,M,20,A,D,C,C,B
702,916.0,11.8,0,35,15,M,20,A,D,C,D,B
702,917.0,8.5,0,0,0,M,20,A,D,D,D,B
702,918.0,20.6,0,0,0,M,20,A,D,D,D,B
702,919.0,20.0,0,0,0,M,20,A,D,D,D,B
702,920.0,8.5,0,0,0,M,20,A,D,D,D,B
702,921.0,9.5,5,0,0,M,20,A,D,D,D,B
702,922.0,7.5,20,0,0,M,20,A,D,D,D,B
702,923.0,9.5,0,0,5,M,20,A,D,D,D,B
702,924.0,19.4,0,0,0,M,20,A,D,D,D,B
702,925.0,3.0,15,0,35,M,20,A,D,D,D,B
702,926.0,1.0,0,0,0,M,20,A,D,D,D,B
702,927.0,17.6,0,20,0,M,20,A,D,D,D,B
702,928.0,29.7,20,0,0,M,20,A,D,D,D,B
702,929.0,14.9,0,30,0,M,20,A,D,D,D,B
702,930.0,6.2,55,15,35,M,31,A,D,D,D,B
2402,931.0,0.0,0,0,0,F,20,A,D,D,D,B
2402,932.0,7.5,0,0,0,F,20,A,D,D,D,B
2402,933.0,0.0,0,0,0,F,20,A,D,D,D,B
2402,934.0,12.9,0,40,20,M,20,A,D,D,D,B
2402,935.0,2.0,0,25,35,M,20,A,D,D,D,B
2402,936.0,0.0,0,0,0,M,20,A,D,D,D,C
2402,937.0,0.0,0,0,0,M,20,A,D,D,D,C
2402,938.0,0.0,0,0,0,M,20,A,D,D,D,C
2402,939.0,7.5,0,0,0,M,20,A,D,D,D,C
2402,940.0,7.5,0,0,0,M,20,A,D,D,D,C
2402,941.0,29.7,0,25,0,M,20,A,D,D,D,C
2402,942.0,0.0,0,0,0,M,20,A,D,E,D,D
2402,943.0,0.0,0,0,0,M,20,A,D,E,E,D
2402,944.0,7.5,0,0,0,M,20,A,D,E,E,D
2402,945.0,10.9,60,15,0,M,20,A,D,E,E,D
2402,946.0,33.3,0,0,0,M,20,A,D,E,E,D
2402,947.0,9.9,0,0,0,M,20,B,D,E,F,D
2402,948.0,16.5,0,30,0,M,20,B,F,E,F,D
2402,949.0,0.0,0,0,0,M,20,C,F,F,F,E
2402,950.0,0.0,0,0,0,M,20,C,F,F,F,E
2402,951.0,11.9,0,0,0,M,20,E,F,F,F,F
2402,952.0,0.0,0,0,0,M,20,,,,,
2402,953.0,22.5,0,0,0,M,20,,,,,
2402,954.0,0.0,0,0,0,M,20,,,,,
2402,955.0,0.0,0,0,0,M,20,,,,,
2402,956.0,0.0,0,0,0,M,20,,,,,
2402,957.0,7.5,0,0,0,M,20,,,,,
2402,958.0,0.0,0,0,0,M,20,,,,,
2402,959.0,7.5,0,0,0,M,20,,,,,
2402,960.0,0.0,0,0,0,M,20,,,,,
2402,961.0,23.4,30,0,35,M,20,,,,,
2402,962.0,7.5,0,0,0,M,20,,,,,
2402,963.0,9.5,10,0,0,M,20,,,,,
2402,964.0,0.0,0,0,0,M,20,,,,,
2402,965.0,0.0,0,0,0,M,20,,,,,
2402,966.0,0.0,0,0,0,M,20,,,,,
2402,967.0,0.0,0,0,0,M,20,,,,,
2402,968.0,0.0,0,0,0,M,20,,,,,
2402,969.0,0.0,0,0,0,M,20,,,,,
2402,970.0,0.0,0,0,0,M,20,,,,,
2402,971.0,0.0,0,0,0,M,20,,,,,
2402,972.0,0.0,0,0,0,M,20,,,,,
2001,973.0,0.0,0,0,0,F,20,A,A,A,A,A
2001,974.0,0.0,0,0,0,F,20,A,A,A,A,A
2001,975.0,0.0,0,0,0,F,20,A,A,A,A,A
2001,976.0,0.0,0,0,0,F,20,A,A,A,A,A
2001,977.0,7.5,0,25,0,F,20,A,A,A,B,A
2001,978.0,0.0,0,0,0,F,20,A,A,A,B,A
2001,979.0,0.0,0,0,0,F,20,A,A,A,B,A
2001,980.0,11.1,0,0,0,F,20,A,A,A,B,A
2001,981.0,9.5,10,0,0,F,20,A,A,A,B,A
2001,982.0,0.0,0,0,0,F,20,A,A,A,B,A
2001,983.0,0.0,0,45,0,F,20,A,A,A,B,A
2001,984.0,22.5,0,0,0,F,20,A,A,A,B,A
2001,985.0,0.0,0,45,0,F,20,A,A,B,B,A
2001,986.0,21.2,0,0,0,F,20,A,A,B,B,A
2001,987.0,2.4,25,25,10,F,20,A,B,B,B,A
2001,988.0,21.4,0,0,0,F,20,A,B,B,B,A
2001,989.0,22.5,0,0,0,F,20,A,B,B,B,A
2001,990.0,21.0,50,15,20,F,20,A,B,B,B,A
2001,991.0,15.3,50,0,0,F,20,A,B,B,B,A
2001,992.0,22.5,0,0,0,F,20,A,B,B,B,A
2001,993.0,33.6,0,0,0,F,20,A,B,B,B,A
2001,994.0,6.8,0,0,0,F,20,A,B,B,B,A
2001,995.0,9.1,0,0,0,F,20,A,B,B,B,A
2001,996.0,22.5,0,0,0,F,20,A,D,B,B,A
2001,997.0,22.5,0,0,0,F,20,A,D,B,B,A
2001,998.0,6.8,0,0,0,F,20,A,D,B,B,A
2001,999.0,10.1,10,55,0,F,20,A,D,B,C,A
2001,1000.0,16.0,15,20,10,F,20,A,D,B,C,A
2001,1001.0,11.5,0,0,0,F,20,A,D,B,C,A
2001,1002.0,22.4,0,0,0,F,20,A,D,B,C,A
2001,1003.0,7.5,50,45,5,F,20,A,D,B,C,A
2001,1004.0,9.9,10,0,0,F,20,A,D,B,C,A
2001,1005.0,30.6,0,20,0,F,20,A,D,B,C,A
2001,1006.0,1.4,0,35,0,F,20,A,D,B,C,A
2001,1007.0,19.0,0,15,0,F,20,A,D,B,C,A
2001,1008.0,12.1,0,0,0,F,20,A,D,B,D,A
2001,1009.0,4.6,10,35,0,F,20,A,D,B,D,A
2001,1010.0,22.5,0,0,0,F,20,A,D,B,D,A
2001,1011.0,22.5,0,0,0,F,20,A,D,B,D,A
2001,1012.0,22.5,0,0,0,F,20,A,D,B,D,A
2001,1013.0,22.5,0,0,0,F,20,A,D,B,D,A
2001,1014.0,22.5,0,0,0,F,20,A,D,C,D,A
2001,1015.0,22.5,0,0,0,F,20,A,D,C,D,B
2001,1016.0,22.5,0,0,0,F,20,A,D,C,D,B
2001,1017.0,11.2,0,0,0,F,20,A,D,C,D,B
2001,1018.0,2.4,0,0,30,F,20,A,D,C,D,B
2001,1019.0,22.5,0,0,0,F,20,A,D,C,D,B
2001,1020.0,22.5,0,0,0,F,20,A,D,C,D,B
2001,1021.0,22.5,0,0,0,F,20,A,D,D,D,B
2001,1022.0,5.8,25,0,10,F,20,A,D,D,D,B
2001,1023.0,15.1,20,0,30,F,20,A,D,D,D,B
2001,1024.0,7.0,20,0,10,F,20,A,D,D,D,B
2001,1025.0,0.0,0,45,0,F,20,A,D,D,D,B
2001,1026.0,10.1,0,10,0,F,20,A,D,D,D,B
2001,1027.0,15.1,0,0,0,F,20,A,D,D,D,B
2001,1028.0,2.6,40,75,20,F,20,A,D,D,D,B
2001,1029.0,23.0,0,0,0,F,20,A,D,D,D,B
2001,1030.0,2.0,40,15,10,F,20,A,D,D,D,B
2001,1031.0,9.5,0,0,0,F,20,A,D,D,D,B
2001,1032.0,20.4,0,0,0,F,20,A,D,D,D,B
2001,1033.0,2.0,10,0,0,F,20,B,D,D,D,B
2001,1034.0,22.5,0,0,0,F,20,B,D,D,D,B
2001,1035.0,25.0,0,0,60,F,20,B,D,D,D,B
2001,1036.0,30.8,10,10,0,F,20,B,D,D,D,B
2001,1037.0,9.5,0,0,0,F,20,B,D,D,D,B
2001,1038.0,15.0,0,50,0,F,20,B,D,D,D,B
2001,1039.0,23.2,0,0,0,F,20,B,D,D,D,C
2001,1040.0,17.6,0,20,0,F,20,B,D,D,E,C
2001,1041.0,16.0,10,0,25,F,20,B,D,D,E,C
2001,1042.0,21.6,0,0,0,F,20,B,D,D,E,C
2001,1043.0,15.0,45,0,0,F,20,C,D,D,E,D
2001,1044.0,7.2,0,0,0,F,20,C,D,E,E,D
2001,1045.0,33.8,0,0,0,F,20,C,F,E,E,D
2001,1046.0,17.0,0,40,0,F,20,E,F,E,F,D
2001,1047.0,20.4,0,0,0,F,20,E,F,E,F,E
2001,1048.0,4.4,10,10,30,F,20,,,,,
2001,1049.0,8.6,10,0,10,F,20,,,,,
2001,1050.0,10.8,0,0,0,F,20,,,,,
2001,1051.0,2.6,30,0,0,F,20,,,,,
2001,1052.0,14.3,80,20,30,F,20,,,,,
2001,1053.0,20.4,0,0,0,F,20,,,,,
2001,1054.0,9.5,0,0,0,F,20,,,,,
2001,1055.0,18.0,0,0,15,F,20,,,,,
2001,1056.0,22.5,0,0,0,M,20,,,,,
2001,1057.0,3.2,0,50,0,M,20,,,,,
2001,1058.0,22.4,0,0,0,M,20,,,,,
2001,1059.0,18.8,20,40,40,M,20,,,,,
2001,1060.0,11.9,0,0,0,M,20,,,,,
4004,1061.0,7.5,0,0,0,F,20,A,A,A,A,A
4004,1062.0,7.5,30,0,0,F,20,A,A,A,B,A
4004,1063.0,7.5,0,0,0,F,20,A,A,A,B,A
4004,1064.0,0.0,0,5,5,F,20,A,A,A,B,A
4004,1065.0,19.6,0,0,25,F,20,A,A,A,B,A
4004,1066.0,7.5,0,0,0,F,20,A,A,B,B,A
4004,1067.0,7.5,0,0,0,F,20,A,A,B,B,A
4004,1068.0,7.5,0,0,0,F,20,A,A,B,B,A
4004,1069.0,7.5,0,0,0,F,20,A,A,B,B,A
4004,1070.0,7.5,0,20,10,F,20,A,A,B,B,B
4004,1071.0,12.1,0,0,0,F,20,A,A,B,B,B
4004,1072.0,17.4,40,0,0,F,20,A,A,B,C,B
4004,1073.0,7.5,0,0,0,M,20,A,A,B,C,B
4004,1074.0,22.2,0,0,0,M,20,A,A,B,C,B
4004,1075.0,10.0,0,0,0,M,20,A,A,B,C,B
4004,1076.0,7.5,20,10,0,M,20,A,A,B,C,B
4004,1077.0,7.5,0,0,0,M,20,A,A,B,C,B
4004,1078.0,7.5,0,0,0,M,20,A,A,C,C,B
4004,1079.0,7.5,0,0,0,M,20,A,A,C,C,B
4004,1080.0,10.1,0,0,0,M,20,A,A,C,C,B
4004,1081.0,10.0,0,0,0,M,20,A,A,C,C,B
4004,1082.0,0.0,0,0,10,M,20,A,A,C,C,B
4004,1083.0,7.5,0,25,0,M,20,A,A,C,C,C
4004,1084.0,0.0,0,0,10,M,20,A,A,C,C,C
4004,1085.0,9.5,0,5,0,M,20,A,A,C,D,C
4004,1086.0,7.5,0,0,0,M,20,A,B,C,D,C
4004,1087.0,7.5,0,0,0,M,20,A,B,C,D,C
4004,1088.0,7.5,0,0,0,M,20,A,B,D,D,C
4004,1089.0,1.0,0,0,0,M,20,A,B,D,D,C
4004,1090.0,10.1,0,0,0,M,20,A,B,D,D,C
4004,1091.0,7.5,0,0,0,M,20,A,B,D,D,C
4004,1092.0,7.5,0,0,0,M,20,A,B,D,D,C
4004,1093.0,7.5,0,0,0,M,20,A,B,D,D,C
4004,1094.0,7.5,0,0,0,M,20,A,B,D,D,D
4004,1095.0,7.5,0,0,0,M,20,A,C,D,D,D
4004,1096.0,7.5,0,0,0,M,20,A,C,D,D,D
4004,1097.0,22.5,0,5,0,M,20,A,D,D,D,D
4004,1098.0,7.5,0,0,0,M,20,A,D,D,D,D
4004,1099.0,7.5,0,0,0,M,20,A,D,D,D,D
4004,1100.0,21.9,0,0,0,M,20,A,D,D,D,D
4004,1101.0,7.5,0,0,0,M,20,A,D,D,D,D
4004,1102.0,7.5,0,0,0,M,20,A,D,D,D,D
4004,1103.0,7.5,0,0,0,M,20,A,D,D,D,D
4004,1104.0,7.5,0,0,0,M,20,A,D,D,D,D
4004,1105.0,8.4,30,60,10,M,20,A,D,D,D,D
4004,1106.0,29.1,0,25,10,M,20,A,D,D,D,D
4004,1107.0,7.5,0,0,0,M,20,A,D,D,D,D
4004,1108.0,0.0,0,0,10,M,20,A,D,D,D,D
4004,1109.0,0.0,0,0,10,M,20,A,D,D,D,D
4004,1110.0,7.5,0,0,0,M,20,A,D,D,D,D
4004,1111.0,7.5,0,0,0,M,20,A,D,D,D,E
4004,1112.0,7.5,0,0,0,M,20,A,D,D,D,E
4004,1113.0,7.5,0,0,0,M,20,A,D,D,D,E
4004,1114.0,7.5,0,0,0,M,20,A,D,D,D,E
4004,1115.0,7.8,0,0,0,M,20,A,D,D,D,E
4004,1116.0,7.5,0,0,0,M,20,A,D,D,E,E
4004,1117.0,7.5,0,0,0,M,20,A,D,D,E,E
4004,1118.0,7.5,0,0,0,M,20,A,D,D,E,E
4004,1119.0,7.5,0,0,0,M,20,A,D,D,E,E
4004,1120.0,10.5,0,65,20,M,20,A,D,D,E,E
4004,1121.0,7.5,0,0,0,M,20,A,D,D,E,E
4004,1122.0,7.5,0,0,0,M,20,A,D,D,E,E
4004,1123.0,7.5,0,0,0,M,20,A,D,D,E,E
4004,1124.0,7.4,30,45,15,M,20,A,D,E,E,E
4004,1125.0,7.5,0,0,0,M,20,A,D,E,E,E
4004,1126.0,7.5,0,0,0,M,20,A,D,E,E,E
4004,1127.0,16.3,0,30,0,M,20,A,D,E,E,E
4004,1128.0,1.0,0,0,0,M,20,A,D,E,E,E
4004,1129.0,7.5,0,0,0,M,20,A,D,E,E,E
4004,1130.0,7.5,0,0,0,M,20,A,D,E,E,E
4004,1131.0,7.5,0,0,0,M,20,A,D,E,E,E
4004,1132.0,7.5,0,0,0,M,20,A,D,E,E,E
4004,1133.0,7.5,0,0,0,M,20,A,D,E,E,E
4004,1134.0,7.5,0,0,0,M,20,A,D,E,F,E
4004,1135.0,7.5,0,0,0,M,20,A,D,E,F,F
4004,1136.0,7.5,0,0,0,M,20,A,D,E,F,F
4004,1137.0,6.0,0,10,0,M,20,A,D,E,F,F
4004,1138.0,7.5,0,0,0,M,20,A,D,E,F,F
4004,1139.0,8.2,60,20,20,M,20,A,D,E,F,F
4004,1140.0,7.5,0,0,0,M,20,B,F,E,F,F
4004,1141.0,21.0,0,0,0,M,20,B,F,F,F,F
4004,1142.0,7.5,0,0,0,M,20,B,F,F,F,F
4004,1143.0,7.5,0,0,0,M,20,B,F,F,F,F
4004,1144.0,7.5,0,0,0,M,20,C,F,F,F,F
4004,1145.0,7.5,0,0,0,M,20,E,F,F,F,F
4004,1146.0,7.5,0,0,0,M,20,,,,,
4004,1147.0,16.4,0,30,0,M,20,,,,,
4004,1148.0,7.5,0,0,0,M,20,,,,,
4004,1149.0,7.5,0,0,0,M,20,,,,,
4004,1150.0,30.0,0,30,0,M,20,,,,,
4004,1151.0,10.1,0,0,0,M,20,,,,,
4004,1152.0,23.0,0,0,0,M,20,,,,,
4004,1153.0,7.5,0,0,0,M,20,,,,,
4004,1154.0,7.5,0,0,0,M,20,,,,,
4004,1155.0,7.5,0,0,0,M,20,,,,,
4004,1156.0,3.6,0,0,0,M,20,,,,,
4004,1157.0,7.5,0,0,0,M,20,,,,,
4004,1158.0,7.5,0,0,0,M,20,,,,,
4004,1159.0,1.8,10,30,0,M,20,,,,,
5401,1160.0,10.1,0,0,0,F,20,A,A,A,A,A
5401,1161.0,0.0,0,0,25,F,20,A,A,B,B,A
5401,1162.0,7.5,0,0,0,F,20,A,A,B,B,A
5401,1163.0,7.5,0,0,0,F,20,A,A,B,B,A
5401,1164.0,22.5,5,0,0,F,20,A,A,B,B,A
5401,1165.0,22.6,0,5,0,F,20,A,A,B,B,A
5401,1166.0,1.0,35,40,0,F,20,A,A,B,B,A
5401,1167.0,21.0,0,0,15,F,20,A,A,B,B,A
5401,1168.0,22.5,0,0,0,F,20,A,A,B,B,A
5401,1169.0,22.5,0,0,0,F,20,A,A,B,C,A
5401,1170.0,22.5,0,0,0,F,20,A,A,B,C,A
5401,1171.0,10.5,0,0,0,F,20,A,A,B,C,A
5401,1172.0,27.7,35,0,10,F,20,A,A,B,C,A
5401,1173.0,10.6,0,0,0,F,20,A,A,B,C,A
5401,1174.0,22.5,0,0,0,F,20,A,A,C,C,A
5401,1175.0,16.0,35,0,0,F,20,A,A,C,D,A
5401,1176.0,0.0,0,75,10,F,20,A,B,C,D,A
5401,1177.0,22.5,0,0,0,F,20,A,B,C,D,A
5401,1178.0,21.9,0,0,0,F,20,A,B,D,D,A
5401,1179.0,22.5,0,0,0,F,20,A,B,D,D,A
5401,1180.0,22.5,0,0,0,F,20,A,B,D,D,A
5401,1181.0,22.5,0,0,0,F,20,A,B,D,D,A
5401,1182.0,2.4,85,35,20,F,20,A,B,D,D,A
5401,1183.0,21.2,0,0,0,F,20,A,B,D,D,A
5401,1184.0,6.6,0,10,0,F,20,A,B,D,D,B
5401,1185.0,22.5,0,0,0,F,20,A,B,D,D,B
5401,1186.0,22.5,0,0,0,F,20,A,B,D,D,B
5401,1187.0,22.4,0,0,0,F,20,A,B,D,D,B
5401,1188.0,2.6,0,35,0,F,20,A,D,D,D,B
5401,1189.0,4.8,90,80,30,F,20,A,D,D,D,B
5401,1190.0,23.5,0,0,0,F,20,A,D,D,D,C
5401,1191.0,16.9,0,30,0,F,20,A,D,D,D,C
5401,1192.0,12.7,50,15,10,F,20,A,D,D,D,C
5401,1193.0,0.0,0,0,0,F,20,A,D,D,D,C
5401,1194.0,2.6,10,30,25,F,20,A,D,D,E,C
5401,1195.0,20.8,0,0,10,F,20,A,D,E,E,C
5401,1196.0,29.3,0,35,0,M,20,A,D,E,E,C
5401,1197.0,9.5,20,0,0,M,20,B,D,E,E,C
5401,1198.0,21.2,0,0,0,M,20,B,D,E,E,D
5401,1199.0,22.4,0,0,0,M,20,B,D,E,E,D
5401,1200.0,22.5,0,0,0,M,20,C,D,E,E,E
5401,1201.0,22.5,0,0,0,M,20,C,D,E,E,E
5401,1202.0,22.5,0,0,0,M,20,E,D,E,F,E
5401,1203.0,0.0,0,0,0,M,20,E,D,F,F,E
5401,1204.0,22.5,0,0,0,M,20,E,D,F,F,E
5401,1205.0,0.0,0,0,0,M,20,E,D,F,F,F
5401,1206.0,21.8,0,0,0,M,20,E,F,F,F,F
5401,1207.0,6.4,55,45,0,M,20,,,,,
5401,1208.0,22.5,0,0,0,M,20,,,,,
5401,1209.0,11.1,10,55,20,M,20,,,,,
5401,1210.0,20.2,35,50,10,M,20,,,,,
5401,1211.0,12.9,0,0,0,M,20,,,,,
5401,1212.0,13.9,0,0,0,M,20,,,,,
5401,1213.0,3.4,0,0,0,M,20,,,,,
5401,1214.0,5.0,0,20,10,M,20,,,,,
5401,1215.0,5.4,40,10,0,M,20,,,,,
5401,1216.0,10.9,0,0,0,M,20,,,,,
1501,1217.0,10.8,0,0,0,F,20,A,A,B,A,A
1501,1218.0,21.0,20,0,0,F,20,A,A,B,A,A
1501,1219.0,10.3,25,0,0,F,20,A,A,B,B,A
1501,1220.0,8.4,30,0,0,F,20,A,A,B,B,A
1501,1221.0,12.9,0,0,0,F,20,A,A,B,B,A
1501,1222.0,30.6,10,0,20,F,20,A,A,B,B,A
1501,1223.0,14.0,35,0,25,F,20,A,A,C,C,B
1501,1224.0,12.9,0,0,0,F,20,A,B,C,C,B
1501,1225.0,9.5,10,0,25,F,20,A,B,C,D,B
1501,1226.0,22.0,0,15,0,F,20,A,B,D,D,B
1501,1227.0,16.5,30,0,20,F,20,A,B,D,D,B
1501,1228.0,4.8,35,20,0,F,20,A,B,D,D,B
1501,1229.0,5.6,0,20,0,F,20,A,D,D,D,B
1501,1230.0,22.4,0,0,0,F,20,A,D,D,D,B
1501,1231.0,10.1,20,0,0,F,20,A,D,D,D,B
1501,1232.0,3.2,10,25,0,F,20,A,D,D,D,B
1501,1233.0,35.0,0,0,0,F,20,A,D,D,D,B
1501,1234.0,7.5,70,10,30,M,20,A,D,D,D,B
1501,1235.0,8.5,0,0,0,M,20,A,D,D,D,B
1501,1236.0,20.1,0,100,0,M,20,A,D,D,D,C
1501,1237.0,9.5,0,0,0,M,20,B,D,D,D,C
1501,1238.0,8.5,0,0,0,M,20,B,D,D,E,E
1501,1239.0,8.5,0,0,0,M,20,B,D,D,E,E
1501,1240.0,0.0,70,60,30,M,20,E,F,D,F,E
1501,1241.0,2.0,0,0,0,M,20,,,,,
3202,1242.0,19.4,10,15,5,F,20,A,A,A,B,A
3202,1243.0,35.2,0,0,0,F,20,A,A,A,B,A
3202,1244.0,10.4,30,45,0,F,20,A,A,B,B,A
3202,1245.0,19.4,30,0,0,F,20,A,A,B,B,A
3202,1246.0,7.5,35,0,0,F,20,A,A,B,C,A
3202,1247.0,8.5,0,0,0,F,20,A,B,B,C,A
3202,1248.0,11.7,25,40,0,F,20,A,D,C,C,A
3202,1249.0,7.0,0,10,0,F,20,A,D,C,D,A
3202,1250.0,12.5,10,0,50,F,20,A,D,C,D,B
3202,1251.0,2.0,0,0,0,M,20,A,D,D,D,B
3202,1252.0,7.5,0,35,0,M,20,A,D,D,D,B
3202,1253.0,11.3,10,0,0,M,20,A,D,D,D,B
3202,1254.0,7.5,0,25,10,M,20,A,D,D,D,B
3202,1255.0,12.9,0,0,0,M,20,B,D,D,E,B
3202,1256.0,13.7,30,35,5,M,20,B,D,D,E,C
3202,1257.0,9.5,10,15,0,M,20,B,D,E,E,C
3202,1258.0,22.5,0,0,0,M,20,C,F,F,F,E
1602,1259.0,23.2,0,0,0,F,20,A,A,A,A,A
1602,1260.0,22.5,0,0,0,F,20,A,A,A,A,A
1602,1261.0,9.0,40,0,0,F,20,A,A,A,A,A
1602,1262.0,11.1,0,0,0,F,20,A,A,A,A,A
1602,1263.0,0.0,15,0,0,F,20,A,A,A,A,A
1602,1264.0,11.1,0,0,0,F,20,A,A,B,B,A
1602,1265.0,4.2,30,15,15,F,20,A,A,B,B,A
1602,1266.0,16.6,25,25,0,F,20,A,A,B,B,A
1602,1267.0,11.3,0,0,0,F,20,A,A,B,B,A
1602,1268.0,0.0,0,15,0,F,20,A,A,B,B,A
1602,1269.0,7.5,0,15,0,F,20,A,A,B,B,A
1602,1270.0,22.5,0,0,0,F,20,A,A,B,B,A
1602,1271.0,4.2,0,30,0,F,20,A,A,B,B,A
1602,1272.0,2.0,0,45,0,F,20,A,A,B,B,A
1602,1273.0,2.0,0,45,0,F,20,A,A,B,B,A
1602,1274.0,21.4,20,0,0,F,20,A,A,B,B,A
1602,1275.0,18.6,30,0,10,F,20,A,A,B,B,A
1602,1276.0,22.7,0,0,0,F,20,A,A,B,B,A
1602,1277.0,11.1,0,0,0,F,20,A,A,B,B,A
1602,1278.0,22.5,0,0,0,F,20,A,A,B,B,A
1602,1279.0,7.5,0,0,40,F,20,A,A,B,B,A
1602,1280.0,10.1,0,0,0,F,20,A,B,B,B,A
1602,1281.0,7.5,0,10,0,F,20,A,B,B,B,A
1602,1282.0,0.0,50,0,40,F,20,A,B,B,B,A
1602,1283.0,19.9,25,5,0,F,20,A,B,B,B,A
1602,1284.0,10.1,0,0,0,F,20,A,B,B,C,A
1602,1285.0,4.2,30,0,0,F,20,A,B,B,C,A
1602,1286.0,8.9,0,0,0,F,20,A,B,B,C,A
1602,1287.0,8.9,0,0,0,F,20,A,B,B,C,A
1602,1288.0,2.0,30,15,0,F,20,A,B,B,C,A
1602,1289.0,23.4,0,0,0,F,20,A,B,B,C,A
1602,1290.0,20.5,55,45,0,F,20,A,B,C,C,A
1602,1291.0,15.0,0,0,0,F,20,A,B,C,C,A
1602,1292.0,23.4,0,0,0,F,20,A,B,C,C,A
1602,1293.0,22.5,0,0,0,F,20,A,B,C,C,A
1602,1294.0,23.5,50,30,0,F,20,A,B,C,C,A
1602,1295.0,22.5,0,0,0,F,20,A,B,C,C,A
1602,1296.0,10.3,20,45,30,F,20,A,B,C,D,A
1602,1297.0,15.0,25,0,40,F,20,A,B,C,D,A
1602,1298.0,22.5,0,0,0,F,20,A,B,C,D,A
1602,1299.0,18.6,20,20,0,F,20,A,B,C,D,A
1602,1300.0,11.1,0,0,0,F,20,A,B,C,D,A
1602,1301.0,0.0,25,0,0,F,20,A,B,C,D,A
1602,1302.0,7.5,0,0,10,F,20,A,B,C,D,A
1602,1303.0,8.8,10,15,5,F,20,A,B,C,D,B
1602,1304.0,0.0,5,0,10,F,20,A,D,D,D,B
1602,1305.0,0.0,0,10,5,F,20,A,D,D,D,B
1602,1306.0,7.8,20,45,45,F,20,A,D,D,D,B
1602,1307.0,1.0,5,5,0,F,20,A,D,D,D,B
1602,1308.0,15.7,15,30,15,M,20,A,D,D,D,B
1602,1309.0,22.5,0,0,0,M,20,A,D,D,D,B
1602,1310.0,6.2,20,0,30,M,20,A,D,D,D,B
1602,1311.0,20.6,0,20,0,M,20,A,D,D,D,B
1602,1312.0,22.5,0,0,0,M,20,A,D,D,D,B
1602,1313.0,9.5,55,30,0,M,20,A,D,D,D,B
1602,1314.0,22.5,0,0,0,M,20,A,D,D,D,B
1602,1315.0,22.5,0,0,0,M,20,A,D,D,D,B
1602,1316.0,22.5,0,0,0,M,20,A,D,D,D,B
1602,1317.0,22.5,0,0,0,M,20,A,D,D,D,B
1602,1318.0,22.5,0,0,0,M,20,A,D,D,D,B
1602,1319.0,24.7,0,0,0,M,20,A,D,D,D,B
1602,1320.0,22.5,0,0,0,M,20,A,D,D,D,B
1602,1321.0,11.5,0,0,0,M,20,A,D,D,D,B
1602,1322.0,12.9,0,0,0,M,20,A,D,D,D,B
1602,1323.0,22.5,0,0,0,M,20,A,D,D,D,B
1602,1324.0,7.5,0,20,0,M,20,A,D,D,D,B
1602,1325.0,32.8,20,0,0,M,20,A,D,D,D,B
1602,1326.0,15.1,55,0,10,M,20,A,D,D,D,B
1602,1327.0,13.7,0,0,0,M,20,A,D,D,D,B
1602,1328.0,15.7,10,50,0,M,20,A,D,D,D,B
1602,1329.0,22.5,0,0,0,M,20,A,D,D,D,C
1602,1330.0,14.5,30,35,5,M,20,A,D,D,D,C
1602,1331.0,9.5,0,15,0,M,20,A,D,D,D,C
1602,1332.0,22.5,0,0,0,M,20,A,D,D,E,C
1602,1333.0,22.5,0,0,0,M,20,A,D,D,E,C
1602,1334.0,22.5,0,0,0,M,20,A,D,D,E,C
1602,1335.0,22.5,0,0,0,M,20,A,D,D,E,C
1602,1336.0,22.4,0,0,0,M,20,A,D,D,E,C
1602,1337.0,22.5,0,0,0,M,20,A,D,E,E,D
1602,1338.0,17.0,0,35,0,M,20,A,D,E,E,D
1602,1339.0,22.5,0,0,0,M,20,A,D,E,E,D
1602,1340.0,9.1,0,0,0,M,20,B,F,E,E,D
1602,1341.0,10.3,0,0,0,M,20,B,F,E,F,D
1602,1342.0,22.5,0,0,0,M,20,B,F,E,F,E
1602,1343.0,2.6,50,0,30,M,20,B,F,E,F,E
1602,1344.0,23.6,0,0,0,M,20,E,F,F,F,E
1602,1345.0,22.5,0,0,0,M,20,,,,,
1602,1346.0,22.5,0,0,0,M,20,,,,,
1602,1347.0,15.1,10,45,10,M,20,,,,,
1602,1348.0,21.0,0,15,0,M,20,,,,,
1602,1349.0,16.6,10,30,0,M,20,,,,,
1602,1350.0,9.1,0,0,0,M,20,,,,,
1602,1351.0,30.0,0,40,0,M,20,,,,,
1602,1352.0,15.0,50,0,0,M,20,,,,,
3002,1353.0,16.6,25,20,10,F,20,A,A,A,B,A
3002,1354.0,7.6,50,0,70,F,20,A,A,B,B,A
3002,1355.0,8.9,20,15,0,F,20,A,A,B,B,A
3002,1356.0,15.0,0,0,0,M,20,A,A,B,B,A
3002,1357.0,15.9,0,45,0,M,20,A,A,B,B,A
3002,1358.0,12.1,0,0,0,M,20,A,B,B,B,A
3002,1359.0,12.1,0,0,0,M,20,A,B,B,B,A
3002,1360.0,10.7,0,0,0,M,20,A,B,B,B,A
3002,1361.0,15.0,0,0,0,M,20,A,B,B,C,A
3002,1362.0,12.1,0,0,0,M,20,A,B,B,C,B
3002,1363.0,4.4,40,90,10,M,20,A,D,B,C,B
3002,1364.0,7.5,80,0,30,M,20,A,D,B,D,B
3002,1365.0,2.0,10,50,20,M,20,A,D,C,D,B
3002,1366.0,4.4,0,35,0,M,20,A,D,C,D,B
3002,1367.0,25.1,0,45,30,M,20,A,D,C,D,B
3002,1368.0,8.9,20,0,0,M,20,A,D,C,D,B
3002,1369.0,23.9,0,0,0,M,20,A,D,D,D,B
3002,1370.0,12.1,0,0,0,M,20,B,D,D,D,B
3002,1371.0,9.5,0,0,0,M,20,B,D,D,D,C
3002,1372.0,13.3,0,0,5,M,20,B,D,D,D,C
702,1373.0,14.7,0,0,0,F,20,A,D,B,C,A
702,1374.0,17.4,25,15,0,F,20,A,D,B,C,A
702,1375.0,5.4,15,45,0,F,20,A,D,B,D,B
702,1376.0,0.0,0,0,0,F,20,A,D,B,D,B
702,1377.0,3.2,0,45,0,F,20,A,D,C,D,B
702,1378.0,11.1,0,0,10,F,20,A,D,C,D,B
702,1379.0,0.0,0,0,0,F,20,A,D,C,D,B
702,1380.0,0.0,0,0,0,F,20,A,D,C,D,B
702,1381.0,12.5,0,0,0,F,20,A,D,C,D,B
702,1382.0,10.1,0,0,0,M,20,A,D,C,D,B
702,1383.0,10.1,0,0,0,M,20,A,D,C,D,B
702,1384.0,2.4,10,0,0,M,20,A,D,C,D,B
702,1385.0,10.5,0,35,50,M,20,A,D,C,D,B
702,1386.0,3.6,0,0,0,M,20,A,D,C,D,B
702,1387.0,21.4,25,0,0,M,20,A,D,C,D,B
702,1388.0,0.0,15,0,0,M,20,A,D,C,D,B
702,1389.0,7.5,0,10,15,M,20,A,D,D,D,C
702,1390.0,7.5,0,15,0,M,20,B,D,D,D,C
702,1391.0,4.8,0,0,0,M,20,B,D,D,D,C
702,1392.0,7.5,0,20,15,M,20,B,D,D,D,C
702,1393.0,0.0,0,0,0,M,20,B,D,D,D,C
702,1394.0,15.0,0,60,0,M,20,B,D,D,D,D
702,1395.0,11.7,25,0,0,M,20,B,D,D,D,D
702,1396.0,0.0,0,0,0,M,20,B,D,D,D,D
702,1397.0,20.4,0,20,0,M,20,B,D,D,E,D
702,1398.0,29.2,50,0,0,M,20,B,D,D,E,D
702,1399.0,7.0,30,20,0,M,20,B,D,E,E,D
702,1400.0,5.0,0,0,0,M,20,B,D,E,E,E
702,1401.0,13.1,10,0,0,M,20,B,D,E,F,E
702,1402.0,0.0,0,0,0,M,20,,,,,
702,1403.0,4.2,25,35,10,M,20,,,,,
3202,1404.0,11.7,40,15,40,F,20,A,A,A,B,A
3202,1405.0,18.0,0,50,0,F,20,A,A,A,B,A
3202,1406.0,14.5,0,0,0,F,20,A,A,A,B,A
3202,1407.0,23.4,0,0,0,F,20,A,A,A,B,A
3202,1408.0,0.0,0,25,0,F,20,A,A,B,B,A
3202,1409.0,11.3,0,0,0,F,20,A,A,B,B,A
3202,1410.0,7.5,0,15,0,F,20,A,A,B,C,A
3202,1411.0,8.5,10,0,0,F,20,A,B,B,C,A
3202,1412.0,26.1,0,0,0,F,20,A,C,B,C,A
3202,1413.0,25.8,0,0,0,F,20,A,D,B,C,A
3202,1414.0,0.0,0,0,0,F,20,A,D,B,D,A
3202,1415.0,10.4,25,75,0,F,20,A,D,C,D,A
3202,1416.0,0.0,0,0,0,F,20,A,D,C,D,A
3202,1417.0,10.1,10,0,20,F,20,A,D,C,D,B
3202,1418.0,12.4,0,0,0,F,20,A,D,C,D,B
3202,1419.0,7.0,10,0,40,F,20,A,D,D,D,B
3202,1420.0,10.0,0,0,0,F,20,A,D,D,D,B
3202,1421.0,10.1,0,0,0,F,20,A,D,D,D,B
3202,1422.0,0.0,0,0,0,M,20,A,D,D,D,B
3202,1423.0,15.0,20,0,50,M,20,A,D,D,D,B
3202,1424.0,11.1,10,15,0,M,20,A,D,D,D,B
3202,1425.0,0.0,0,0,0,M,20,B,D,D,D,B
3202,1426.0,24.6,0,0,0,M,20,B,D,D,D,B
3202,1427.0,7.0,30,0,20,M,20,B,D,D,D,B
3202,1428.0,15.0,0,0,0,M,20,B,D,D,D,B
3202,1429.0,3.4,0,30,15,M,20,B,D,D,E,C
3202,1430.0,23.2,10,0,0,M,20,D,D,E,E,D
3202,1431.0,15.0,0,0,0,M,20,E,D,F,E,D
3202,1432.0,15.0,0,0,0,M,20,,,,,
3202,1433.0,10.3,30,0,0,M,20,,,,,
3202,1434.0,15.0,0,0,0,M,20,,,,,
3202,1435.0,18.7,30,0,20,M,20,,,,,
3202,1436.0,15.0,0,0,0,M,20,,,,,
3202,1437.0,15.0,0,0,0,M,20,,,,,
3202,1438.0,15.0,0,0,0,M,20,,,,,
2001,1439.0,15.0,0,0,0,F,20,A,D,D,D,B
2001,1440.0,15.1,0,0,0,F,20,A,D,D,D,B
2001,1441.0,23.6,0,0,0,F,20,A,D,D,D,B
2001,1442.0,18.4,20,15,15,F,20,A,D,D,D,B
2001,1443.0,15.0,0,0,0,F,20,A,D,D,D,B
2001,1444.0,15.0,0,0,0,F,20,A,D,D,D,B
2001,1445.0,15.0,0,0,0,F,20,A,D,D,D,B
2001,1446.0,15.0,0,0,0,F,20,A,D,D,D,B
2001,1447.0,15.0,0,0,0,F,20,A,D,D,D,B
2001,1448.0,15.0,0,0,0,F,20,A,D,D,D,B
2001,1449.0,15.0,0,0,0,F,20,A,D,D,D,B
2001,1450.0,16.0,0,0,0,F,20,A,D,D,D,B
2001,1451.0,15.0,25,25,25,F,20,A,D,D,D,B
2001,1452.0,15.0,0,0,0,F,20,A,D,D,D,B
2001,1453.0,15.0,0,0,0,F,20,A,D,D,D,B
2001,1454.0,15.0,0,0,0,F,20,A,D,D,D,B
2001,1455.0,10.3,15,5,10,F,20,A,D,D,D,B
2001,1456.0,9.5,0,0,5,F,20,A,D,D,D,B
2001,1457.0,2.6,0,0,10,F,20,A,D,D,D,B
2001,1458.0,24.4,40,25,20,F,20,A,D,D,D,B
2001,1459.0,15.0,0,0,0,F,20,A,D,D,D,B
2001,1460.0,15.0,0,0,0,F,20,A,D,D,D,B
2001,1461.0,11.9,20,0,0,F,20,A,D,D,D,B
2001,1462.0,1.4,40,50,0,F,20,B,D,D,D,B
2001,1463.0,15.0,0,0,0,F,20,B,D,D,D,C
2001,1464.0,15.0,0,0,0,M,20,B,D,D,D,C
2001,1465.0,15.0,0,0,0,M,20,B,D,E,D,C
2001,1466.0,15.0,0,0,0,M,20,B,D,E,D,C
2001,1467.0,10.0,0,25,0,M,20,B,D,E,D,C
2001,1468.0,15.0,0,0,0,M,20,B,D,E,D,D
2001,1469.0,15.0,0,0,0,M,20,B,D,E,D,D
2001,1470.0,15.0,30,45,0,M,20,B,D,E,E,D
2001,1471.0,15.0,0,0,0,M,20,C,D,E,E,D
2001,1472.0,15.0,0,0,0,M,20,E,D,E,E,D
2001,1473.0,10.5,30,0,0,M,20,E,D,E,E,D
2001,1474.0,15.0,0,0,0,M,20,E,E,F,E,E
2001,1475.0,22.5,0,25,0,M,20,E,F,F,F,F
2001,1476.0,13.9,15,30,35,M,20,,,,,
2001,1477.0,13.3,65,0,20,M,20,,,,,
2001,1478.0,15.0,0,0,0,M,20,,,,,
2001,1479.0,15.0,0,0,0,M,20,,,,,
2001,1480.0,15.0,0,0,0,M,20,,,,,
2001,1481.0,15.0,0,0,0,M,20,,,,,
2001,1482.0,15.0,0,0,0,M,20,,,,,
2001,1483.0,15.0,0,0,0,M,20,,,,,
1502,1484.0,15.0,0,0,0,F,20,A,A,A,B,A
1502,1485.0,15.0,0,0,0,F,20,A,A,A,B,A
1502,1486.0,15.0,0,0,0,F,20,A,A,B,B,A
1502,1487.0,15.0,0,0,0,F,20,A,A,B,B,A
1502,1488.0,15.0,0,0,0,F,20,A,B,B,B,A
1502,1489.0,15.0,0,0,0,F,20,A,B,B,C,A
1502,1490.0,11.7,0,0,25,F,20,A,B,C,C,A
1502,1491.0,12.5,75,0,0,F,20,A,C,C,C,B
1502,1492.0,24.5,0,0,0,F,20,A,C,C,C,B
1502,1493.0,37.4,0,0,0,F,20,A,D,C,C,B
1502,1494.0,5.6,0,0,0,F,20,A,D,C,C,B
1502,1495.0,37.5,0,0,0,F,20,A,D,C,D,B
1502,1496.0,20.4,55,60,0,F,20,A,D,D,D,B
1502,1497.0,2.0,0,0,15,F,20,A,D,D,D,B
1502,1498.0,25.4,0,0,0,F,20,A,D,D,D,B
1502,1499.0,37.5,0,0,0,F,20,A,D,D,D,B
1502,1500.0,37.5,0,0,0,F,20,A,D,D,D,B
1502,1501.0,13.3,0,0,0,M,20,A,D,D,D,B
1502,1502.0,8.5,0,0,15,M,20,A,D,D,D,B
1502,1503.0,9.1,55,45,0,M,20,A,D,D,D,B
1502,1504.0,17.0,0,0,0,M,20,A,D,D,E,C
1502,1505.0,12.5,50,35,10,M,20,A,D,D,E,C
1502,1506.0,10.7,0,0,0,M,20,A,D,D,E,C
1502,1507.0,11.9,0,0,0,M,20,A,D,D,E,C
1502,1508.0,11.0,0,0,0,M,20,B,D,D,E,C
1502,1509.0,10.9,0,0,0,M,20,B,D,D,E,C
1502,1510.0,18.3,30,0,25,M,20,B,D,D,E,D
1502,1511.0,4.8,50,0,20,M,20,B,D,E,E,E
1502,1512.0,33.2,30,0,0,M,20,B,D,E,F,E
1502,1513.0,3.0,10,0,0,M,20,B,D,E,F,F
1502,1514.0,11.0,25,70,10,M,20,D,F,F,F,G
3502,1515.0,22.0,0,25,5,F,20,A,A,A,A,A
3502,1516.0,4.4,0,0,0,F,20,A,A,A,B,A
3502,1517.0,12.2,20,0,0,F,20,A,A,A,B,A
3502,1518.0,32.9,0,30,0,F,20,A,A,B,B,A
3502,1519.0,25.1,0,0,0,F,20,A,A,B,B,A
3502,1520.0,22.7,90,10,0,F,20,A,A,B,B,A
3502,1521.0,8.9,20,25,0,F,20,A,A,B,B,A
3502,1522.0,15.5,0,0,0,F,20,A,A,B,B,A
3502,1523.0,12.7,25,35,15,F,20,A,A,B,B,A
3502,1524.0,15.9,25,5,40,F,20,A,A,B,B,A
3502,1525.0,12.0,0,0,0,F,20,A,A,B,B,A
3502,1526.0,10.9,0,0,0,F,20,A,A,B,C,A
3502,1527.0,24.2,0,0,0,F,20,A,A,C,C,A
3502,1528.0,9.5,0,10,0,F,20,A,A,C,C,A
3502,1529.0,4.2,0,0,0,F,20,A,A,C,C,A
3502,1530.0,5.6,0,0,0,F,20,A,B,C,C,A
3502,1531.0,10.9,0,0,0,F,20,A,B,C,D,A
3502,1532.0,22.4,0,10,0,F,20,A,B,C,D,A
3502,1533.0,9.2,35,5,0,F,20,A,B,C,D,B
3502,1534.0,21.5,0,15,0,F,20,A,C,C,D,B
3502,1535.0,10.9,0,0,0,F,20,A,C,C,D,B
3502,1536.0,4.4,30,30,0,F,20,A,D,C,D,B
3502,1537.0,11.9,0,0,0,F,20,A,D,C,D,B
3502,1538.0,15.2,0,0,0,M,20,A,D,C,D,B
3502,1539.0,20.5,30,0,10,M,20,A,D,C,D,B
3502,1540.0,3.0,10,0,0,M,20,A,D,D,D,B
3502,1541.0,14.5,40,0,40,M,20,A,D,D,D,B
3502,1542.0,15.0,0,0,0,M,20,A,D,D,D,B
3502,1543.0,22.0,0,15,0,M,20,A,D,D,D,B
3502,1544.0,11.1,10,0,0,M,20,A,D,D,D,B
3502,1545.0,7.5,0,45,10,M,20,A,D,D,D,B
3502,1546.0,4.8,0,0,0,M,20,A,D,D,D,B
3502,1547.0,15.0,0,0,0,M,20,A,D,D,D,B
3502,1548.0,16.5,25,0,45,M,20,A,D,D,D,B
3502,1549.0,15.6,0,0,0,M,20,A,D,D,D,B
3502,1550.0,11.1,0,0,0,M,20,A,D,D,D,B
3502,1551.0,7.5,0,0,0,M,20,A,D,D,D,B
3502,1552.0,7.5,0,0,0,M,20,A,D,D,D,C
3502,1553.0,15.0,0,0,0,M,20,A,D,D,D,C
3502,1554.0,15.3,30,90,30,M,20,A,D,D,D,C
3502,1555.0,15.9,0,0,0,M,20,A,D,D,D,C
3502,1556.0,13.5,0,0,0,M,20,B,D,D,E,C
3502,1557.0,13.7,0,0,0,M,20,B,D,D,E,C
3502,1558.0,0.0,0,0,0,M,20,B,D,E,E,C
3502,1559.0,3.0,0,0,0,M,20,B,D,E,E,D
3502,1560.0,15.0,0,0,0,M,20,B,D,E,E,D
3502,1561.0,5.8,25,10,0,M,20,B,D,E,E,D
3502,1562.0,7.5,40,0,0,M,20,B,D,E,E,D
3502,1563.0,15.0,0,5,0,M,20,B,D,E,F,D
3502,1564.0,3.4,10,0,0,M,20,B,D,E,F,D
3502,1565.0,15.9,0,0,0,M,20,B,D,E,F,E
3502,1566.0,2.6,5,0,10,M,20,B,D,E,F,E
3502,1567.0,15.0,0,0,0,M,20,C,D,E,F,E
3502,1568.0,16.5,20,20,30,M,20,E,D,F,F,F
3502,1569.0,10.9,0,25,0,M,20,E,F,F,F,F
3502,1570.0,21.0,0,0,40,M,20,,,,,
3502,1571.0,0.0,30,0,0,M,20,,,,,
3502,1572.0,13.5,0,0,0,M,20,,,,,
3502,1573.0,15.0,0,0,0,M,20,,,,,
1402,1574.0,7.5,0,0,0,F,20,A,A,A,B,A
1402,1575.0,19.8,10,20,0,F,20,A,A,A,B,A
1402,1576.0,12.7,50,0,50,F,20,A,A,B,B,A
1402,1577.0,15.0,0,0,0,F,20,A,D,B,C,A
1402,1578.0,11.1,0,0,0,F,20,A,D,B,C,A
1402,1579.0,3.6,20,50,10,F,20,A,D,C,C,B
1402,1580.0,12.9,20,70,5,F,20,A,D,C,C,B
1402,1581.0,0.0,30,45,0,F,20,A,D,C,C,B
1402,1582.0,15.0,0,0,0,F,20,A,D,C,C,B
1402,1583.0,2.4,0,60,0,F,20,A,D,C,D,B
1402,1584.0,11.3,0,0,0,F,20,A,D,C,D,B
1402,1585.0,26.4,20,0,55,M,20,A,D,D,D,B
1402,1586.0,15.0,60,15,5,M,20,A,D,D,D,B
1402,1587.0,10.5,10,15,10,M,20,A,D,D,D,B
1402,1588.0,21.0,0,30,10,M,20,A,D,D,D,B
1402,1589.0,2.4,15,0,0,M,20,B,D,D,D,B
1402,1590.0,17.7,50,0,10,M,20,B,D,D,D,D
1402,1591.0,15.0,0,5,0,M,20,B,D,D,D,D
1402,1592.0,15.0,0,0,0,M,20,B,D,E,D,E
1402,1593.0,16.0,0,45,15,M,20,B,D,E,E,E
1402,1594.0,14.1,0,0,0,M,20,B,F,E,E,E
1402,1595.0,0.0,0,0,0,M,20,B,F,E,F,F
1602,1596.0,0.0,0,0,0,F,20,A,A,A,B,A
1602,1597.0,10.6,10,10,15,F,20,A,A,B,B,A
1602,1598.0,11.1,20,0,0,F,20,A,A,B,B,A
1602,1599.0,26.2,0,0,0,F,20,A,A,B,B,A
1602,1600.0,27.1,0,0,0,F,20,A,A,B,B,A
1602,1601.0,13.5,25,0,0,F,20,A,A,C,B,A
1602,1602.0,2.0,10,0,10,F,20,A,A,C,B,A
1602,1603.0,30.8,0,50,0,F,20,A,A,C,C,A
1602,1604.0,4.0,10,0,0,F,20,A,A,D,D,A
1602,1605.0,11.5,0,0,0,F,20,A,A,D,D,A
1602,1606.0,8.8,0,20,0,F,20,A,A,D,D,A
1602,1607.0,5.0,0,0,0,F,20,A,A,D,D,A
1602,1608.0,0.0,0,0,0,F,20,A,B,D,D,B
1602,1609.0,25.1,0,15,0,F,20,A,B,D,D,B
1602,1610.0,0.0,0,15,20,F,20,A,D,D,D,B
1602,1611.0,25.0,40,0,50,F,20,A,D,D,D,B
1602,1612.0,1.0,0,5,0,F,20,A,D,D,D,B
1602,1613.0,21.8,0,20,0,F,20,A,D,D,D,B
1602,1614.0,10.3,30,0,10,F,20,A,D,D,D,B
1602,1615.0,26.2,0,0,0,F,20,A,D,D,D,B
1602,1616.0,16.0,0,0,0,F,20,A,D,D,D,B
1602,1617.0,0.0,0,0,0,F,20,A,D,D,D,B
1602,1618.0,4.6,0,45,0,F,20,A,D,D,D,B
1602,1619.0,16.0,0,0,0,F,20,A,D,D,D,B
1602,1620.0,0.0,0,0,0,F,20,A,D,D,D,C
1602,1621.0,0.0,0,0,0,F,20,A,D,D,E,C
1602,1622.0,23.8,30,0,0,F,20,A,D,E,E,C
1602,1623.0,11.5,0,0,0,F,20,A,D,E,E,C
1602,1624.0,2.8,0,45,15,F,20,A,D,E,E,C
1602,1625.0,18.1,50,0,10,F,20,A,D,E,F,D
1602,1626.0,15.4,50,15,10,M,20,B,D,F,F,D
1602,1627.0,16.0,0,0,0,M,20,B,D,F,F,D
1602,1628.0,9.2,0,15,0,M,20,B,D,F,F,E
1602,1629.0,16.0,0,0,0,M,20,E,E,F,F,E
2402,1630.0,4.0,0,50,0,F,20,A,A,A,B,A
2402,1631.0,0.0,0,0,0,F,20,A,A,A,B,A
2402,1632.0,3.6,10,60,15,F,20,A,A,A,B,A
2402,1633.0,20.4,50,60,10,F,20,A,A,A,B,A
2402,1634.0,4.2,40,35,5,F,20,A,A,A,B,A
2402,1635.0,16.1,0,0,0,F,20,A,A,B,B,A
2402,1636.0,0.0,35,0,0,F,20,A,A,B,B,A
2402,1637.0,11.1,5,0,0,F,20,A,A,B,B,A
2402,1638.0,16.9,30,25,0,F,20,A,A,B,B,A
2402,1639.0,14.9,10,0,0,F,20,A,A,B,B,A
2402,1640.0,26.3,0,0,20,F,20,A,A,B,B,A
2402,1641.0,16.6,20,30,25,F,20,A,A,B,C,A
2402,1642.0,16.4,0,0,0,F,20,A,A,B,C,A
2402,1643.0,7.5,0,30,0,F,20,A,A,B,C,A
2402,1644.0,35.0,0,0,25,F,20,A,A,B,C,A
2402,1645.0,34.3,0,30,0,F,20,A,A,B,C,A
2402,1646.0,21.4,0,25,10,F,20,A,A,B,C,A
2402,1647.0,14.5,0,0,0,F,20,A,A,B,C,A
2402,1648.0,26.4,0,0,0,F,20,A,A,B,C,A
2402,1649.0,11.9,0,0,0,F,20,A,A,C,C,A
2402,1650.0,11.9,0,0,0,F,20,A,A,C,C,A
2402,1651.0,11.9,0,0,0,F,20,A,A,C,C,A
2402,1652.0,16.4,30,45,0,F,20,A,A,C,D,A
2402,1653.0,23.6,0,25,0,F,20,A,B,C,D,A
2402,1654.0,14.3,0,0,0,F,20,A,B,C,D,A
2402,1655.0,22.6,40,0,0,F,20,A,B,C,D,A
2402,1656.0,2.4,20,0,0,F,20,A,B,D,D,B
2402,1657.0,3.0,0,60,0,F,20,A,B,D,D,B
2402,1658.0,24.5,5,15,0,F,20,A,D,D,D,B
2402,1659.0,10.5,10,0,0,F,20,A,D,D,D,B
2402,1660.0,15.0,0,0,10,F,20,A,D,D,D,B
2402,1661.0,12.1,15,0,15,F,20,A,D,D,D,B
2402,1662.0,16.6,0,0,0,F,20,A,D,D,D,B
2402,1663.0,4.4,30,50,0,F,20,A,D,D,D,B
2402,1664.0,16.1,50,0,30,F,20,A,D,D,D,B
2402,1665.0,7.5,45,15,0,F,20,A,D,D,D,B
2402,1666.0,13.3,0,0,0,F,20,A,D,D,D,B
2402,1667.0,7.5,0,30,0,F,20,A,D,D,D,B
2402,1668.0,2.0,0,0,0,F,20,A,D,D,D,B
2402,1669.0,7.5,0,30,0,F,20,A,D,D,D,B
2402,1670.0,14.5,0,0,0,M,20,A,D,D,D,B
2402,1671.0,7.5,0,30,0,M,20,A,D,D,D,B
2402,1672.0,9.5,0,25,0,M,20,A,D,D,D,B
2402,1673.0,9.5,0,25,0,M,20,A,D,D,D,B
2402,1674.0,16.7,30,40,5,M,20,A,D,D,D,B
2402,1675.0,17.5,0,0,0,M,20,A,D,D,D,B
2402,1676.0,15.2,20,0,0,M,20,A,D,D,D,B
2402,1677.0,25.4,0,0,0,M,20,A,D,D,D,B
2402,1678.0,12.1,0,30,0,M,20,A,D,D,D,B
2402,1679.0,25.2,0,0,0,M,20,A,D,D,D,C
2402,1680.0,15.0,10,0,0,M,20,A,D,D,D,C
2402,1681.0,15.0,0,0,10,M,20,A,D,D,D,C
2402,1682.0,8.5,0,45,10,M,20,A,D,D,E,C
2402,1683.0,15.0,0,0,0,M,20,A,D,D,E,C
2402,1684.0,7.5,0,0,0,M,20,A,D,D,E,C
2402,1685.0,15.0,0,0,0,M,20,A,D,D,E,C
2402,1686.0,23.1,0,10,10,M,20,A,D,D,E,C
2402,1687.0,7.5,0,0,0,M,20,A,D,E,E,C
2402,1688.0,14.9,0,0,0,M,20,A,D,E,E,C
2402,1689.0,7.5,0,0,0,M,20,A,D,E,E,C
2402,1690.0,15.0,0,0,0,M,20,A,D,E,E,D
2402,1691.0,15.0,0,0,0,M,20,A,D,E,E,D
2402,1692.0,15.0,0,0,0,M,20,A,D,E,F,D
2402,1693.0,14.7,0,0,0,M,20,A,D,E,F,D
2402,1694.0,15.0,0,0,0,M,20,A,D,E,F,D
2402,1695.0,15.0,0,0,0,M,20,A,D,E,F,D
2402,1696.0,15.0,0,0,0,M,20,B,D,E,F,D
2402,1697.0,15.0,0,0,15,M,20,B,D,E,F,E
2402,1698.0,15.0,0,0,0,M,20,B,D,E,F,E
2402,1699.0,15.0,0,0,0,M,20,B,D,E,F,E
2402,1700.0,15.0,0,0,0,M,20,B,D,E,F,E
2402,1701.0,15.0,0,0,0,M,20,B,E,E,F,E
2402,1702.0,15.0,0,0,0,M,20,C,E,F,F,E
2402,1703.0,16.9,30,35,10,M,20,E,E,F,F,E
2402,1704.0,14.7,0,0,0,M,20,E,E,F,F,E
2402,1705.0,7.5,0,0,0,M,20,E,F,F,F,F
2402,1706.0,18.0,0,0,0,M,20,E,F,F,F,F
2402,1707.0,15.0,0,0,0,M,20,E,F,F,F,F
2402,1708.0,9.5,20,30,0,M,20,,,,,
2402,1709.0,28.1,0,0,0,M,20,,,,,
3002,1710.0,15.0,0,0,0,F,20,A,A,A,A,A
3002,1711.0,7.0,70,65,5,F,20,A,A,A,A,A
3002,1712.0,7.5,0,0,0,F,20,A,A,A,B,A
3002,1713.0,7.5,0,0,0,F,20,A,A,A,B,A
3002,1714.0,15.0,0,0,0,F,20,A,A,A,B,A
3002,1715.0,16.0,0,0,0,F,20,A,A,B,B,A
3002,1716.0,0.0,30,0,10,F,20,A,A,B,B,A
3002,1717.0,4.8,80,0,0,F,20,A,A,B,B,A
3002,1718.0,0.0,15,25,0,F,20,A,A,B,C,A
3002,1719.0,11.1,0,25,0,F,20,A,B,B,C,A
3002,1720.0,31.2,45,0,10,F,20,A,B,B,C,A
3002,1721.0,7.0,30,35,0,F,20,A,B,B,C,A
3002,1722.0,2.6,50,15,0,F,20,A,B,B,C,A
3002,1723.0,13.2,0,10,15,F,20,A,B,B,C,A
3002,1724.0,15.0,0,0,0,F,20,A,C,C,C,A
3002,1725.0,15.0,0,0,0,M,20,A,C,C,C,A
3002,1726.0,15.0,0,0,0,M,20,A,D,C,C,A
3002,1727.0,16.0,0,0,0,M,20,A,D,C,C,A
3002,1728.0,26.4,0,0,10,M,20,A,D,C,D,A
3002,1729.0,14.9,0,0,0,M,20,A,D,C,D,B
3002,1730.0,15.0,0,0,0,M,20,A,D,C,D,B
3002,1731.0,10.9,30,5,5,M,20,A,D,C,D,B
3002,1732.0,15.0,0,0,0,M,20,A,D,C,D,B
3002,1733.0,39.2,0,0,0,M,20,A,D,D,D,B
3002,1734.0,7.2,20,15,30,M,20,A,D,D,D,B
3002,1735.0,14.7,0,0,0,M,20,A,D,D,D,B
3002,1736.0,26.9,0,0,0,M,20,A,D,D,D,B
3002,1737.0,15.0,0,0,0,M,20,A,D,D,D,B
3002,1738.0,0.0,50,0,0,M,20,A,D,D,D,B
3002,1739.0,16.0,0,0,0,M,20,A,D,D,D,B
3002,1740.0,15.0,0,0,0,M,20,A,D,D,D,B
3002,1741.0,11.1,15,15,10,M,20,A,D,D,E,B
3002,1742.0,15.0,0,10,5,M,20,A,D,D,E,B
3002,1743.0,6.4,15,45,10,M,20,A,D,D,E,C
3002,1744.0,10.5,50,0,0,M,20,B,D,D,E,C
3002,1745.0,5.4,0,45,0,M,20,B,D,D,E,C
3002,1746.0,2.6,0,0,0,M,20,B,D,D,E,D
3002,1747.0,9.6,0,45,5,M,20,B,D,D,E,D
3002,1748.0,7.5,0,0,0,M,20,B,D,D,E,D
3002,1749.0,15.0,0,0,0,M,20,B,D,D,F,E
3002,1750.0,13.5,10,0,0,M,20,B,D,E,F,E
3002,1751.0,17.0,0,0,0,M,20,C,E,F,F,E
3002,1752.0,9.5,10,30,10,M,20,E,E,F,F,F
3002,1753.0,2.6,0,0,0,M,20,,,,,
5401,1754.0,15.0,0,0,0,F,20,A,A,A,A,A
5401,1755.0,15.0,0,0,0,F,20,A,A,A,A,A
5401,1756.0,15.0,0,0,0,F,20,A,A,B,B,A
5401,1757.0,15.0,0,0,0,F,20,A,A,B,B,A
5401,1758.0,15.0,0,0,0,F,20,A,A,B,B,A
5401,1759.0,14.4,80,10,0,F,20,A,A,B,C,A
5401,1760.0,6.6,40,20,10,F,20,A,A,C,C,A
5401,1761.0,1.4,5,25,0,F,20,A,B,C,C,B
5401,1762.0,15.0,0,15,0,F,20,A,B,D,C,B
5401,1763.0,7.5,0,0,0,F,20,A,B,D,D,B
5401,1764.0,14.9,0,0,0,F,20,A,B,D,D,B
5401,1765.0,27.1,0,0,0,F,20,A,D,D,D,B
5401,1766.0,16.6,0,0,0,F,20,A,D,D,D,B
5401,1767.0,12.7,0,0,0,F,20,A,D,D,D,B
5401,1768.0,9.9,20,20,10,F,20,A,D,D,D,B
5401,1769.0,7.5,0,0,65,F,20,A,D,D,D,B
5401,1770.0,15.1,0,0,0,M,20,A,D,D,D,B
5401,1771.0,6.4,0,0,0,M,20,A,D,D,D,B
5401,1772.0,27.0,10,0,0,M,20,A,D,D,D,C
5401,1773.0,15.1,0,0,0,M,20,B,D,E,D,D
5401,1774.0,6.0,0,45,0,M,20,B,D,E,E,D
5401,1775.0,20.2,0,25,15,M,20,B,D,E,E,D
5401,1776.0,8.5,25,0,40,M,20,B,D,E,E,D
5401,1777.0,12.9,0,0,0,M,20,B,D,E,E,E
5401,1778.0,7.5,0,35,0,M,20,B,F,F,F,E
5401,1779.0,1.0,0,0,0,M,20,D,F,F,F,E
5401,1780.0,20.8,40,10,0,M,20,E,F,F,F,F
3502,1781.0,13.9,20,0,5,F,20,A,A,B,B,A
3502,1782.0,25.1,25,0,0,F,20,A,A,B,B,A
3502,1783.0,7.5,0,35,0,F,20,A,A,B,B,A
3502,1784.0,14.1,0,0,0,F,20,A,A,B,B,A
3502,1785.0,6.4,50,20,5,F,20,A,A,B,C,A
3502,1786.0,16.0,0,0,10,F,20,A,A,B,C,A
3502,1787.0,26.1,0,0,0,F,20,A,A,B,C,A
3502,1788.0,32.5,30,15,0,F,20,A,A,B,C,A
3502,1789.0,10.7,30,5,10,F,20,A,A,B,C,A
3502,1790.0,22.5,30,10,0,F,20,A,B,B,C,A
3502,1791.0,1.0,25,0,10,F,20,A,B,C,C,A
3502,1792.0,14.1,0,0,0,F,20,A,B,C,C,A
3502,1793.0,4.0,90,35,40,F,20,A,B,C,C,A
3502,1794.0,15.3,0,0,0,F,20,A,B,C,C,A
3502,1795.0,14.9,30,20,40,F,20,A,B,C,C,A
3502,1796.0,0.0,0,0,10,F,20,A,B,C,D,A
3502,1797.0,8.2,30,30,0,F,20,A,B,C,D,A
3502,1798.0,11.9,20,15,0,F,20,A,B,C,D,A
3502,1799.0,1.6,20,0,10,F,20,A,B,C,D,A
3502,1800.0,10.9,35,0,10,M,20,A,C,C,D,A
3502,1801.0,6.8,55,80,10,M,20,A,C,C,D,A
3502,1802.0,6.8,40,10,20,M,20,A,D,C,D,B
3502,1803.0,16.0,30,45,10,M,20,A,D,C,D,B
3502,1804.0,4.0,0,5,10,M,20,A,D,C,D,B
3502,1805.0,24.9,10,15,0,M,20,A,D,C,D,B
3502,1806.0,11.5,0,40,0,M,20,A,D,C,D,B
3502,1807.0,15.5,15,60,15,M,20,A,D,D,D,B
3502,1808.0,13.1,10,0,20,M,20,A,D,D,D,B
3502,1809.0,4.6,0,5,10,M,20,A,D,D,D,B
3502,1810.0,1.6,0,0,0,M,20,A,D,D,D,B
3502,1811.0,5.0,0,0,0,M,20,A,D,D,D,B
3502,1812.0,14.0,0,10,0,M,20,A,D,D,D,B
3502,1813.0,25.4,30,15,50,M,20,A,D,D,D,B
3502,1814.0,5.8,40,35,80,M,20,A,D,D,E,C
3502,1815.0,8.2,0,0,0,M,20,A,D,D,E,C
3502,1816.0,18.2,65,0,0,M,20,A,D,D,E,C
3502,1817.0,11.7,0,0,10,M,20,A,D,D,E,C
3502,1818.0,11.9,25,5,10,M,20,A,D,D,E,C
3502,1819.0,16.2,80,5,0,M,20,A,D,D,E,C
3502,1820.0,25.2,0,25,0,M,20,A,D,D,E,C
3502,1821.0,14.9,15,0,5,M,20,A,D,D,E,C
3502,1822.0,10.3,20,30,0,M,20,A,D,D,E,C
3502,1823.0,13.7,0,15,0,M,20,A,D,D,E,C
3502,1824.0,26.5,0,0,0,M,20,A,D,D,E,C
3502,1825.0,11.7,40,0,0,M,20,A,D,D,E,C
3502,1826.0,13.9,30,30,40,M,20,A,D,E,E,C
3502,1827.0,21.2,0,40,10,M,20,B,D,E,E,C
3502,1828.0,14.7,40,15,40,M,20,B,D,E,E,C
3502,1829.0,5.8,50,5,25,M,20,B,D,E,E,C
3502,1830.0,7.5,75,0,0,M,20,B,D,E,F,D
3502,1831.0,12.1,0,15,0,M,20,C,D,E,F,D
3502,1832.0,14.3,10,0,15,M,20,E,D,E,F,D
3502,1833.0,8.9,0,30,0,M,20,E,F,F,F,E
3502,1834.0,27.1,0,0,0,M,20,E,F,F,F,E
3502,1835.0,23.4,0,20,0,M,20,,,,,
3502,1836.0,6.6,0,0,0,M,20,,,,,
3502,1837.0,3.4,0,0,0,M,20,,,,,
3502,1838.0,16.7,0,0,0,M,20,,,,,
3502,1839.0,0.0,0,0,0,M,20,,,,,
3502,1840.0,8.6,0,0,0,M,20,,,,,
3502,1841.0,10.2,30,30,0,M,20,,,,,
3502,1842.0,15.0,0,0,0,M,20,,,,,
3502,1843.0,0.0,0,0,0,M,20,,,,,
3502,1844.0,0.0,0,0,0,M,20,,,,,
3502,1845.0,15.0,0,0,0,M,20,,,,,
3502,1846.0,15.0,50,0,45,M,20,,,,,
3502,1847.0,15.0,0,0,0,M,20,,,,,
2402,1848.0,3.6,0,0,0,F,20,A,A,A,A,A
2402,1849.0,22.5,50,0,70,F,20,A,A,A,A,A
2402,1850.0,0.0,70,50,0,F,20,A,A,A,A,A
2402,1851.0,15.0,0,0,20,F,20,A,A,A,A,A
2402,1852.0,15.0,0,0,0,F,20,A,A,B,B,A
2402,1853.0,7.5,10,60,0,F,20,A,A,B,B,A
2402,1854.0,14.5,0,0,25,F,20,A,A,B,B,A
2402,1855.0,17.8,0,30,30,F,20,A,A,B,B,A
2402,1856.0,26.7,0,0,0,F,20,A,A,B,B,A
2402,1857.0,0.0,0,0,0,F,20,A,A,B,B,A
2402,1858.0,0.0,0,25,0,F,20,A,A,B,B,A
2402,1859.0,0.0,0,0,0,F,20,A,A,B,B,A
2402,1860.0,11.5,50,0,0,F,20,A,A,B,C,A
2402,1861.0,17.4,0,0,0,F,20,A,A,B,C,A
2402,1862.0,9.9,0,0,0,F,20,A,B,B,C,A
2402,1863.0,16.0,0,0,0,F,20,A,B,B,C,B
2402,1864.0,15.0,0,0,0,F,20,A,B,C,C,B
2402,1865.0,11.4,40,60,25,F,20,A,B,C,C,B
2402,1866.0,15.0,0,0,0,F,20,A,B,C,C,B
2402,1867.0,0.0,0,0,0,F,20,A,B,C,D,B
2402,1868.0,12.4,0,0,15,F,20,A,B,C,D,B
2402,1869.0,13.3,0,0,25,F,20,A,B,C,D,B
2402,1870.0,27.9,0,0,0,F,20,A,C,C,D,B
2402,1871.0,18.0,0,0,0,F,20,A,C,C,D,B
2402,1872.0,15.0,20,0,0,F,20,A,D,D,D,B
2402,1873.0,15.0,20,0,0,F,20,A,D,D,D,B
2402,1874.0,4.2,20,0,0,F,20,A,D,D,D,B
2402,1875.0,0.0,0,0,0,F,20,A,D,D,D,B
2402,1876.0,0.0,0,0,0,F,20,A,D,D,D,B
2402,1877.0,0.0,0,0,0,F,20,A,D,D,D,B
2402,1878.0,0.0,0,0,0,F,20,A,D,D,D,B
2402,1879.0,15.0,0,0,0,F,20,A,D,D,D,B
2402,1880.0,0.0,0,0,0,F,20,A,D,D,D,B
2402,1881.0,0.0,0,0,0,F,20,A,D,D,D,B
2402,1882.0,15.0,0,0,0,F,20,A,D,D,D,B
2402,1883.0,0.0,0,0,0,F,20,A,D,D,D,B
2402,1884.0,0.0,0,0,0,F,20,A,D,D,D,B
2402,1885.0,22.5,0,45,0,F,20,A,D,D,D,B
2402,1886.0,15.0,0,0,0,M,20,A,D,E,E,C
2402,1887.0,0.0,0,0,0,M,20,A,D,E,E,D
2402,1888.0,0.0,0,0,0,M,20,A,D,E,E,D
2402,1889.0,0.0,0,0,0,M,20,B,D,E,E,D
2402,1890.0,3.6,0,0,0,M,20,B,D,E,E,D
2402,1891.0,16.0,0,0,0,M,20,B,D,E,E,D
2402,1892.0,0.0,0,0,0,M,20,B,D,E,E,E
2402,1893.0,14.1,0,15,0,M,20,B,F,F,F,E
2402,1894.0,0.0,0,0,0,M,20,C,F,F,F,E
2402,1895.0,19.2,0,0,0,M,20,E,F,F,F,F
2402,1896.0,0.0,0,0,0,M,20,,,,,
2402,1897.0,0.0,0,0,0,M,20,,,,,
2402,1898.0,0.0,0,0,0,M,20,,,,,
2402,1899.0,0.0,0,0,0,M,20,,,,,
2402,1900.0,0.0,0,0,0,M,20,,,,,
2402,1901.0,15.0,0,0,0,M,20,,,,,
2402,1902.0,0.0,0,0,0,M,20,,,,,
2402,1903.0,0.0,0,0,0,M,20,,,,,
2402,1904.0,0.0,0,0,0,M,20,,,,,
2402,1905.0,0.0,0,0,0,M,20,,,,,
2402,1906.0,16.0,0,0,0,M,20,,,,,
2402,1907.0,0.0,0,0,0,M,20,,,,,
2402,1908.0,15.0,15,5,0,M,20,,,,,
2402,1909.0,9.1,20,0,40,M,20,,,,,
2402,1910.0,9.2,45,75,15,M,20,,,,,
2402,1911.0,6.0,0,0,10,M,20,,,,,
2402,1912.0,17.0,40,45,70,M,20,,,,,
2402,1913.0,7.5,0,0,0,M,20,,,,,
2402,1914.0,7.5,0,0,0,M,20,,,,,
2402,1915.0,7.5,0,0,0,M,20,,,,,
2402,1916.0,17.5,0,0,0,M,20,,,,,
2402,1917.0,7.5,0,0,0,M,20,,,,,
2402,1918.0,7.5,0,0,0,M,20,,,,,
2402,1919.0,7.5,0,0,0,M,20,,,,,
2402,1920.0,20.7,20,0,40,M,20,,,,,
2402,1921.0,7.5,0,0,0,M,20,,,,,
2402,1922.0,7.5,0,0,0,M,20,,,,,
2402,1923.0,16.4,0,0,0,M,20,,,,,
2402,1924.0,19.3,0,0,0,M,20,,,,,
2402,1925.0,7.5,0,0,0,M,20,,,,,
2402,1926.0,0.0,10,0,40,M,20,,,,,
2402,1927.0,7.5,0,0,0,M,20,,,,,
2402,1928.0,7.5,0,0,0,M,20,,,,,
2402,1929.0,7.5,0,0,0,M,20,,,,,
2402,1930.0,7.5,0,0,0,M,20,,,,,
2402,1931.0,7.5,0,0,0,M,20,,,,,
2402,1932.0,7.5,0,0,0,M,20,,,,,
2402,1933.0,7.5,30,0,45,M,20,,,,,
2402,1934.0,7.5,50,0,30,M,20,,,,,
2402,1935.0,7.5,0,0,0,M,20,,,,,
2402,1936.0,7.5,0,0,0,M,20,,,,,
2402,1937.0,7.5,0,0,0,M,20,,,,,
2402,1938.0,7.5,0,0,0,M,20,,,,,
3002,1939.0,13.9,0,0,0,F,20,A,A,A,A,A
3002,1940.0,6.4,0,50,0,F,20,A,A,A,A,A
3002,1941.0,9.5,0,50,10,F,20,A,A,A,A,A
3002,1942.0,6.4,0,10,0,F,20,A,A,A,A,A
3002,1943.0,7.5,0,0,0,F,20,A,A,A,A,A
3002,1944.0,7.5,0,0,0,F,20,A,A,A,A,A
3002,1945.0,0.0,0,0,0,F,20,A,A,A,B,A
3002,1946.0,7.5,0,0,0,F,20,A,A,B,B,A
3002,1947.0,7.5,0,0,0,F,20,A,A,B,B,A
3002,1948.0,7.5,0,0,0,F,20,A,A,B,B,A
3002,1949.0,7.5,0,0,0,F,20,A,A,B,B,A
3002,1950.0,17.6,0,0,0,F,20,A,B,B,B,A
3002,1951.0,16.8,50,90,20,F,20,A,B,B,B,A
3002,1952.0,7.5,0,0,0,F,20,A,B,B,B,A
3002,1953.0,9.1,10,0,0,F,20,A,B,B,B,A
3002,1954.0,27.4,30,25,35,F,20,A,B,B,C,A
3002,1955.0,0.0,0,0,0,F,20,A,B,B,C,A
3002,1956.0,7.5,0,0,0,F,20,A,B,B,C,A
3002,1957.0,12.7,50,60,0,F,20,A,B,B,C,A
3002,1958.0,0.0,0,0,0,F,20,A,C,B,C,A
3002,1959.0,7.5,0,0,0,F,20,A,C,B,C,A
3002,1960.0,7.5,0,0,0,F,20,A,C,B,C,A
3002,1961.0,7.5,0,0,0,F,20,A,D,B,C,A
3002,1962.0,7.5,0,0,0,F,20,A,D,B,C,A
3002,1963.0,7.5,0,0,0,F,20,A,D,C,C,A
3002,1964.0,7.5,0,0,0,F,20,A,D,C,C,A
3002,1965.0,7.5,0,0,0,F,20,A,D,C,C,A
3002,1966.0,7.5,0,0,0,F,20,A,D,C,C,A
3002,1967.0,7.5,0,0,0,F,20,A,D,C,C,A
3002,1968.0,14.3,15,0,0,M,20,A,D,C,D,A
3002,1969.0,7.5,0,0,0,M,20,A,D,C,D,B
3002,1970.0,7.5,0,0,0,M,20,A,D,C,D,B
3002,1971.0,7.5,0,0,0,M,20,A,D,D,D,B
3002,1972.0,7.5,0,0,0,M,20,A,D,D,D,B
3002,1973.0,7.5,0,0,0,M,20,A,D,D,D,B
3002,1974.0,17.0,10,0,0,M,20,A,D,D,D,B
3002,1975.0,7.5,0,0,0,M,20,A,D,D,D,B
3002,1976.0,17.5,25,55,0,M,20,A,D,D,D,B
3002,1977.0,7.5,0,0,0,M,20,A,D,D,D,B
3002,1978.0,7.5,0,0,0,M,20,A,D,D,D,B
3002,1979.0,7.5,0,0,0,M,20,A,D,D,D,B
3002,1980.0,7.5,0,0,0,M,20,A,D,D,D,B
3002,1981.0,7.5,0,0,0,M,20,A,D,D,D,B
3002,1982.0,7.5,0,0,0,M,20,A,D,D,D,B
3002,1983.0,3.0,20,0,10,M,20,A,D,D,D,B
3002,1984.0,7.5,0,0,0,M,20,A,D,D,D,B
3002,1985.0,7.5,0,0,0,M,20,A,D,D,D,B
3002,1986.0,7.5,0,0,0,M,20,A,D,D,D,B
3002,1987.0,7.5,0,0,0,M,20,A,D,D,D,B
3002,1988.0,7.5,0,0,0,M,20,A,D,D,D,B
3002,1989.0,7.5,0,0,0,M,20,A,D,D,D,B
3002,1990.0,0.0,30,0,20,M,20,A,D,D,D,B
3002,1991.0,7.5,0,0,0,M,20,B,D,D,D,B
3002,1992.0,7.5,0,0,0,M,20,B,D,D,D,B
3002,1993.0,0.0,10,30,10,M,20,B,D,D,D,B
3002,1994.0,18.4,0,0,0,M,20,B,D,D,D,B
3002,1995.0,7.5,0,0,0,M,20,B,D,D,D,B
3002,1996.0,7.5,0,0,0,M,20,B,D,D,D,C
3202,1997.0,9.5,30,0,0,F,20,A,A,A,A,A
3202,1998.0,7.5,0,0,0,F,20,A,A,B,B,A
3202,1999.0,7.4,0,0,0,F,20,A,A,B,B,A
3202,2000.0,7.5,0,0,0,F,20,A,A,B,B,A
3202,2001.0,7.5,0,0,0,F,20,A,A,B,B,A
3202,2002.0,7.5,0,0,0,F,20,A,B,B,B,A
3202,2003.0,7.5,0,0,0,F,20,A,B,B,B,A
3202,2004.0,9.5,10,20,30,F,20,A,B,B,B,A
3202,2005.0,7.5,0,0,0,F,20,A,B,B,C,A
3202,2006.0,7.5,0,0,0,F,20,A,B,B,C,A
3202,2007.0,7.5,0,0,0,F,20,A,D,C,D,A
3202,2008.0,22.2,10,25,15,F,20,A,D,C,D,A
3202,2009.0,7.5,0,0,0,F,20,A,D,C,D,B
3202,2010.0,7.5,50,5,20,M,20,A,D,C,D,B
3202,2011.0,7.5,0,0,0,M,20,A,D,C,D,B
3202,2012.0,7.5,0,0,0,M,20,A,D,C,D,B
3202,2013.0,15.3,50,30,0,M,20,,,,,
3202,2014.0,7.5,0,0,0,M,20,,,,,
3202,2015.0,7.5,0,0,0,M,20,,,,,
5401,2016.0,7.5,0,0,0,F,20,A,A,A,C,A
5401,2017.0,7.5,0,0,0,F,20,A,A,B,C,B
5401,2018.0,23.5,20,15,5,F,20,A,A,B,D,B
5401,2019.0,7.5,0,0,0,F,20,A,A,C,D,B
5401,2020.0,7.5,0,0,0,F,20,A,B,C,D,B
5401,2021.0,7.5,0,0,0,F,20,A,D,D,D,B
5401,2022.0,7.5,0,0,0,F,20,A,D,D,D,B
5401,2023.0,7.5,20,40,15,F,20,A,D,D,D,C
5401,2024.0,7.5,0,0,0,F,20,A,D,D,D,D
5401,2025.0,7.5,0,0,0,F,20,A,D,D,D,D
4004,2026.0,7.5,0,0,0,M,20,A,A,B,D,B
4004,2027.0,7.5,0,0,0,M,20,A,A,C,D,B
4004,2028.0,7.5,0,0,0,M,20,A,A,C,D,B
4004,2029.0,7.5,0,0,0,M,20,A,A,C,D,B
4004,2030.0,7.5,0,0,0,M,20,A,A,C,D,B
4004,2031.0,7.5,0,0,0,M,20,A,A,C,D,B
4004,2032.0,7.5,0,0,0,M,20,A,A,D,D,B
4004,2033.0,7.5,0,0,0,M,20,A,A,D,D,B
4004,2034.0,7.5,0,0,0,M,20,A,A,D,D,B
4004,2035.0,7.5,0,0,0,M,20,A,A,D,D,B
4004,2036.0,7.5,0,0,0,M,20,A,A,D,D,B
4004,2037.0,7.5,0,0,0,M,20,A,B,D,D,B
4004,2038.0,7.5,0,0,0,M,20,A,B,D,D,B
4004,2039.0,8.5,20,30,15,M,20,A,B,D,D,B
4004,2040.0,7.5,0,0,0,M,20,A,B,D,D,C
4004,2041.0,7.5,0,0,0,M,20,A,D,D,D,C
4004,2042.0,0.0,0,0,0,M,20,A,D,D,D,C
4004,2043.0,7.5,0,0,0,M,20,A,D,D,E,C
4004,2044.0,4.4,0,0,0,M,20,A,D,D,E,C
4004,2045.0,18.0,0,0,0,M,20,A,D,D,E,D
4004,2046.0,13.1,30,0,10,M,20,A,D,D,E,D
4004,2047.0,1.6,0,20,0,M,20,A,D,E,E,D
4004,2048.0,1.0,0,0,0,M,20,A,D,E,E,E
4004,2049.0,17.0,0,0,0,M,20,A,D,E,E,E
4004,2050.0,10.1,50,10,0,M,20,A,D,E,E,E
4004,2051.0,12.7,30,0,25,M,20,A,D,E,E,E
4004,2052.0,17.0,0,0,0,M,20,A,D,E,E,E
4004,2053.0,4.6,0,0,0,M,20,A,D,E,F,E
4004,2054.0,35.6,0,35,0,M,20,A,D,E,F,E
4004,2055.0,17.0,0,0,0,M,20,A,D,E,F,E
4004,2056.0,17.0,0,0,0,M,20,A,D,E,F,E
4004,2057.0,15.5,10,15,0,M,20,A,D,E,F,F
4004,2058.0,20.0,0,0,0,M,20,B,D,F,F,F
4004,2059.0,7.8,10,0,0,M,20,B,D,F,F,F
4004,2060.0,28.9,0,0,0,M,20,B,E,F,F,F
4004,2061.0,3.4,0,0,30,M,20,E,F,F,F,G
1501,2062.0,35.2,25,15,0,F,20,A,A,A,B,A
1501,2063.0,8.0,0,0,0,F,20,A,A,A,B,A
1501,2064.0,24.0,0,35,5,F,20,A,A,A,B,A
1501,2065.0,4.4,10,15,0,F,20,A,A,B,B,A
1501,2066.0,30.0,0,0,0,F,20,A,A,B,C,A
1501,2067.0,7.5,0,45,0,F,20,A,A,B,C,A
1501,2068.0,9.5,0,0,0,F,20,A,A,B,D,A
1501,2069.0,17.1,0,0,25,F,20,A,B,B,D,A
1501,2070.0,6.8,30,50,0,F,20,A,B,B,D,A
1501,2071.0,30.0,0,0,0,F,20,A,B,C,D,A
1501,2072.0,13.5,90,0,20,F,20,A,B,D,D,B
1501,2073.0,3.2,100,0,5,F,20,A,B,D,D,B
1501,2074.0,14.5,0,0,0,F,20,A,D,D,D,B
1501,2075.0,1.0,0,0,0,F,20,A,D,D,D,B
1501,2076.0,7.5,0,45,0,F,20,A,D,D,D,B
1501,2077.0,17.0,0,0,0,F,20,A,D,D,D,B
1501,2078.0,13.7,0,20,0,F,20,A,D,D,D,B
1501,2079.0,1.0,0,0,0,M,20,A,D,D,D,B
1501,2080.0,14.3,0,0,0,M,20,A,D,D,D,B
1501,2081.0,23.6,25,20,0,M,20,A,D,D,D,B
1501,2082.0,16.1,75,0,0,M,20,A,D,D,D,B
1501,2083.0,12.5,50,50,0,M,20,A,D,D,D,C
1501,2084.0,1.0,0,0,0,M,20,A,D,D,E,C
1501,2085.0,7.5,0,45,0,M,20,A,D,D,E,C
1501,2086.0,14.1,0,10,0,M,20,A,D,E,F,C
1501,2087.0,18.8,0,0,0,M,20,B,D,E,F,C
1501,2088.0,30.0,0,0,0,M,20,E,F,E,F,F
1501,2089.0,11.3,10,30,10,M,20,,,,,
1601,2090.0,29.9,0,0,0,F,20,A,A,B,B,A
1601,2091.0,17.0,0,0,0,F,20,A,A,C,B,A
1601,2092.0,3.2,20,0,10,F,20,A,A,C,C,A
1601,2093.0,17.0,15,0,0,F,20,A,A,C,C,A
1601,2094.0,4.0,20,60,20,F,20,A,A,C,C,A
1601,2095.0,3.2,30,0,0,F,20,A,A,C,C,B
1601,2096.0,15.0,0,0,0,F,20,A,A,C,D,B
1601,2097.0,12.3,0,25,0,F,20,A,A,D,D,B
1601,2098.0,15.0,0,0,0,F,20,A,B,D,D,B
1601,2099.0,7.0,0,40,20,F,20,A,B,D,D,B
1601,2100.0,24.5,10,20,10,F,20,A,B,D,D,B
1601,2101.0,11.3,30,20,5,F,20,A,D,D,D,B
1601,2102.0,15.0,0,0,0,M,20,A,D,D,D,C
1601,2103.0,4.8,0,0,0,M,20,A,D,D,D,C
1601,2104.0,15.7,70,20,0,M,20,A,D,D,E,C
1601,2105.0,14.3,0,20,0,M,20,A,D,E,E,D
1601,2106.0,15.0,0,0,0,M,20,A,D,E,E,E
2402,2107.0,17.1,0,0,0,F,20,A,A,D,D,B
2402,2108.0,15.0,0,0,0,F,20,A,A,D,D,B
2402,2109.0,15.0,0,0,0,F,20,A,A,D,D,B
2402,2110.0,5.0,0,0,0,F,20,A,A,D,D,C
2402,2111.0,15.0,0,0,0,M,20,A,A,D,D,C
2402,2112.0,3.8,20,5,5,M,20,A,A,D,D,C
2402,2113.0,7.5,5,0,0,M,20,A,A,E,E,C
2402,2114.0,33.6,25,30,0,M,20,A,A,E,E,C
2402,2115.0,3.6,30,0,0,M,20,A,B,E,E,C
904,2116.0,15.0,0,0,0,F,20,A,A,B,B,A
904,2117.0,15.0,0,0,0,F,20,A,A,B,B,A
904,2118.0,15.0,0,0,0,F,20,A,A,B,B,A
904,2119.0,12.3,0,15,0,F,20,A,A,B,B,A
904,2120.0,15.0,0,0,0,F,20,A,A,B,B,A
904,2121.0,15.0,0,0,0,F,20,A,A,B,B,A
904,2122.0,10.4,0,30,0,F,20,A,A,B,B,A
904,2123.0,15.0,0,0,0,F,20,A,A,B,B,A
904,2124.0,15.0,0,0,0,F,20,A,A,B,C,A
904,2125.0,15.0,0,0,0,F,20,A,A,B,C,B
904,2126.0,15.0,0,15,0,F,20,A,A,B,C,B
904,2127.0,15.0,0,0,0,F,20,A,A,B,C,B
904,2128.0,15.0,0,0,0,F,20,A,A,B,C,B
904,2129.0,17.3,0,0,0,F,20,A,A,C,C,B
904,2130.0,4.8,0,0,0,F,20,A,A,C,C,B
904,2131.0,2.4,40,0,0,F,20,A,A,C,D,B
904,2132.0,10.5,0,30,0,F,20,A,B,C,D,B
904,2133.0,7.5,5,0,0,M,20,C,D,E,F,D
904,2134.0,15.0,0,0,0,M,20,C,D,E,F,D
904,2135.0,6.0,10,0,5,M,20,D,D,E,F,E
904,2136.0,14.7,30,0,0,M,20,E,D,E,F,E
904,2137.0,16.3,30,60,5,M,20,E,D,E,F,E
904,2138.0,16.4,10,0,10,M,20,E,F,E,F,E
904,2139.0,3.6,20,0,10,M,20,E,F,E,F,E
904,2140.0,16.5,40,45,10,M,20,,,,,
904,2141.0,11.1,35,20,0,M,20,,,,,
904,2142.0,7.5,0,0,5,M,20,,,,,
4004,2143.0,13.3,0,20,0,M,20,A,A,C,D,C
4004,2144.0,15.0,0,0,10,M,20,A,A,C,D,C
4004,2145.0,30.9,0,0,0,M,20,A,A,C,D,C
4004,2146.0,15.0,80,80,20,M,20,A,A,C,D,D
4004,2147.0,7.5,0,10,0,M,20,A,A,C,D,D
4004,2148.0,12.3,0,20,0,M,20,A,A,D,D,D
4004,2149.0,18.6,0,35,30,M,20,A,A,D,D,D
4004,2150.0,11.7,30,15,10,M,20,A,A,D,D,D
4004,2151.0,10.3,0,0,0,M,20,A,A,D,D,D
4004,2152.0,15.0,25,0,0,M,20,A,A,D,D,D
4004,2153.0,13.9,0,0,15,M,20,A,A,D,D,D
4004,2154.0,8.1,0,5,0,M,20,A,D,D,E,E
4004,2155.0,8.5,0,0,0,M,20,A,D,D,E,E
4004,2156.0,19.6,0,0,0,M,20,A,D,D,E,E
4004,2157.0,1.0,25,5,20,M,20,A,D,E,E,E
4004,2158.0,31.2,0,0,0,M,20,A,D,E,E,E
4004,2159.0,10.7,30,20,10,M,20,A,D,E,E,F
4004,2160.0,8.6,50,0,10,M,20,A,F,E,F,F
4004,2161.0,5.2,0,0,0,M,20,B,F,F,F,F
4004,2162.0,30.1,80,0,0,M,20,B,F,F,F,F
3202,2163.0,16.1,25,0,0,M,20,,,,,
4004,2164.0,17.7,0,0,0,F,20,A,A,A,B,A
4004,2165.0,8.5,0,45,0,F,20,A,A,A,B,A
4004,2166.0,8.5,0,0,0,F,20,A,A,B,B,A
4004,2167.0,16.3,25,0,0,F,20,A,A,B,B,A
4004,2168.0,15.1,0,0,0,F,20,A,A,B,B,B
4004,2169.0,15.1,0,0,0,F,20,A,A,B,C,B
4004,2170.0,8.2,0,45,0,F,20,A,A,B,C,B
4004,2171.0,2.0,45,0,0,F,20,A,A,B,C,B
4004,2172.0,7.5,0,0,0,M,20,A,A,D,D,C
4004,2173.0,8.9,0,0,0,M,20,A,A,D,D,C
4004,2174.0,5.0,30,70,0,M,20,A,A,D,D,C
4004,2175.0,7.5,0,0,0,M,20,A,A,D,D,C
4004,2176.0,7.5,0,0,0,M,20,A,A,D,D,C
4004,2177.0,30.0,0,0,0,M,20,A,A,D,D,C
4004,2178.0,7.5,0,0,0,M,20,A,A,D,D,C
4004,2179.0,7.5,0,0,0,M,20,A,A,D,D,C
4004,2180.0,8.9,50,25,0,M,20,A,A,D,D,C
4004,2181.0,10.7,0,0,0,M,20,A,A,D,D,C
4004,2182.0,31.4,0,0,0,M,20,A,A,D,D,C
4004,2183.0,5.8,0,0,0,M,20,A,A,D,D,C
4004,2184.0,10.1,0,35,0,M,20,A,A,D,E,D
4004,2185.0,30.0,0,0,0,M,20,A,A,D,E,D
4004,2186.0,18.2,0,0,0,M,20,A,A,D,E,D
4004,2187.0,17.9,0,0,0,M,20,A,A,D,E,D
4004,2188.0,30.0,0,0,0,M,20,A,A,D,E,D
4004,2189.0,9.1,0,0,0,M,20,A,A,D,E,E
4004,2190.0,18.6,0,0,10,M,20,A,A,D,E,E
4004,2191.0,8.5,0,0,5,M,20,A,A,D,E,E
4004,2192.0,1.4,10,0,40,M,20,A,A,D,E,E
4004,2193.0,4.0,35,0,0,M,20,A,B,E,E,E
4004,2194.0,14.7,35,0,0,M,20,A,B,E,E,E
4004,2195.0,12.8,50,0,0,M,20,A,C,E,E,E
4004,2196.0,11.7,30,70,30,M,20,A,C,E,E,E
4004,2197.0,18.0,0,0,0,M,20,A,C,E,E,E
4004,2198.0,19.2,50,0,30,M,20,A,C,E,E,E
4004,2199.0,1.4,50,0,0,M,20,A,C,E,E,E
4004,2200.0,17.5,25,0,0,M,20,A,C,E,E,E
4004,2201.0,30.0,0,0,0,M,20,A,C,E,E,E
4004,2202.0,7.5,0,0,0,M,20,A,D,E,E,F
4004,2203.0,11.9,0,25,0,M,20,A,D,E,E,F
4004,2204.0,9.7,10,30,0,M,20,A,D,E,E,F
4004,2205.0,13.3,0,15,0,M,20,A,D,E,E,F
4004,2206.0,2.0,0,0,0,M,20,A,D,E,E,F
1602,2207.0,3.2,10,0,0,F,20,A,A,C,D,B
1602,2208.0,11.7,0,0,30,F,20,A,A,C,D,B
1602,2209.0,17.6,20,0,0,F,20,A,A,C,D,B
1602,2210.0,15.0,0,35,0,F,20,A,A,C,D,B
1602,2211.0,30.0,0,0,0,F,20,A,A,C,D,B
1602,2212.0,4.4,30,5,0,F,20,A,A,C,D,B
1602,2213.0,10.5,0,20,15,F,20,A,A,C,D,B
1602,2214.0,30.5,0,0,0,F,20,A,A,C,D,B
1602,2215.0,7.5,30,0,0,F,20,A,A,D,D,B
1602,2216.0,9.5,0,0,0,F,20,A,A,D,D,B
1602,2217.0,5.0,0,0,0,F,20,A,A,D,D,B
1602,2218.0,2.6,0,0,0,F,20,A,A,D,D,B
1602,2219.0,31.6,0,0,0,F,20,A,A,D,D,B
1602,2220.0,0.0,0,0,0,F,20,A,A,D,D,B
1602,2221.0,2.8,0,45,0,F,20,A,A,D,D,C
1602,2222.0,29.8,0,0,0,F,20,A,A,D,D,C
1602,2223.0,6.0,40,0,0,F,20,A,A,D,D,C
1602,2224.0,14.5,30,60,25,F,20,A,A,D,D,C
1602,2225.0,6.4,20,0,0,F,20,A,A,D,D,C
1602,2226.0,14.5,5,25,10,F,20,A,A,D,E,C
1602,2227.0,26.5,30,5,0,F,20,A,A,D,E,C
1602,2228.0,13.3,25,0,30,F,20,A,A,D,E,C
1602,2229.0,13.5,70,50,0,F,20,A,B,D,E,D
1602,2230.0,23.4,10,45,0,F,20,A,B,E,E,D
1602,2231.0,24.2,0,40,0,F,20,A,B,E,E,D
1602,2232.0,0.0,0,0,0,F,20,A,C,E,E,D
1602,2233.0,19.3,10,65,0,M,20,A,C,E,E,D
1602,2234.0,9.4,0,0,0,M,20,A,D,E,E,D
1602,2235.0,31.5,0,0,0,M,20,A,D,E,E,D
1602,2236.0,18.6,0,0,0,M,20,A,D,E,E,D
1602,2237.0,8.4,75,35,30,M,20,A,D,E,E,E
1602,2238.0,9.5,0,0,0,M,20,A,D,E,E,E
1602,2239.0,20.8,75,0,0,M,20,A,D,F,E,E
1602,2240.0,27.7,10,0,0,M,20,B,D,F,F,F
1602,2241.0,3.6,10,0,30,M,20,E,E,F,F,F
1602,2242.0,8.4,50,0,30,M,20,,,,,
1602,2243.0,2.4,0,0,0,M,20,,,,,
1602,2244.0,7.5,15,0,0,M,20,,,,,
1602,2245.0,15.7,0,0,10,M,20,,,,,
1602,2246.0,29.1,0,0,0,M,20,,,,,
1402,2247.0,20.6,0,0,0,M,20,A,A,D,D,B
1402,2248.0,6.2,0,0,0,M,20,A,A,D,D,B
1402,2249.0,30.3,0,0,0,M,20,A,A,D,D,B
1402,2250.0,18.6,0,0,0,M,20,A,A,D,D,B
1402,2251.0,18.4,0,0,0,M,20,A,A,D,D,B
1402,2252.0,20.4,30,35,10,M,20,A,A,D,D,B
1402,2253.0,23.5,15,30,10,M,20,A,B,D,D,B
1402,2254.0,18.0,10,60,20,M,20,A,B,D,D,C
1402,2255.0,5.0,20,0,10,M,20,A,B,D,D,C
1402,2256.0,7.5,0,15,0,M,20,A,B,E,E,C
1402,2257.0,20.6,0,0,0,M,20,A,D,E,E,D
1402,2258.0,9.5,0,0,0,M,20,A,D,E,E,D
702,2259.0,7.5,15,0,0,F,20,A,A,B,B,A
702,2260.0,17.5,0,0,0,F,20,A,A,B,B,B
702,2261.0,2.4,15,20,15,F,20,A,A,B,B,B
702,2262.0,1.4,10,0,0,F,20,A,A,B,B,B
702,2263.0,19.0,0,0,0,F,20,A,A,C,C,B
702,2264.0,16.9,15,0,0,F,20,A,A,C,C,B
702,2265.0,21.0,0,0,0,F,20,A,A,C,D,B
702,2266.0,9.9,0,0,0,F,20,A,A,D,D,B
702,2267.0,6.6,0,0,0,F,20,A,A,D,D,B
702,2268.0,27.8,0,20,0,F,20,A,A,D,D,B
702,2269.0,0.0,0,20,0,F,20,A,A,D,D,B
702,2270.0,15.0,0,0,10,F,20,A,A,D,D,B
702,2271.0,2.4,30,0,20,F,20,A,A,D,D,C
702,2272.0,4.2,20,20,0,F,20,A,A,D,D,C
702,2273.0,7.4,25,0,0,M,20,A,A,D,D,C
702,2274.0,16.3,30,0,0,M,20,A,B,D,D,C
702,2275.0,30.9,0,0,0,M,20,A,D,E,E,E
702,2276.0,28.9,25,0,0,M,20,A,D,F,E,E
702,2277.0,18.3,25,0,0,M,20,A,D,F,F,F
702,2278.0,11.5,0,0,0,M,20,A,F,F,F,F
702,2279.0,30.9,0,0,0,M,20,,,,,
5401,2280.0,15.0,25,15,0,F,20,A,A,A,B,A
5401,2281.0,6.4,0,0,0,F,20,A,A,B,B,A
5401,2282.0,21.3,20,40,0,F,20,A,A,B,B,A
5401,2283.0,8.5,0,0,0,F,20,A,A,B,B,A
5401,2284.0,19.4,30,15,40,F,20,A,A,B,B,A
5401,2285.0,7.5,0,60,0,F,20,A,A,B,B,A
5401,2286.0,24.6,50,0,0,F,20,A,A,B,B,A
5401,2287.0,12.7,10,5,40,F,20,A,A,B,C,A
5401,2288.0,26.0,40,0,0,F,20,A,A,B,C,A
5401,2289.0,11.2,0,45,20,F,20,A,A,B,C,A
5401,2290.0,27.1,40,45,20,F,20,A,A,B,C,A
5401,2291.0,7.5,25,0,0,F,20,A,A,B,C,A
5401,2292.0,18.7,0,0,0,F,20,A,A,B,C,A
5401,2293.0,17.8,0,0,0,F,20,A,A,B,C,A
5401,2294.0,15.0,0,0,0,F,20,A,A,B,C,A
5401,2295.0,8.5,0,0,10,F,20,A,A,C,C,A
5401,2296.0,15.0,0,40,0,F,20,A,A,C,C,A
5401,2297.0,16.4,0,0,0,F,20,A,A,C,C,A
5401,2298.0,17.6,0,0,0,F,20,A,A,C,C,A
5401,2299.0,15.0,0,10,0,F,20,A,A,C,D,A
5401,2300.0,16.6,0,0,0,F,20,A,A,C,D,A
5401,2301.0,8.9,70,0,10,F,20,A,A,C,D,A
5401,2302.0,21.0,0,0,0,F,20,A,A,C,D,A
5401,2303.0,26.5,40,0,0,F,20,A,A,D,D,C
5401,2304.0,19.4,0,0,0,F,20,A,A,D,D,C
5401,2305.0,7.0,0,0,0,F,20,A,A,D,D,C
5401,2306.0,30.0,0,0,0,F,20,A,A,D,D,C
5401,2307.0,19.4,0,0,0,F,20,A,A,D,D,C
5401,2308.0,3.4,0,0,0,F,20,A,A,D,E,C
5401,2309.0,3.2,0,0,0,F,20,A,A,D,E,C
5401,2310.0,16.3,0,20,0,F,20,A,A,D,E,C
5401,2311.0,19.4,0,0,0,F,20,A,A,D,E,C
5401,2312.0,11.9,0,0,0,F,20,A,A,D,E,C
5401,2313.0,10.4,0,0,0,F,20,A,A,D,E,C
5401,2314.0,11.7,0,0,0,F,20,A,A,D,E,C
5401,2315.0,11.9,0,0,0,F,20,A,A,D,E,C
5401,2316.0,10.1,0,0,0,F,20,A,A,D,E,D
5401,2317.0,18.8,30,0,0,F,20,A,A,D,E,D
5401,2318.0,2.6,10,0,40,M,20,A,B,E,E,D
5401,2319.0,15.3,40,0,0,M,20,A,B,E,E,D
5401,2320.0,30.1,0,0,0,M,20,A,B,E,E,D
5401,2321.0,30.0,0,0,0,M,20,A,B,E,E,D
5401,2322.0,10.4,0,0,0,M,20,A,B,E,E,D
5401,2323.0,7.4,5,0,15,M,20,A,B,E,E,D
5401,2324.0,30.0,0,0,0,M,20,A,B,E,E,E
5401,2325.0,25.5,0,30,0,M,20,A,C,E,E,E
5401,2326.0,12.5,0,30,0,M,31,A,C,E,E,E
5401,2327.0,30.0,0,0,0,M,20,A,D,E,F,E
5401,2328.0,9.5,0,0,5,M,20,A,D,E,F,E
5401,2329.0,22.5,0,40,10,M,20,A,D,E,F,E
5401,2330.0,19.9,10,0,0,M,20,A,D,E,F,E
5401,2331.0,10.1,0,30,15,M,20,A,D,E,F,E
5401,2332.0,32.1,0,0,0,M,20,A,D,E,F,F
5401,2333.0,30.0,0,0,0,M,20,A,D,E,F,F
5401,2334.0,10.7,20,45,5,M,20,A,D,E,F,F
5401,2335.0,13.1,10,15,0,M,20,A,D,E,F,F
5401,2336.0,30.0,0,0,0,M,20,B,D,F,F,F
5401,2337.0,8.5,0,55,0,M,20,B,D,F,F,F
5401,2338.0,30.0,0,0,0,M,20,E,D,F,F,F
5401,2339.0,2.6,0,45,5,M,20,E,D,F,F,F
5401,2340.0,2.6,40,0,10,M,20,E,D,F,F,F
5401,2341.0,30.6,0,0,0,M,20,E,F,F,F,G
5401,2342.0,17.0,0,0,0,M,20,E,F,F,F,G
5401,2343.0,12.5,30,0,0,M,20,,,,,
5401,2344.0,19.4,0,0,0,M,20,,,,,
5401,2345.0,21.5,35,10,30,M,20,,,,,
5401,2346.0,18.4,0,0,0,M,20,,,,,
5401,2347.0,31.6,0,0,0,M,20,,,,,
5401,2348.0,5.4,0,25,0,M,20,,,,,
5401,2349.0,7.5,0,0,0,M,20,,,,,
5401,2350.0,9.5,0,0,10,M,20,,,,,
3502,2351.0,4.4,55,30,0,F,20,A,A,A,B,A
3502,2352.0,10.7,0,0,0,F,20,A,A,B,B,A
3502,2353.0,10.7,0,0,0,F,20,A,A,B,B,A
3502,2354.0,7.5,0,0,0,F,20,A,A,B,B,A
3502,2355.0,30.0,20,0,0,F,20,A,A,B,C,A
3502,2356.0,9.1,0,0,0,F,20,A,A,B,C,A
3502,2357.0,7.5,0,0,0,F,20,A,A,C,C,B
3502,2358.0,7.5,0,0,0,F,20,A,A,C,C,B
3502,2359.0,7.5,0,0,0,F,20,A,A,C,C,B
3502,2360.0,7.5,0,0,0,F,20,A,A,C,C,B
3502,2361.0,15.0,0,30,0,F,20,A,A,C,C,B
3502,2362.0,7.5,0,0,0,F,20,A,A,C,D,B
3502,2363.0,7.5,0,0,0,F,20,A,A,D,D,B
3502,2364.0,7.5,0,0,0,F,20,A,A,D,D,B
3502,2365.0,7.5,0,0,0,F,20,A,A,D,D,B
3502,2366.0,0.0,0,20,20,M,20,A,A,D,D,B
3502,2367.0,7.5,0,0,0,M,20,A,A,D,D,B
3502,2368.0,16.5,5,0,0,M,20,A,A,D,D,B
3502,2369.0,26.4,25,0,0,M,20,A,A,D,D,B
3502,2370.0,7.5,0,0,0,M,20,A,A,D,D,C
3502,2371.0,7.5,0,0,0,M,20,A,A,D,D,C
3502,2372.0,7.5,0,0,0,M,20,A,A,D,D,C
3502,2373.0,19.6,0,0,0,M,20,A,B,D,D,C
3502,2374.0,7.5,0,0,0,M,20,A,B,D,D,C
3502,2375.0,15.0,30,0,0,M,20,A,B,D,E,C
3502,2376.0,7.5,0,0,0,M,20,A,B,D,E,C
3502,2377.0,15.0,50,0,0,M,20,A,B,E,E,C
3502,2378.0,10.5,0,0,0,M,20,A,B,E,E,C
3502,2379.0,6.0,20,0,10,M,20,A,D,E,E,D
3502,2380.0,15.5,0,20,0,M,20,A,D,E,E,D
3502,2381.0,7.5,0,0,0,M,20,B,D,E,F,E
3502,2382.0,7.5,0,0,0,M,20,B,D,E,F,E
3502,2383.0,7.5,0,0,0,M,20,C,D,E,F,E
3502,2384.0,7.5,20,55,20,M,20,C,D,F,F,F
3502,2385.0,18.3,0,0,0,M,20,E,D,F,F,F
3502,2386.0,7.5,20,0,0,M,20,,,,,
3502,2387.0,11.1,0,20,20,M,20,,,,,
702,2388.0,30.0,0,0,10,F,20,A,A,A,B,A
702,2389.0,19.8,0,0,0,F,20,A,A,B,B,B
702,2390.0,14.3,0,20,0,F,20,A,A,B,B,B
702,2391.0,7.5,20,0,0,F,20,A,A,B,B,B
702,2392.0,19.8,0,40,30,F,20,A,A,B,C,B
702,2393.0,9.2,0,0,0,F,20,A,A,B,C,B
702,2394.0,10.8,0,0,0,F,20,A,A,B,C,B
702,2395.0,21.6,0,60,0,F,20,A,A,C,C,B
702,2396.0,7.5,0,0,0,F,20,A,A,C,C,B
702,2397.0,7.5,0,0,0,F,20,A,A,C,D,B
702,2398.0,7.5,0,0,0,F,20,A,A,D,D,C
702,2399.0,7.5,0,0,0,F,20,A,A,D,D,C
702,2400.0,7.5,0,0,0,M,20,A,A,D,D,C
702,2401.0,42.4,10,0,0,M,20,A,A,D,D,C
702,2402.0,7.5,0,0,0,M,20,A,A,D,D,C
702,2403.0,7.5,0,0,20,M,20,A,A,D,D,C
702,2404.0,7.5,0,0,20,M,20,A,A,D,D,C
702,2405.0,10.1,0,0,5,M,20,A,A,D,D,D
1602,2406.0,12.0,0,35,0,F,20,A,A,B,C,A
1602,2407.0,9.5,10,0,0,F,20,A,A,B,C,A
1602,2408.0,13.5,10,15,0,F,20,A,A,B,C,A
1602,2409.0,7.5,0,0,0,F,20,A,A,C,C,B
1602,2410.0,7.5,0,0,0,F,20,A,A,C,C,B
1602,2411.0,2.6,0,20,0,F,20,A,A,C,C,B
1602,2412.0,25.8,0,30,0,F,20,A,A,C,C,B
1602,2413.0,0.0,25,0,0,F,20,A,A,C,C,B
1602,2414.0,17.4,0,0,30,F,20,A,A,C,C,B
1602,2415.0,18.9,25,0,0,F,20,A,A,D,D,B
1602,2416.0,11.9,20,15,30,F,20,A,A,D,D,B
1602,2417.0,7.5,20,0,0,F,20,A,A,D,D,B
1602,2418.0,8.2,50,0,40,F,20,A,A,D,D,B
1602,2419.0,14.1,30,0,20,F,20,A,A,D,D,B
1602,2420.0,7.5,0,0,0,F,20,A,B,D,D,B
1602,2421.0,7.5,0,0,0,F,20,A,B,D,D,B
1602,2422.0,3.2,0,0,0,F,20,A,B,D,D,B
1602,2423.0,6.2,50,45,10,F,20,A,B,D,D,B
1602,2424.0,16.3,40,45,25,F,20,A,B,D,D,B
1602,2425.0,6.8,35,50,15,F,20,A,C,D,D,B
1602,2426.0,16.5,70,30,10,F,20,A,C,D,D,C
1602,2427.0,7.5,0,0,0,M,20,A,C,D,E,C
1602,2428.0,17.1,0,0,0,M,20,A,D,D,E,C
1602,2429.0,17.1,0,0,0,M,20,A,D,D,E,C
1602,2430.0,10.7,0,0,0,M,20,A,D,D,E,C
1602,2431.0,12.3,75,45,0,M,20,A,D,D,E,C
1602,2432.0,24.4,60,0,0,M,20,,,,,
1602,2433.0,0.0,0,0,0,M,20,,,,,
1602,2434.0,0.0,0,0,0,M,20,,,,,
3502,2435.0,0.0,0,0,0,F,20,A,A,A,A,A
3502,2436.0,0.0,0,0,0,F,20,A,A,A,A,A
3502,2437.0,0.0,0,0,0,F,20,A,A,B,B,A
3502,2438.0,0.0,0,0,0,F,20,A,A,B,C,B
3502,2439.0,23.0,0,0,0,F,20,A,A,B,D,B
3502,2440.0,25.7,0,0,40,F,20,A,A,C,D,B
3502,2441.0,0.0,0,0,0,F,20,A,A,C,D,B
3502,2442.0,0.0,0,0,0,M,20,A,A,D,D,B
3502,2443.0,0.0,0,0,0,M,20,A,A,D,D,B
3502,2444.0,23.6,15,40,10,M,20,A,A,D,D,B
3502,2445.0,31.9,0,0,0,M,20,A,B,D,E,B
3502,2446.0,11.2,0,0,0,M,20,A,D,D,E,C
3502,2447.0,0.0,0,0,0,M,20,A,D,D,E,C
3502,2448.0,32.0,0,0,0,M,20,A,D,D,E,C
3502,2449.0,7.6,0,0,0,M,20,A,D,D,E,C
1402,2450.0,7.5,25,0,0,F,20,A,A,B,B,A
1402,2451.0,13.3,20,35,5,F,20,A,A,B,C,B
1402,2452.0,0.0,0,0,0,F,20,A,A,C,D,B
1402,2453.0,11.1,0,0,0,M,20,A,B,D,E,C
1402,2454.0,23.8,30,15,20,M,20,A,D,D,E,C
1402,2455.0,0.0,0,0,0,M,20,A,D,D,F,C
1402,2456.0,13.1,20,30,10,M,20,A,D,D,F,C
1402,2457.0,2.6,35,0,0,M,20,B,D,F,F,C
702,2458.0,0.0,0,0,0,F,20,A,A,A,A,A
702,2459.0,7.0,0,60,20,F,20,A,A,B,A,A
702,2460.0,0.0,0,0,0,F,20,A,A,B,A,A
702,2461.0,12.7,0,0,0,F,20,A,A,B,B,A
702,2462.0,0.0,0,0,0,F,20,A,A,B,B,A
702,2463.0,0.0,0,0,0,F,20,A,A,B,B,A
702,2464.0,0.0,0,0,0,F,20,A,A,B,B,A
702,2465.0,17.5,0,0,25,F,20,A,A,B,B,A
702,2466.0,17.6,0,0,0,F,20,A,A,B,B,A
702,2467.0,16.3,0,0,15,F,20,A,A,B,B,A
702,2468.0,0.0,0,0,0,F,20,A,A,B,B,A
702,2469.0,0.0,0,0,0,F,20,A,A,B,C,A
702,2470.0,0.0,0,0,0,F,20,A,A,B,C,A
702,2471.0,0.0,0,0,0,F,20,A,A,B,C,A
702,2472.0,22.3,0,0,0,M,20,A,A,B,C,B
702,2473.0,18.4,20,5,0,M,20,A,A,B,C,B
702,2474.0,0.0,0,0,0,M,20,A,B,C,C,B
702,2475.0,18.7,0,0,0,M,20,A,B,C,C,B
702,2476.0,0.0,0,0,0,M,20,A,B,C,D,B
702,2477.0,0.0,0,0,0,M,20,A,B,C,D,B
702,2478.0,6.4,20,0,10,M,20,A,B,C,D,B
702,2479.0,11.1,50,20,5,M,20,A,D,D,D,B
702,2480.0,0.0,0,0,0,M,20,A,D,D,E,C
702,2481.0,17.6,0,30,0,M,20,A,D,D,E,D
702,2482.0,15.0,0,0,0,M,20,A,D,E,E,D
702,2483.0,0.0,0,0,0,M,20,A,D,E,F,E
2001,2484.0,0.0,45,0,0,F,20,A,A,A,B,A
2001,2485.0,0.0,0,0,0,F,20,A,A,A,B,A
2001,2486.0,0.0,0,0,0,F,20,A,A,A,B,A
2001,2487.0,0.0,0,0,0,F,20,A,A,A,B,A
2001,2488.0,0.0,0,0,0,F,20,A,A,B,B,A
2001,2489.0,0.0,0,0,0,F,20,A,A,B,B,A
2001,2490.0,25.8,0,50,0,F,20,A,A,B,B,A
2001,2491.0,0.0,0,0,0,F,20,A,A,B,B,A
2001,2492.0,32.9,0,60,15,F,20,A,A,B,B,A
2001,2493.0,9.7,0,0,0,F,20,A,A,B,B,A
2001,2494.0,0.0,0,0,0,F,20,A,A,B,B,A
2001,2495.0,0.0,0,0,0,F,20,A,A,B,B,A
2001,2496.0,0.0,0,0,0,F,20,A,A,B,B,A
2001,2497.0,7.5,0,15,10,F,20,A,A,B,B,A
2001,2498.0,40.9,25,0,0,F,20,A,A,B,B,A
2001,2499.0,0.0,0,0,0,F,20,A,A,B,B,B
2001,2500.0,0.0,0,0,0,F,20,A,B,C,C,B
2001,2501.0,22.2,20,45,10,F,20,A,B,C,D,B
2001,2502.0,0.0,0,0,0,F,20,A,B,C,D,B
2001,2503.0,0.0,0,0,0,F,20,A,B,C,D,B
1502,2504.0,0.0,0,0,0,F,20,A,A,B,B,A
1502,2505.0,1.0,25,35,10,F,20,A,A,B,B,B
1502,2506.0,1.6,20,40,5,F,20,A,A,B,B,B
1502,2507.0,0.0,0,0,0,F,20,A,A,B,C,B
1502,2508.0,16.0,0,0,40,F,20,A,A,B,C,B
1502,2509.0,10.9,0,0,0,F,20,A,A,C,C,B
1502,2510.0,0.0,0,0,0,F,20,A,B,C,D,B
1502,2511.0,0.0,0,0,0,F,20,A,B,D,D,B
1502,2512.0,0.0,0,0,0,F,20,A,B,D,D,B
1502,2513.0,11.5,25,15,30,F,20,A,C,D,D,B
1502,2514.0,0.0,0,0,0,F,20,A,C,D,D,B
1502,2515.0,0.0,0,0,0,F,20,A,D,D,D,B
1502,2516.0,0.0,0,0,0,F,20,A,D,D,E,C
1502,2517.0,8.8,30,60,0,M,20,A,D,D,E,C
1502,2518.0,17.3,30,60,0,M,20,A,D,D,E,C
1502,2519.0,0.0,0,0,0,M,20,A,D,D,E,C
1502,2520.0,12.1,10,15,15,M,20,A,D,D,E,D
1502,2521.0,11.9,0,10,20,M,20,A,D,E,F,D
1502,2522.0,17.0,0,0,15,M,20,B,D,E,F,D
1502,2523.0,8.2,0,0,0,M,20,B,D,F,F,E
1502,2524.0,12.2,40,0,30,M,20,B,F,F,F,F
4004,2525.0,30.3,25,0,0,F,20,A,A,B,A,A
4004,2526.0,31.9,0,0,0,F,20,A,A,B,B,A
4004,2527.0,3.8,0,40,10,F,20,A,A,B,C,B
4004,2528.0,22.5,0,0,0,F,20,A,A,B,C,B
4004,2529.0,18.0,0,0,0,M,20,A,A,C,D,B
4004,2530.0,11.3,0,45,0,M,20,A,A,C,D,C
4004,2531.0,8.4,10,10,0,M,20,A,A,C,D,C
4004,2532.0,20.3,0,0,0,M,20,A,A,C,D,C
4004,2533.0,14.3,15,0,40,M,20,A,A,C,D,C
4004,2534.0,23.5,0,0,0,M,20,A,A,C,D,C
4004,2535.0,24.5,55,0,0,M,20,A,A,D,D,C
4004,2536.0,22.5,0,0,0,M,20,A,A,D,D,C
4004,2537.0,8.5,0,0,20,M,20,A,A,D,D,D
4004,2538.0,4.6,0,0,0,M,20,A,A,D,E,D
4004,2539.0,12.5,0,35,0,M,20,A,A,D,E,D
4004,2540.0,2.0,0,0,0,M,20,A,A,D,E,D
4004,2541.0,5.0,0,20,0,M,20,A,A,D,E,D
4004,2542.0,11.3,0,0,0,M,20,A,B,D,E,D
4004,2543.0,0.0,0,30,0,M,20,A,B,E,E,D
4004,2544.0,3.2,50,5,0,M,20,A,D,E,F,E
4004,2545.0,17.0,15,0,20,M,20,A,D,E,F,E
4004,2546.0,22.5,0,0,0,M,20,A,D,E,F,E
4004,2547.0,26.0,50,0,0,M,20,A,D,F,F,E
4004,2548.0,22.5,0,0,0,M,20,A,D,F,F,F
4004,2549.0,22.5,0,0,0,M,20,A,D,F,F,F
4004,2550.0,22.5,0,0,0,M,20,A,D,F,F,F
4004,2551.0,27.5,35,5,0,M,20,B,F,F,F,G
3502,2552.0,18.8,15,0,10,F,20,A,A,A,B,A
3502,2553.0,22.5,0,0,0,F,20,A,A,A,B,A
3502,2554.0,12.1,50,20,0,F,20,A,A,B,B,B
3502,2555.0,4.4,0,0,0,F,20,A,A,B,B,B
3502,2556.0,16.4,40,0,0,F,20,A,A,B,B,B
3502,2557.0,8.5,15,5,0,F,20,A,A,C,C,B
3502,2558.0,21.5,35,45,0,F,20,A,A,D,D,B
3502,2559.0,22.5,0,0,0,F,20,A,A,D,D,B
3502,2560.0,0.0,30,0,0,F,20,A,A,D,D,C
3502,2561.0,13.5,0,30,0,F,20,A,A,D,D,C
3502,2562.0,16.7,0,0,40,F,20,A,A,D,E,C
3502,2563.0,22.5,0,0,0,F,20,A,A,D,E,D
3502,2564.0,22.5,0,0,0,F,20,A,A,D,E,D
3502,2565.0,21.8,0,0,0,F,20,A,B,E,E,D
3502,2566.0,22.5,0,0,0,M,20,B,D,F,F,F
3502,2567.0,15.0,0,20,0,M,20,,,,,
3502,2568.0,9.5,20,10,0,M,20,,,,,
3502,2569.0,15.3,75,30,0,M,20,,,,,
3502,2570.0,10.7,0,50,0,M,20,,,,,
3502,2571.0,25.8,25,25,0,M,20,,,,,
3502,2572.0,15.0,25,5,20,M,20,,,,,
3502,2573.0,22.5,0,0,0,M,20,,,,,
3502,2574.0,17.2,0,35,0,M,20,,,,,
3502,2575.0,15.0,25,15,10,M,20,,,,,
3502,2576.0,22.5,0,0,0,M,20,,,,,
3502,2577.0,17.5,60,40,0,M,20,,,,,
3502,2578.0,22.5,0,0,0,M,20,,,,,
3502,2579.0,33.9,0,0,0,M,20,,,,,
702,2580.0,18.0,0,0,0,F,20,A,A,B,B,B
702,2581.0,15.0,50,0,0,F,20,A,A,B,B,B
702,2582.0,0.0,0,30,0,F,20,A,A,C,C,B
702,2583.0,12.5,10,25,0,F,20,A,A,D,C,B
702,2584.0,13.5,25,10,25,F,20,A,A,D,C,B
702,2585.0,22.5,0,0,0,F,20,A,A,D,D,B
702,2586.0,17.0,55,50,5,F,20,A,A,D,D,C
702,2587.0,18.0,0,0,0,F,20,A,A,D,D,C
702,2588.0,17.0,10,15,10,F,20,A,A,D,D,C
702,2589.0,15.0,0,0,50,F,20,A,A,D,D,C
702,2590.0,14.5,30,15,10,F,20,A,A,D,D,C
702,2591.0,32.4,0,0,0,F,20,A,A,D,D,C
702,2592.0,13.5,0,0,30,M,20,A,A,D,D,D
1501,2593.0,10.5,15,55,10,F,20,A,A,D,E,C
1501,2594.0,22.5,0,0,0,F,20,A,B,D,E,C
1501,2595.0,22.5,0,0,0,F,20,A,B,D,E,C
1501,2596.0,7.5,20,0,80,F,20,A,C,D,E,D
1501,2597.0,11.3,0,75,0,F,20,A,C,D,E,D
1501,2598.0,22.5,0,0,0,M,20,,,,,
1501,2599.0,2.0,10,35,20,M,20,,,,,
1501,2600.0,4.8,0,0,0,M,20,,,,,
1501,2601.0,8.5,0,0,0,M,20,,,,,
1501,2602.0,14.7,35,0,20,M,20,,,,,
1501,2603.0,7.5,0,0,0,M,20,,,,,
1501,2604.0,14.3,25,0,40,M,20,,,,,
1501,2605.0,11.8,0,0,0,M,20,,,,,
1402,2606.0,6.4,0,50,30,F,20,A,A,A,B,A
1402,2607.0,9.9,10,5,0,F,20,A,A,B,B,A
1402,2608.0,8.4,0,0,0,M,20,A,A,B,C,A
1402,2609.0,30.0,20,0,0,M,20,A,A,B,C,B
1402,2610.0,4.2,0,0,0,M,20,A,A,B,C,B
1402,2611.0,14.5,0,50,0,M,20,A,A,C,C,B
1402,2612.0,9.6,25,0,0,M,20,A,A,D,D,B
1402,2613.0,16.5,30,5,10,M,20,A,A,D,D,C
1402,2614.0,17.0,25,0,15,M,20,A,A,D,D,C
1402,2615.0,14.3,25,10,0,M,20,A,A,D,D,C
1402,2616.0,20.8,0,0,0,M,20,A,A,D,D,C
1402,2617.0,21.0,0,0,0,M,20,A,A,D,D,C
1402,2618.0,8.4,0,0,0,M,20,A,B,D,D,C
1402,2619.0,20.2,25,0,0,M,20,A,D,E,D,C
1402,2620.0,10.1,10,45,0,M,20,A,D,E,E,C
1402,2621.0,7.5,0,0,30,M,20,A,D,E,E,D
3002,2622.0,5.0,0,0,0,F,20,A,A,A,A,A
3002,2623.0,4.4,30,20,0,F,20,A,A,A,B,A
3002,2624.0,0.0,0,0,5,F,20,A,A,A,B,B
3002,2625.0,15.0,0,0,55,F,20,A,A,B,B,B
3002,2626.0,12.9,0,35,0,F,20,A,A,B,B,B
3002,2627.0,0.0,0,5,0,F,20,A,A,B,B,B
3002,2628.0,7.5,30,0,0,F,20,A,A,B,C,B
3002,2629.0,7.5,45,60,0,F,20,A,A,B,C,B
3002,2630.0,9.5,10,70,10,F,20,A,A,C,C,B
3002,2631.0,11.9,0,0,0,F,20,A,A,C,C,B
3002,2632.0,22.6,0,15,50,F,20,A,A,C,C,B
3002,2633.0,18.4,0,0,0,F,20,A,A,C,C,B
3002,2634.0,0.0,0,5,0,M,20,A,A,D,D,B
3002,2635.0,18.6,0,0,0,M,20,A,A,D,D,C
3002,2636.0,17.0,0,10,0,M,20,A,B,D,D,C
3002,2637.0,4.8,0,0,0,M,20,B,D,E,F,D
3002,2638.0,23.4,25,30,0,M,20,C,D,E,F,D
3002,2639.0,7.5,40,65,0,M,32,D,D,E,F,E
3002,2640.0,19.3,0,0,25,M,20,,,,,
3002,2641.0,13.6,0,0,40,M,20,,,,,
3002,2642.0,11.9,0,0,0,M,20,,,,,
1602,2643.0,22.0,0,0,0,F,20,A,A,C,D,B
1602,2644.0,7.5,0,20,10,F,20,A,A,C,D,B
1602,2645.0,8.5,0,0,0,F,20,A,A,C,D,B
1602,2646.0,11.9,30,45,0,F,20,A,A,C,D,B
1602,2647.0,7.5,55,40,10,F,20,A,A,C,D,B
1602,2648.0,7.5,0,0,30,F,20,A,A,C,D,B
1602,2649.0,10.9,0,0,0,F,20,A,A,D,D,C
1602,2650.0,27.0,15,30,5,F,20,A,A,D,D,C
1602,2651.0,22.5,0,0,0,F,20,A,A,D,D,C
1602,2652.0,23.5,0,0,0,F,20,A,A,D,E,C
1602,2653.0,14.5,0,30,0,F,20,A,A,D,E,C
1602,2654.0,9.0,0,0,0,M,20,A,A,D,E,C
1602,2655.0,22.5,0,0,0,M,20,A,A,D,E,C
1602,2656.0,10.9,0,0,0,M,20,A,A,D,E,D
1602,2657.0,18.2,0,20,0,M,20,A,A,D,E,D
1602,2658.0,15.0,0,25,0,M,20,A,A,D,E,D
1602,2659.0,21.4,0,0,0,M,20,A,B,E,E,D
1602,2660.0,9.0,0,0,0,M,20,A,B,E,E,D
1602,2661.0,19.0,0,0,0,M,20,A,B,E,F,D
1602,2662.0,15.9,10,30,10,M,20,A,D,E,F,E
1602,2663.0,21.2,0,0,0,M,20,A,D,E,F,E
1602,2664.0,10.5,25,15,15,M,20,A,D,E,F,E
1602,2665.0,9.1,0,0,0,M,20,A,D,E,F,E
1602,2666.0,7.5,0,0,50,M,20,A,D,E,F,F
1602,2667.0,22.5,40,0,40,M,20,A,D,F,F,F
1602,2668.0,22.5,0,0,0,M,20,A,F,F,F,F
1602,2669.0,13.9,0,0,0,M,20,A,F,F,F,G
5402,2670.0,17.2,0,20,0,F,20,A,A,A,B,A
5402,2671.0,10.5,30,0,0,F,20,A,A,C,D,B
5402,2672.0,18.8,0,0,0,F,20,A,A,C,D,C
5402,2673.0,13.3,35,20,10,F,20,A,A,C,D,C
5402,2674.0,12.7,50,0,20,F,20,A,A,D,D,C
5402,2675.0,1.0,0,0,0,F,20,A,A,D,D,C
5402,2676.0,30.0,30,0,0,F,20,A,A,D,D,C
5402,2677.0,10.1,15,0,0,F,20,A,A,D,D,C
5402,2678.0,14.5,0,30,0,F,20,A,A,E,D,C
5402,2679.0,1.0,0,0,0,F,20,A,A,E,E,C
5402,2680.0,15.0,0,0,0,F,20,A,B,E,E,D
5402,2681.0,18.7,0,25,0,F,20,A,B,E,E,D
5402,2682.0,5.4,0,0,0,F,20,A,B,E,F,D
5402,2683.0,10.0,15,0,0,F,20,A,B,F,F,E
5402,2684.0,9.9,25,0,0,F,20,C,D,F,F,E
5402,2685.0,7.2,0,0,0,F,20,E,D,F,F,F
5402,2686.0,17.3,10,0,30,M,20,,,,,
5402,2687.0,1.0,0,0,0,M,20,,,,,
2402,2688.0,11.5,15,45,20,F,20,A,A,B,A,A
2402,2689.0,8.5,10,15,0,F,20,A,A,B,B,A
2402,2690.0,9.1,0,0,0,F,20,A,A,B,B,A
2402,2691.0,1.0,0,0,0,F,20,A,A,B,B,A
2402,2692.0,16.3,0,15,0,F,20,A,A,B,B,A
2402,2693.0,16.0,30,0,20,F,20,A,A,B,B,A
2402,2694.0,16.0,0,50,0,F,20,A,A,B,B,A
2402,2695.0,22.5,30,50,0,F,20,A,A,B,B,A
2402,2696.0,22.0,0,5,5,F,20,A,A,C,C,B
2402,2697.0,6.4,30,0,10,F,20,A,A,C,C,B
2402,2698.0,12.1,35,30,10,F,20,A,A,C,C,B
2402,2699.0,7.5,0,0,0,F,20,A,A,C,C,B
2402,2700.0,22.8,0,0,0,F,20,A,A,C,C,B
2402,2701.0,2.4,15,40,15,F,20,A,A,C,C,B
2402,2702.0,7.5,0,25,0,F,20,A,A,C,C,B
2402,2703.0,7.5,0,0,0,F,20,A,A,C,D,B
2402,2704.0,24.2,75,0,0,F,20,A,A,D,D,B
2402,2705.0,1.6,0,0,0,F,20,A,A,D,D,B
2402,2706.0,2.6,60,0,10,F,20,A,A,D,D,B
2402,2707.0,7.5,0,0,0,F,20,A,A,D,D,B
2402,2708.0,7.5,0,0,0,F,20,A,A,D,D,B
2402,2709.0,5.6,80,50,65,F,20,A,A,D,D,B
2402,2710.0,5.8,0,0,0,F,20,A,A,D,D,B
2402,2711.0,9.5,0,0,0,F,20,A,A,D,D,B
2402,2712.0,7.5,0,0,0,F,20,A,A,D,D,B
2402,2713.0,7.5,0,0,0,F,20,A,A,D,D,B
2402,2714.0,7.5,0,0,0,F,20,A,A,D,D,B
2402,2715.0,9.5,20,0,0,F,20,A,A,D,D,B
2402,2716.0,1.4,0,0,0,F,20,A,A,D,D,B
2402,2717.0,5.6,0,0,0,M,20,A,A,D,D,C
2402,2718.0,7.5,0,0,0,M,20,A,A,D,D,C
2402,2719.0,19.2,0,0,0,M,20,A,A,D,D,C
2402,2720.0,22.5,0,35,30,M,20,A,A,D,D,C
2402,2721.0,12.3,20,10,25,M,20,A,A,D,D,C
2402,2722.0,20.6,10,0,10,M,20,A,A,D,D,C
2402,2723.0,17.0,0,0,15,M,20,A,A,D,D,C
2402,2724.0,0.0,0,0,10,M,20,A,A,D,D,C
2402,2725.0,9.5,0,0,0,M,20,A,A,D,E,C
2402,2726.0,7.5,0,0,0,M,20,A,A,E,E,C
2402,2727.0,23.0,0,0,0,M,20,A,A,E,E,C
2402,2728.0,8.6,35,35,30,M,20,A,A,E,E,C
2402,2729.0,24.2,70,0,0,M,20,A,B,E,E,C
2402,2730.0,7.5,0,0,0,M,20,A,B,E,E,D
2402,2731.0,11.3,0,0,0,M,20,A,B,E,E,D
2402,2732.0,7.5,0,0,0,M,20,A,B,E,E,D
2402,2733.0,27.5,50,0,0,M,20,A,B,E,E,D
2402,2734.0,19.2,0,0,0,M,20,A,B,E,E,D
2402,2735.0,9.4,0,0,0,M,20,A,C,E,F,D
2402,2736.0,14.1,0,40,10,M,20,A,D,E,F,D
2402,2737.0,30.0,0,25,0,M,20,A,D,E,F,E
2402,2738.0,11.9,30,60,0,M,20,A,D,E,F,E
2402,2739.0,19.4,0,0,0,M,20,A,D,E,F,E
2402,2740.0,11.1,0,0,0,M,20,A,D,E,F,E
2402,2741.0,7.5,5,15,15,M,20,A,D,E,F,E
2402,2742.0,14.9,35,0,0,M,20,A,D,E,F,E
2402,2743.0,7.5,0,0,0,M,20,A,D,E,F,E
2402,2744.0,7.5,0,0,0,M,20,A,D,E,F,E
2402,2745.0,19.0,0,0,25,M,20,A,D,F,F,E
2402,2746.0,9.5,0,0,0,M,20,A,D,F,F,E
2402,2747.0,7.5,0,0,0,M,20,B,D,F,F,F
2402,2748.0,7.5,0,0,0,M,20,C,D,F,F,F
2402,2749.0,7.5,0,0,0,M,20,E,D,F,F,F
2402,2750.0,7.5,0,0,0,M,20,,,,,
2402,2751.0,7.5,0,0,0,M,20,,,,,
2402,2752.0,19.1,0,0,0,M,20,,,,,
2402,2753.0,7.5,35,0,0,M,20,,,,,
2402,2754.0,17.0,0,15,30,M,20,,,,,
2402,2755.0,12.1,5,0,0,M,20,,,,,
2402,2756.0,14.9,15,25,20,M,20,,,,,
2402,2757.0,7.5,10,10,15,M,20,,,,,
2402,2758.0,17.0,15,30,0,M,20,,,,,
2402,2759.0,23.8,0,0,0,M,20,,,,,
2402,2760.0,0.0,0,10,0,M,20,,,,,
2402,2761.0,9.5,0,0,0,M,20,,,,,
2402,2762.0,5.6,0,0,0,M,20,,,,,
2402,2763.0,3.8,0,60,0,M,20,,,,,
2402,2764.0,9.5,0,0,0,M,20,,,,,
2402,2765.0,0.0,70,15,0,M,20,,,,,
2402,2766.0,10.1,40,45,5,M,20,,,,,
2402,2767.0,7.5,35,0,0,M,20,,,,,
2402,2768.0,17.0,20,0,25,M,20,,,,,
2402,2769.0,7.5,0,0,0,M,20,,,,,
2402,2770.0,13.3,40,30,0,M,20,,,,,
2402,2771.0,7.5,0,0,0,M,20,,,,,
4004,2772.0,19.2,0,0,0,M,20,A,A,D,D,B
4004,2773.0,5.8,30,45,15,M,20,A,A,D,D,B
4004,2774.0,7.5,0,0,0,M,20,A,A,D,D,B
4004,2775.0,9.5,35,30,0,M,20,A,A,D,D,B
4004,2776.0,0.0,0,10,0,M,20,A,A,D,D,C
4004,2777.0,0.0,30,15,40,M,20,A,A,D,E,C
4004,2778.0,7.5,0,0,0,M,20,A,A,D,E,C
4004,2779.0,9.5,0,0,0,M,20,A,A,E,E,C
4004,2780.0,21.0,25,0,0,M,20,A,A,E,E,C
4004,2781.0,31.0,0,10,0,M,20,A,A,E,E,D
4004,2782.0,23.3,0,45,15,M,20,A,A,E,E,D
4004,2783.0,15.1,80,20,15,M,20,A,A,E,E,D
4004,2784.0,19.4,0,0,0,M,20,A,A,E,E,D
4004,2785.0,7.5,0,0,0,M,20,A,A,E,E,D
4004,2786.0,4.8,0,30,0,M,20,A,A,E,E,D
4004,2787.0,0.0,10,0,0,M,20,A,A,E,E,D
4004,2788.0,11.8,50,0,30,M,20,A,A,E,E,E
4004,2789.0,0.0,0,0,10,M,20,A,C,E,E,E
4004,2790.0,7.5,15,0,20,M,20,A,D,E,F,E
4004,2791.0,18.4,15,0,20,M,20,A,D,E,F,F
4004,2792.0,21.6,0,0,0,M,20,A,D,E,F,F
4004,2793.0,14.5,55,0,0,M,20,A,F,F,F,F
4004,2794.0,11.9,0,0,5,M,20,A,F,F,F,F
4004,2795.0,28.3,20,5,20,M,20,,,,,
3202,2796.0,19.6,0,15,0,F,20,A,A,B,B,A
3202,2797.0,7.5,0,0,0,F,20,A,A,B,B,B
3202,2798.0,14.6,10,60,50,F,20,A,A,B,B,B
3202,2799.0,0.0,0,0,10,F,20,A,A,B,C,B
3202,2800.0,12.5,0,0,0,F,20,A,A,B,C,B
3202,2801.0,1.6,0,0,0,F,20,A,A,B,C,B
3202,2802.0,17.0,50,65,5,F,20,A,A,B,C,B
3202,2803.0,12.7,0,0,0,F,20,A,A,C,C,B
3202,2804.0,7.0,10,0,30,M,20,A,A,C,D,B
3202,2805.0,0.0,0,0,10,M,20,A,A,C,D,B
3202,2806.0,2.0,0,0,0,M,20,A,A,C,D,B
3202,2807.0,10.9,15,0,0,M,20,A,A,C,D,B
3202,2808.0,17.9,0,20,0,M,20,A,A,C,E,C
3202,2809.0,2.0,0,0,0,M,20,A,A,D,E,C
3202,2810.0,17.4,0,30,0,M,20,A,A,D,E,C
3202,2811.0,18.0,75,25,0,M,20,A,A,D,E,C
3202,2812.0,19.8,30,0,0,M,20,A,A,D,E,C
3202,2813.0,22.2,0,0,0,M,20,A,B,D,E,C
3202,2814.0,4.0,70,45,20,M,20,B,B,D,E,C
3202,2815.0,3.6,0,0,0,M,20,C,C,D,E,D
3202,2816.0,21.0,0,0,0,M,20,E,C,E,F,D
3202,2817.0,7.5,0,40,0,M,20,E,D,E,F,D
3202,2818.0,17.1,0,25,0,M,20,E,D,F,F,E
3202,2819.0,22.0,0,0,0,M,20,E,F,F,F,E
4301,2820.0,8.5,5,5,20,F,20,A,A,A,A,A
4301,2821.0,24.1,0,0,0,F,20,A,A,C,C,B
4301,2822.0,10.9,15,0,0,F,20,A,A,D,C,B
4301,2823.0,15.0,30,30,0,M,20,A,A,D,D,B
4301,2824.0,17.5,30,0,0,M,20,A,B,E,D,D
4301,2825.0,33.4,0,0,0,M,20,A,B,E,E,D
4301,2826.0,0.0,0,0,0,M,20,A,C,E,E,E
4301,2827.0,11.5,0,0,0,M,20,B,D,E,E,E
4301,2828.0,0.0,0,0,0,M,20,B,D,E,E,F
4301,2829.0,34.9,0,0,0,M,20,B,D,E,F,F
4301,2830.0,0.0,0,0,0,M,20,B,F,F,F,F
3202,2831.0,16.0,30,0,25,M,20,,,,,
2001,2832.0,27.3,0,50,0,F,20,A,A,A,A,A
2001,2833.0,7.5,0,30,50,F,20,A,A,A,B,A
2001,2834.0,20.8,0,0,0,F,20,A,A,D,D,D
2001,2835.0,0.0,0,0,0,F,20,A,A,D,D,D
2001,2836.0,30.9,30,0,0,F,20,A,A,D,D,D
2001,2837.0,18.6,20,15,0,F,20,A,A,D,D,D
2001,2838.0,7.5,70,30,10,F,20,A,A,D,D,D
2001,2839.0,6.4,20,15,10,F,20,A,A,D,D,D
2001,2840.0,15.5,55,30,30,F,20,A,A,D,D,D
2001,2841.0,15.0,0,30,0,F,20,A,A,D,D,D
2001,2842.0,5.0,35,10,10,F,20,A,A,D,D,D
2001,2843.0,12.8,50,90,10,F,20,A,A,D,D,D
2001,2844.0,7.5,20,15,5,F,20,A,A,D,D,D
2001,2845.0,19.4,25,0,0,F,20,A,A,D,D,D
2001,2846.0,7.5,20,0,20,F,20,A,A,D,D,D
2001,2847.0,18.6,0,25,0,F,20,A,A,D,D,D
2001,2848.0,13.1,0,0,0,F,20,A,A,D,E,D
2001,2849.0,0.0,0,0,0,F,20,A,A,D,E,D
2001,2850.0,16.0,30,5,20,F,20,A,A,D,E,D
2001,2851.0,8.5,30,0,0,F,20,A,A,D,E,D
2001,2852.0,20.7,20,0,5,F,20,A,A,D,E,E
2001,2853.0,8.1,10,0,0,F,20,A,A,D,E,E
2001,2854.0,9.9,0,0,0,F,20,B,A,D,E,E
2001,2855.0,8.0,20,10,5,F,20,B,A,D,E,E
2001,2856.0,16.0,10,45,0,F,20,B,A,D,E,E
2001,2857.0,2.0,40,30,5,F,20,B,B,E,F,E
2001,2858.0,7.5,0,40,0,F,20,B,B,E,F,E
2001,2859.0,10.5,40,50,0,F,20,B,B,E,F,E
2001,2860.0,22.5,0,0,10,F,20,B,C,E,F,E
2001,2861.0,11.5,40,45,0,F,20,B,C,E,F,E
2001,2862.0,8.4,0,20,10,F,20,B,D,E,F,E
2001,2863.0,2.0,0,0,0,F,20,B,D,E,F,E
2001,2864.0,7.5,0,0,0,F,20,B,D,E,F,E
2001,2865.0,6.4,0,0,0,F,20,B,D,E,F,E
2001,2866.0,22.5,0,0,0,F,20,B,D,E,F,F
2001,2867.0,18.7,25,0,0,F,20,B,D,E,F,F
2001,2868.0,4.6,20,0,40,F,20,B,D,F,F,F
2001,2869.0,9.4,30,45,25,F,20,D,F,F,F,F
2001,2870.0,13.5,50,15,10,M,20,E,F,F,F,F
3502,2871.0,22.5,0,0,0,F,20,A,A,A,B,A
3502,2872.0,22.5,0,0,0,F,20,A,A,B,B,A
3502,2873.0,32.8,0,0,20,F,20,A,A,B,B,B
3502,2874.0,7.5,50,0,65,F,20,A,A,B,B,B
3502,2875.0,5.4,30,0,25,F,20,A,A,B,C,B
3502,2876.0,15.0,0,0,0,F,20,A,A,B,C,B
3502,2877.0,22.5,0,0,0,F,20,A,A,B,C,B
3502,2878.0,5.6,0,20,10,F,20,A,A,C,C,B
3502,2879.0,16.5,20,35,0,M,20,A,A,C,C,B
3502,2880.0,22.5,0,0,0,M,20,A,A,C,D,B
3502,2881.0,7.5,50,0,65,M,20,A,A,C,D,B
3502,2882.0,8.5,0,0,0,M,20,A,A,C,D,B
3502,2883.0,2.2,0,0,0,M,20,A,A,C,D,B
3502,2884.0,22.5,0,0,0,M,20,A,A,C,D,B
3502,2885.0,22.5,0,0,0,M,20,A,A,C,D,B
3502,2886.0,22.5,0,0,0,M,20,A,B,D,D,C
3502,2887.0,22.5,0,0,0,M,20,A,D,D,D,C
3502,2888.0,22.5,0,0,0,M,20,A,D,D,D,C
3502,2889.0,10.1,0,0,0,M,20,,,,,
702,2890.0,17.2,20,20,10,F,20,A,A,A,A,B
702,2891.0,18.1,20,5,20,F,20,A,A,B,B,B
702,2892.0,15.0,0,0,0,F,20,A,A,B,B,B
702,2893.0,7.8,40,0,0,F,20,A,A,B,B,B
702,2894.0,15.0,0,0,0,F,20,A,A,B,B,B
702,2895.0,22.5,0,0,0,F,20,A,A,C,C,B
702,2896.0,22.5,0,0,0,F,20,A,A,C,C,C
702,2897.0,17.0,0,20,0,F,20,A,A,C,C,C
702,2898.0,30.9,0,25,0,F,20,A,A,C,C,C
702,2899.0,22.5,0,0,0,F,20,A,A,C,C,C
702,2900.0,8.5,10,0,25,M,20,A,A,D,C,C
702,2901.0,22.5,0,0,0,M,20,A,A,D,D,C
702,2902.0,8.2,100,80,5,M,20,A,A,D,D,D
702,2903.0,4.2,0,0,0,M,20,A,A,D,D,D
702,2904.0,15.0,0,0,0,M,20,A,A,D,E,D
702,2905.0,15.0,0,0,0,M,20,A,A,D,E,D
702,2906.0,20.0,0,0,0,M,20,A,A,D,E,D
702,2907.0,26.5,0,0,0,M,20,A,D,E,F,E
1601,2908.0,15.0,0,0,0,F,20,A,A,B,B,A
1601,2909.0,22.5,0,0,0,F,20,A,A,B,B,A
1601,2910.0,22.5,0,0,0,F,20,A,A,C,D,B
1601,2911.0,22.5,0,0,0,F,20,A,A,C,D,B
1601,2912.0,22.5,0,0,0,F,20,A,A,C,D,B
1601,2913.0,18.9,0,25,0,F,20,A,A,D,D,C
1601,2914.0,10.1,0,0,0,F,20,A,A,D,D,C
1601,2915.0,22.5,0,0,0,F,20,A,A,D,D,C
1601,2916.0,17.2,10,0,40,F,20,A,A,D,E,D
1601,2917.0,13.9,20,0,50,F,20,A,A,D,E,D
1601,2918.0,18.6,15,25,0,F,20,A,A,E,E,D
1601,2919.0,9.1,20,10,0,F,20,A,A,E,E,E
1601,2920.0,21.4,25,50,20,F,20,A,A,F,E,E
1601,2921.0,12.3,10,0,0,M,20,A,A,F,F,E
1601,2922.0,28.2,30,10,10,M,20,A,A,F,F,E
1601,2923.0,29.2,25,0,0,M,20,A,A,F,F,E
1601,2924.0,13.1,0,45,0,M,20,A,A,F,F,F
1601,2925.0,6.4,0,0,0,M,20,A,A,F,F,F
4004,2926.0,22.5,0,0,0,F,20,A,A,B,C,B
4004,2927.0,6.6,30,45,15,M,20,A,A,B,D,D
4004,2928.0,19.1,5,15,15,M,20,A,A,C,D,D
4004,2929.0,22.5,0,0,0,M,20,A,A,C,D,D
4004,2930.0,15.0,0,0,0,M,20,A,A,D,D,D
4004,2931.0,20.0,0,0,0,M,20,A,A,D,D,E
4004,2932.0,8.5,0,0,0,M,20,A,A,D,D,E
4004,2933.0,18.0,25,5,15,M,20,A,A,D,D,E
4004,2934.0,13.9,10,30,0,M,20,A,A,D,D,E
4004,2935.0,22.5,0,0,0,M,20,A,A,D,E,E
4004,2936.0,22.5,0,0,0,M,20,A,A,D,E,E
4004,2937.0,20.0,0,0,0,M,20,A,A,E,E,E
4004,2938.0,14.9,0,50,0,M,20,A,A,E,E,E
4004,2939.0,18.6,10,0,30,M,20,A,A,E,E,E
4004,2940.0,10.3,10,0,10,M,20,A,A,E,E,E
4004,2941.0,22.5,0,0,0,M,20,A,A,E,E,F
4004,2942.0,22.5,0,0,0,M,20,A,A,E,E,F
4004,2943.0,7.2,0,70,15,M,20,A,A,E,E,F
4004,2944.0,8.5,30,45,0,M,20,A,A,E,E,F
4004,2945.0,4.2,75,30,0,M,20,A,A,E,E,F
4004,2946.0,22.5,0,0,0,M,20,A,A,E,E,F
4004,2947.0,22.6,0,0,0,M,20,A,A,E,E,F
4004,2948.0,10.1,0,0,0,M,20,A,A,E,E,F
4004,2949.0,11.3,10,5,0,M,20,A,B,F,F,F
4004,2950.0,22.5,0,0,0,M,20,A,C,F,F,F
4004,2951.0,22.5,0,0,0,M,20,A,C,F,F,G
4004,2952.0,22.5,0,0,0,M,20,A,C,F,F,G
4004,2953.0,22.5,0,0,0,M,20,A,C,F,F,G
4004,2954.0,22.5,0,0,0,M,20,A,D,F,F,G
4004,2955.0,22.5,0,0,0,M,20,A,F,F,F,G
4004,2956.0,22.5,0,0,0,M,20,,,,,
4004,2957.0,10.3,20,0,0,M,20,,,,,
4004,2958.0,27.4,10,35,10,M,20,,,,,
4004,2959.0,16.0,0,0,30,M,20,,,,,
3202,2960.0,8.8,0,0,0,F,20,A,A,B,B,A
3202,2961.0,8.8,0,0,0,F,20,A,A,B,B,A
3202,2962.0,17.6,0,50,0,F,20,A,A,B,D,B
3202,2963.0,1.0,0,40,0,F,20,A,A,D,D,B
3202,2964.0,17.3,30,0,20,M,20,A,B,D,D,B
3202,2965.0,25.1,0,0,0,M,20,A,B,D,D,B
3202,2966.0,27.8,50,30,50,M,20,A,D,D,D,B
3202,2967.0,16.7,0,15,25,M,20,A,D,D,D,B
3202,2968.0,5.6,20,10,25,M,20,A,D,D,E,C
3202,2969.0,33.2,0,0,10,M,20,C,D,E,F,D
2001,2970.0,10.5,0,0,0,F,20,A,A,B,B,A
2001,2971.0,22.9,0,0,0,F,20,A,A,B,B,A
2001,2972.0,10.5,0,0,0,F,20,A,B,C,C,A
2001,2973.0,10.5,0,0,0,F,20,A,D,C,C,A
2001,2974.0,22.8,0,0,0,F,20,A,D,C,D,A
2001,2975.0,2.6,55,0,0,F,20,A,D,C,D,A
2001,2976.0,23.9,0,0,0,F,20,A,D,D,D,B
2001,2977.0,10.1,0,55,15,F,20,A,D,D,D,B
2001,2978.0,11.5,0,60,0,F,20,B,D,D,D,B
2001,2979.0,10.5,0,0,0,F,20,B,D,D,E,B
2001,2980.0,12.3,0,0,0,F,20,B,D,D,E,B
2001,2981.0,11.5,50,35,5,F,20,B,D,D,E,B
2001,2982.0,12.7,10,0,0,F,20,B,D,D,E,C
2001,2983.0,8.4,0,15,0,F,20,E,F,F,F,D
2001,2984.0,11.4,100,0,65,F,20,,,,,
2402,2985.0,20.4,0,0,0,F,20,A,A,A,B,A
2402,2986.0,35.7,0,0,0,F,20,A,A,B,B,A
2402,2987.0,14.7,55,0,0,F,20,A,A,B,B,A
2402,2988.0,22.7,0,0,0,F,20,A,A,B,B,A
2402,2989.0,12.7,10,0,0,F,20,A,A,B,B,A
2402,2990.0,2.6,0,0,0,F,20,A,A,B,B,A
2402,2991.0,19.4,20,0,15,F,20,A,A,B,B,A
2402,2992.0,23.0,0,15,0,F,20,A,A,B,C,A
2402,2993.0,24.9,0,0,0,F,20,A,A,B,C,A
2402,2994.0,20.4,50,35,20,F,20,A,A,B,C,A
2402,2995.0,17.6,50,0,0,F,20,A,A,B,C,A
2402,2996.0,12.3,40,45,0,F,20,A,A,B,C,A
2402,2997.0,7.0,0,0,0,F,20,A,A,B,C,A
2402,2998.0,18.5,55,30,15,F,20,A,A,C,C,A
2402,2999.0,24.3,55,15,0,F,20,A,A,C,D,A
2402,3000.0,17.0,15,35,5,F,20,A,A,C,D,A
2402,3001.0,2.0,0,5,0,F,20,A,A,C,D,A
2402,3002.0,10.6,60,45,65,F,20,A,A,C,D,A
2402,3003.0,12.9,30,30,20,F,20,A,A,C,D,A
2402,3004.0,16.7,20,15,20,F,20,A,A,C,D,B
2402,3005.0,10.6,0,0,0,F,20,A,A,C,D,B
2402,3006.0,30.8,0,15,10,F,20,A,A,C,D,B
2402,3007.0,25.2,10,30,15,F,20,A,A,C,D,B
2402,3008.0,18.8,15,10,15,F,20,A,A,C,D,B
2402,3009.0,26.5,15,30,20,F,20,A,A,C,D,B
2402,3010.0,22.5,20,35,35,F,20,A,A,C,D,B
2402,3011.0,2.6,0,30,0,F,20,A,A,C,D,B
2402,3012.0,15.0,0,35,0,F,20,A,B,C,D,B
2402,3013.0,22.8,0,0,0,M,20,A,B,C,D,B
2402,3014.0,19.0,0,10,0,M,20,A,B,D,D,B
2402,3015.0,7.5,10,65,0,M,20,A,B,D,D,B
2402,3016.0,15.0,0,65,0,M,20,A,B,D,D,B
2402,3017.0,19.9,20,0,0,M,20,A,B,D,D,B
2402,3018.0,7.2,10,10,25,M,20,A,B,D,D,B
2402,3019.0,8.9,20,0,15,M,20,A,B,D,D,B
2402,3020.0,28.6,20,30,0,M,20,A,B,D,D,B
2402,3021.0,14.9,10,35,20,M,20,A,B,D,D,B
2402,3022.0,9.5,15,5,10,M,20,A,B,D,D,B
2402,3023.0,13.3,0,5,0,M,20,A,C,D,D,B
2402,3024.0,10.6,35,60,0,M,20,A,D,D,D,B
2402,3025.0,15.0,30,5,30,M,20,A,D,D,D,B
2402,3026.0,25.0,0,25,40,M,20,A,D,D,E,B
2402,3027.0,7.5,0,0,0,M,20,A,D,D,E,B
2402,3028.0,7.5,0,0,0,M,20,A,D,D,E,C
2402,3029.0,7.5,0,0,0,M,20,A,D,E,E,C
2402,3030.0,7.5,0,0,0,M,20,A,D,E,E,C
2402,3031.0,7.5,0,0,0,M,20,A,D,E,E,C
2402,3032.0,19.8,15,5,15,M,20,A,D,E,E,D
2402,3033.0,30.3,40,0,0,M,20,A,D,E,E,D
2402,3034.0,7.5,0,0,0,M,20,A,D,E,E,D
2402,3035.0,7.5,0,0,0,M,20,A,D,E,E,D
2402,3036.0,6.0,0,20,0,M,20,A,D,E,E,E
2402,3037.0,7.5,0,0,0,M,20,B,D,E,F,E
702,3038.0,10.9,0,0,0,M,20,A,A,C,D,A
702,3039.0,7.5,0,0,0,M,20,A,A,C,D,A
702,3040.0,7.4,0,0,0,M,20,A,B,C,D,B
702,3041.0,7.5,0,0,0,M,20,A,B,D,D,B
702,3042.0,7.5,0,0,0,M,20,A,B,D,D,B
702,3043.0,7.5,0,0,0,M,20,A,B,D,D,B
702,3044.0,7.5,0,0,0,M,20,A,C,D,D,B
702,3045.0,7.5,0,0,0,M,20,A,D,D,D,B
702,3046.0,7.5,0,0,0,M,20,B,D,D,E,B
702,3047.0,18.4,0,15,0,M,20,B,D,D,E,B
702,3048.0,7.5,0,0,0,M,20,B,D,E,F,B
702,3049.0,7.5,0,0,0,M,20,B,D,E,F,C
702,3050.0,29.7,10,25,10,M,20,B,D,F,F,D
702,3051.0,9.1,0,25,0,M,20,C,D,F,F,E
702,3052.0,7.5,0,0,0,M,20,,,,,
702,3053.0,20.0,0,0,5,M,20,,,,,
702,3054.0,0.6,0,45,0,M,20,,,,,
702,3055.0,14.4,65,45,40,M,20,,,,,
702,3056.0,7.5,0,0,0,M,20,,,,,
1402,3057.0,7.5,0,0,0,F,20,A,A,B,B,B
1402,3058.0,34.0,0,0,0,F,20,A,A,B,B,B
1402,3059.0,7.5,0,0,0,F,20,A,D,C,D,C
1402,3060.0,11.1,0,0,0,F,20,A,D,D,D,C
1402,3061.0,0.0,20,0,0,M,20,A,D,D,E,C
1402,3062.0,19.4,10,25,5,M,20,A,D,D,E,C
1402,3063.0,7.5,0,0,0,M,20,A,D,D,E,E
1402,3064.0,15.6,0,0,0,M,20,A,F,F,F,E
1402,3065.0,37.5,0,0,0,M,20,A,F,F,F,E
1402,3066.0,15.9,0,40,0,M,20,,,,,
4004,3067.0,10.1,0,80,0,F,20,A,A,B,C,A
4004,3068.0,7.5,0,0,0,F,20,A,A,C,D,B
4004,3069.0,7.5,0,0,0,F,20,A,A,C,D,B
4004,3070.0,7.5,55,20,15,F,20,A,A,C,D,B
4004,3071.0,26.4,25,0,40,F,20,A,A,D,D,B
4004,3072.0,7.5,0,0,0,F,20,A,A,D,D,B
4004,3073.0,23.2,0,0,0,F,20,A,A,D,D,B
4004,3074.0,23.4,0,0,0,F,20,A,A,D,D,B
4004,3075.0,7.5,0,0,0,F,20,A,A,D,D,C
4004,3076.0,7.5,25,0,20,M,20,A,A,D,D,C
4004,3077.0,19.8,35,0,0,M,20,A,A,D,D,C
4004,3078.0,7.5,0,0,0,M,20,A,A,D,D,C
4004,3079.0,15.3,100,30,10,M,20,A,A,D,D,C
4004,3080.0,11.1,10,0,10,M,20,A,A,D,D,C
4004,3081.0,0.0,0,0,20,M,20,A,A,D,D,C
4004,3082.0,25.2,0,0,0,M,20,A,A,D,D,C
4004,3083.0,22.5,20,0,0,M,20,A,A,D,D,D
4004,3084.0,12.7,20,60,5,M,20,A,A,D,E,D
4004,3085.0,2.6,0,5,0,M,20,A,A,D,E,D
4004,3086.0,4.2,0,60,10,M,20,A,A,D,E,D
4004,3087.0,22.5,20,0,0,M,20,A,A,D,E,D
4004,3088.0,7.5,0,0,0,M,20,A,A,E,E,D
4004,3089.0,8.5,30,0,10,M,20,A,A,E,E,D
4004,3090.0,21.4,50,30,20,M,20,A,A,E,E,D
4004,3091.0,7.5,0,0,0,M,20,A,A,E,E,D
4004,3092.0,3.2,20,45,10,M,20,A,A,E,E,E
4004,3093.0,8.4,50,0,0,M,20,A,A,E,E,E
4004,3094.0,7.5,0,0,0,M,20,A,A,E,E,E
4004,3095.0,7.5,0,0,0,M,20,A,A,E,E,E
4004,3096.0,15.4,0,35,0,M,20,A,A,E,E,E
4004,3097.0,17.6,0,45,65,M,20,A,A,E,E,E
4004,3098.0,7.5,0,0,0,M,20,A,A,E,E,E
4004,3099.0,7.5,0,0,0,M,20,A,A,E,E,E
4004,3100.0,7.5,0,0,0,M,20,A,A,E,E,E
4004,3101.0,28.8,0,20,20,M,20,A,A,E,E,E
4004,3102.0,7.5,0,0,0,M,20,A,A,E,E,E
4004,3103.0,7.5,0,0,0,M,20,A,D,E,F,F
4004,3104.0,7.5,0,0,0,M,20,A,D,E,F,F
4004,3105.0,7.5,0,0,0,M,20,A,D,E,F,F
4004,3106.0,12.3,35,20,0,M,20,A,D,E,F,F
4004,3107.0,7.5,0,0,0,M,20,A,D,E,F,F
4004,3108.0,7.5,0,0,0,M,20,A,D,E,F,F
4004,3109.0,7.5,0,0,0,M,20,A,D,E,F,F
4004,3110.0,7.5,0,0,0,M,20,A,D,F,F,F
4004,3111.0,7.5,0,0,0,M,20,A,D,F,F,F
4004,3112.0,7.5,0,0,0,M,20,A,D,F,F,F
4004,3113.0,7.5,0,0,0,M,20,A,D,F,F,F
4004,3114.0,3.6,25,0,0,M,20,A,D,F,F,F
4004,3115.0,18.0,0,20,0,M,20,A,D,F,F,F
4004,3116.0,7.5,0,0,0,M,20,A,D,F,F,F
4004,3117.0,7.5,0,0,0,M,20,A,D,F,F,F
4004,3118.0,8.5,10,30,0,M,20,A,F,F,F,F
4004,3119.0,7.5,0,0,0,M,20,,,,,
1502,3120.0,7.5,0,0,0,F,20,A,A,C,C,B
1502,3121.0,34.0,0,0,0,F,20,A,A,C,C,B
1502,3122.0,7.5,0,0,0,F,20,A,A,D,D,B
1502,3123.0,7.5,0,0,0,F,20,A,B,D,D,B
1502,3124.0,17.7,15,15,20,F,20,A,D,D,D,B
1502,3125.0,7.5,20,25,0,F,20,A,D,D,D,B
1502,3126.0,11.3,0,0,20,M,20,A,D,D,D,B
1502,3127.0,7.8,25,0,20,M,20,A,D,D,D,C
1502,3128.0,7.5,0,0,0,M,20,A,D,D,D,C
1502,3129.0,7.5,0,0,0,M,20,A,D,D,D,C
1502,3130.0,7.5,0,0,0,M,20,A,D,E,E,C
1502,3131.0,7.5,0,0,0,M,20,B,D,E,F,E
1502,3132.0,7.5,0,0,0,M,20,B,D,F,F,E
1502,3133.0,7.5,0,0,0,M,20,B,D,F,F,F
1502,3134.0,7.5,0,0,0,M,20,,,,,
1602,3135.0,8.5,0,0,40,F,20,A,A,A,B,A
1602,3136.0,7.5,0,0,0,F,20,A,B,D,D,B
1602,3137.0,7.5,0,0,0,F,20,A,B,D,D,B
1602,3138.0,7.5,0,0,0,F,20,A,D,E,D,B
1602,3139.0,7.5,0,0,0,F,20,A,D,E,E,C
1602,3140.0,7.5,0,0,0,F,20,A,D,E,E,D
1602,3141.0,7.5,0,0,0,M,20,A,D,E,E,D
1602,3142.0,7.5,0,0,0,M,20,A,D,F,E,E
1602,3143.0,3.0,0,0,0,M,20,,,,,
1602,3144.0,17.0,0,0,0,M,20,,,,,
3001,3145.0,7.5,0,0,0,F,20,A,A,A,A,A
3001,3146.0,7.5,0,0,0,F,20,A,A,B,B,A
3001,3147.0,7.5,0,0,0,F,20,A,A,B,B,A
3001,3148.0,34.0,0,0,0,M,20,A,A,B,B,B
3001,3149.0,7.5,0,0,0,M,20,A,A,C,C,B
3001,3150.0,7.5,0,35,10,M,20,A,A,C,C,B
3001,3151.0,24.5,5,0,0,M,20,A,A,D,D,B
3001,3152.0,1.6,10,0,0,M,20,A,A,D,D,C
3001,3153.0,19.8,25,0,10,M,20,A,A,D,D,C
3001,3154.0,11.1,20,0,0,M,20,A,A,D,E,C
3001,3155.0,20.1,10,80,20,M,20,A,A,D,E,D
3001,3156.0,10.7,15,10,0,M,20,E,F,F,F,D
3001,3157.0,0.0,30,35,30,M,20,,,,,
2402,3158.0,3.6,0,0,0,F,20,A,A,B,B,A
2402,3159.0,1.0,0,0,0,F,20,A,A,B,B,A
2402,3160.0,22.5,0,0,0,F,20,A,A,B,B,B
2402,3161.0,22.5,0,0,0,F,20,A,A,B,B,B
2402,3162.0,13.2,40,0,45,F,20,A,A,B,B,B
2402,3163.0,5.8,0,10,0,M,20,A,A,B,C,B
2402,3164.0,17.2,0,0,0,M,20,A,A,C,D,B
2402,3165.0,22.5,0,0,0,M,20,A,A,C,D,B
2402,3166.0,22.5,0,0,0,M,20,A,B,C,D,B
2402,3167.0,14.5,0,0,0,M,20,A,D,D,D,C
2402,3168.0,11.2,0,0,0,M,20,A,D,D,D,C
2402,3169.0,31.9,0,20,0,M,20,A,D,D,E,E
702,3170.0,18.1,0,20,0,F,20,A,A,B,B,A
702,3171.0,23.5,0,0,0,F,20,A,A,B,B,B
702,3172.0,31.0,0,40,0,F,20,A,A,B,B,B
702,3173.0,32.7,0,25,0,M,20,B,A,C,C,B
702,3174.0,21.0,0,25,0,M,20,B,A,C,C,B
702,3175.0,16.7,60,0,0,M,20,B,A,C,C,B
702,3176.0,10.9,15,0,10,M,20,B,A,D,C,B
702,3177.0,6.4,75,25,0,M,20,B,B,D,D,B
702,3178.0,22.5,0,0,0,M,20,C,B,D,E,C
702,3179.0,12.4,0,15,50,M,20,D,F,E,E,C
904,3180.0,19.2,0,30,0,F,20,A,A,B,B,A
904,3181.0,5.2,75,30,0,F,20,A,A,B,B,A
904,3182.0,47.8,0,0,0,F,20,A,A,B,B,A
904,3183.0,0.0,15,55,30,F,20,A,A,B,B,A
904,3184.0,10.1,10,20,0,F,20,A,A,B,C,A
904,3185.0,3.6,0,0,0,F,20,A,A,C,C,A
904,3186.0,16.3,0,0,0,F,20,A,A,C,C,A
904,3187.0,23.8,0,0,0,F,20,A,A,C,C,B
904,3188.0,23.8,0,0,0,F,20,A,A,C,C,B
904,3189.0,45.7,0,15,0,F,20,A,A,C,D,B
904,3190.0,23.8,0,0,0,F,20,A,A,C,D,B
904,3191.0,11.5,0,0,0,F,20,A,A,D,D,B
904,3192.0,7.5,0,0,15,F,20,A,A,D,D,B
904,3193.0,33.9,10,0,10,F,20,A,A,D,D,B
904,3194.0,12.3,10,60,20,F,20,B,A,D,D,B
904,3195.0,19.6,25,5,10,F,20,B,A,D,D,C
904,3196.0,16.1,0,0,0,F,20,B,A,E,D,C
904,3197.0,10.3,0,0,30,M,20,B,A,E,D,C
904,3198.0,13.1,50,10,25,M,20,E,A,E,E,D
904,3199.0,14.7,30,45,0,M,20,E,B,E,E,D
904,3200.0,2.2,10,0,0,M,20,E,B,E,E,D
904,3201.0,15.4,20,45,5,M,20,E,D,E,E,D
904,3202.0,12.5,0,15,0,M,20,E,D,F,E,E
904,3203.0,11.1,20,5,0,M,20,,,,,
904,3204.0,22.5,0,0,0,M,20,,,,,
2501,3205.0,4.6,0,20,0,F,20,A,A,A,A,A
2501,3206.0,13.5,10,0,0,F,20,A,A,B,A,A
2501,3207.0,13.5,0,0,10,F,20,A,A,B,B,A
2501,3208.0,0.0,50,45,5,F,20,A,A,B,B,A
2501,3209.0,13.3,0,0,0,F,20,A,A,C,B,A
2501,3210.0,9.5,20,15,0,F,20,A,A,C,C,A
2501,3211.0,2.4,0,35,0,M,20,,,,,
905,3212.0,7.8,0,0,0,F,20,A,A,B,B,A
905,3213.0,9.5,0,0,0,F,20,A,A,B,B,A
905,3214.0,16.0,10,15,40,F,20,A,A,B,C,A
905,3215.0,11.3,0,0,0,M,20,B,D,F,F,E
905,3216.0,11.2,0,0,0,M,20,,,,,
906,3217.0,9.6,0,25,0,F,20,A,A,A,A,A
906,3218.0,23.0,0,60,15,F,20,A,A,A,B,A
906,3219.0,14.5,30,45,0,F,20,A,A,A,B,A
906,3220.0,21.8,90,0,10,F,20,A,A,B,B,A
906,3221.0,16.0,0,0,0,F,20,A,A,B,B,A
906,3222.0,21.4,90,0,15,F,20,A,A,B,B,B
906,3223.0,1.6,0,0,0,F,20,A,A,B,B,B
906,3224.0,11.5,0,0,0,M,20,B,A,D,D,C
906,3225.0,5.4,15,0,0,M,20,E,D,E,F,E
2402,3226.0,12.1,25,0,0,F,20,A,A,A,B,A
2402,3227.0,8.9,30,0,10,F,20,A,A,A,B,A
2402,3228.0,9.1,15,5,20,F,20,A,A,B,B,A
2402,3229.0,0.0,20,0,5,F,20,A,A,B,C,B
2402,3230.0,17.6,20,5,30,F,20,A,A,C,C,B
2402,3231.0,19.7,20,75,20,F,20,A,A,C,C,B
2402,3232.0,6.6,20,25,10,F,20,A,A,C,C,B
2402,3233.0,0.0,25,0,0,F,20,A,A,C,C,B
2402,3234.0,11.1,25,0,0,F,20,A,A,C,C,B
2402,3235.0,10.1,0,0,0,F,20,A,A,C,D,B
2402,3236.0,18.6,0,20,0,F,20,A,A,C,D,C
2402,3237.0,10.1,0,25,0,F,20,A,A,C,D,C
2402,3238.0,7.5,0,0,0,F,20,A,A,C,D,C
2402,3239.0,15.0,0,0,0,F,20,A,A,D,D,C
2402,3240.0,23.0,10,0,10,F,20,A,A,D,D,C
2402,3241.0,15.0,0,0,0,M,20,A,A,D,D,C
2402,3242.0,15.0,0,0,0,M,20,C,D,D,F,E
2402,3243.0,15.0,0,0,0,M,20,C,F,F,F,F
2402,3244.0,15.0,0,0,0,M,20,,,,,
1602,3245.0,11.7,0,0,0,F,20,A,A,B,B,A
1602,3246.0,15.0,0,0,0,F,20,A,A,B,B,A
1602,3247.0,15.0,0,0,0,F,20,A,A,B,B,A
1602,3248.0,15.0,0,0,0,F,20,A,A,C,B,A
1602,3249.0,13.5,10,10,0,F,20,A,A,C,B,B
1602,3250.0,16.5,0,0,0,F,20,A,A,C,B,B
1602,3251.0,16.1,20,45,0,F,20,A,A,C,B,B
1602,3252.0,7.5,0,0,0,F,20,A,A,C,C,B
1602,3253.0,9.5,0,15,0,F,20,A,A,C,C,B
1602,3254.0,32.0,0,20,0,F,20,A,A,C,D,B
1602,3255.0,3.8,0,0,0,F,20,A,A,C,D,B
1602,3256.0,15.0,0,0,0,F,20,A,A,C,D,B
1602,3257.0,15.0,0,0,0,F,20,A,A,D,D,D
1602,3258.0,11.7,0,0,0,F,20,A,A,D,E,D
1602,3259.0,13.6,0,0,0,F,20,A,A,D,E,D
1602,3260.0,15.0,0,0,0,F,20,A,B,D,E,D
1602,3261.0,14.7,35,10,0,M,20,A,D,D,E,D
1602,3262.0,8.4,20,15,10,M,20,B,D,E,F,E
1602,3263.0,8.2,0,0,0,M,20,E,F,E,F,F
1602,3264.0,14.7,0,45,0,M,20,,,,,
1602,3265.0,13.1,30,0,0,M,20,,,,,
1602,3266.0,13.5,0,0,0,M,20,,,,,
1602,3267.0,15.0,0,0,0,M,20,,,,,
1602,3268.0,15.0,0,0,0,M,20,,,,,
4004,3269.0,15.0,0,0,0,M,20,A,A,B,B,B
4004,3270.0,7.5,0,0,0,M,20,A,A,B,B,C
4004,3271.0,15.0,0,0,0,M,20,A,A,B,C,C
4004,3272.0,22.5,0,0,10,M,20,A,A,D,D,D
4004,3273.0,15.0,0,0,0,M,20,A,A,D,D,E
4004,3274.0,16.5,0,0,0,M,20,A,A,D,D,E
4004,3275.0,15.0,0,0,0,M,20,A,A,D,D,E
4004,3276.0,15.0,0,0,0,M,20,A,A,D,D,E
4004,3277.0,15.0,0,0,0,M,20,A,A,D,D,E
4004,3278.0,11.7,25,65,5,M,20,A,A,D,D,E
4004,3279.0,15.0,0,0,0,M,20,A,A,D,D,E
4004,3280.0,9.5,0,15,0,M,20,A,A,D,D,E
4004,3281.0,7.5,0,0,0,M,20,A,A,D,D,E
4004,3282.0,18.6,0,20,0,M,20,A,A,D,D,E
4004,3283.0,15.0,0,0,0,M,20,A,A,E,E,E
4004,3284.0,15.0,0,0,0,M,20,E,F,F,F,F
4004,3285.0,15.0,0,0,0,M,20,E,F,F,F,G
4004,3286.0,15.0,0,0,0,M,20,,,,,
4004,3287.0,15.0,0,0,0,M,20,,,,,
702,3288.0,7.5,0,50,0,F,20,A,A,B,B,B
702,3289.0,15.0,0,0,0,F,20,A,A,B,B,B
702,3290.0,15.0,0,0,0,M,20,,,,,
2402,3291.0,15.0,0,0,0,F,20,A,A,A,A,A
2402,3292.0,15.0,0,0,0,F,20,A,A,B,B,A
2402,3293.0,15.0,0,0,0,F,20,A,A,B,B,A
2402,3294.0,15.0,0,0,0,F,20,A,A,B,B,B
2402,3295.0,15.0,0,0,0,F,20,A,A,B,B,B
2402,3296.0,15.0,0,0,0,F,20,A,A,B,B,B
2402,3297.0,15.0,0,0,0,F,20,A,A,B,B,C
2402,3298.0,15.0,0,0,0,F,20,A,A,B,C,C
2402,3299.0,21.8,5,5,20,F,20,A,A,C,C,C
2402,3300.0,15.0,0,0,0,F,20,A,A,D,D,D
2402,3301.0,17.3,0,30,0,M,20,A,A,D,D,D
2402,3302.0,15.0,0,0,0,M,20,A,A,D,D,D
2402,3303.0,15.0,0,0,0,M,20,,,,,
2402,3304.0,15.0,0,0,0,M,20,,,,,
2402,3305.0,15.0,0,0,0,M,20,,,,,
2402,3306.0,7.5,15,35,0,M,20,,,,,
2402,3307.0,15.0,0,0,0,M,20,,,,,
3202,3308.0,11.9,0,0,0,F,20,A,A,B,C,B
3202,3309.0,7.5,0,0,0,F,20,A,A,B,C,B
3202,3310.0,15.0,0,0,0,F,20,A,A,B,C,B
3202,3311.0,11.9,0,0,0,F,20,A,A,B,C,B
5402,3312.0,15.0,0,0,0,F,20,A,A,A,D,B
5402,3313.0,15.0,0,0,0,F,20,A,A,C,D,B
5402,3314.0,15.0,0,0,0,M,20,A,A,D,E,B
5402,3315.0,18.6,40,0,10,M,20,A,A,D,E,C
3502,3316.0,15.0,0,0,0,F,20,A,A,A,A,A
3502,3317.0,15.0,0,0,0,F,20,A,A,B,B,A
3502,3318.0,15.0,0,0,0,F,20,A,A,B,B,A
3502,3319.0,15.0,0,0,0,F,20,A,A,B,B,B
3502,3320.0,11.1,20,60,20,F,20,A,A,B,B,B
3502,3321.0,15.0,0,0,0,F,20,A,A,B,B,B
3502,3322.0,15.0,0,0,0,F,20,A,A,B,B,B
3502,3323.0,15.0,0,0,0,F,20,A,A,C,C,B
3502,3324.0,11.9,0,0,0,F,20,A,A,C,C,B
3502,3325.0,15.0,0,0,0,F,20,A,A,C,C,B
3502,3326.0,9.8,0,0,0,F,20,A,A,C,C,B
3502,3327.0,25.1,0,0,0,F,20,A,A,C,D,B
3502,3328.0,17.9,30,0,25,F,20,A,A,C,D,C
3502,3329.0,15.0,0,0,0,F,20,A,A,C,D,C
3502,3330.0,15.0,0,0,0,F,20,A,A,C,D,C
3502,3331.0,15.0,0,0,0,F,20,A,A,C,D,C
3502,3332.0,15.0,0,0,0,F,20,A,A,C,D,C
3502,3333.0,15.0,0,0,0,F,20,A,A,D,D,C
3502,3334.0,7.2,60,10,0,F,20,A,A,D,D,C
3502,3335.0,15.0,0,0,0,F,20,A,A,D,D,C
3502,3336.0,15.0,0,0,0,F,20,A,A,D,D,C
3502,3337.0,15.0,0,0,0,F,20,B,A,D,D,C
3502,3338.0,4.0,0,0,0,M,20,B,A,D,D,C
3502,3339.0,15.0,0,0,0,M,20,E,D,F,F,E
3502,3340.0,15.0,0,0,0,M,20,,,,,
3502,3341.0,15.0,0,0,0,M,20,,,,,
3502,3342.0,15.0,0,0,0,M,20,,,,,
3502,3343.0,15.0,0,0,0,M,20,,,,,
3502,3344.0,8.5,0,45,0,M,20,,,,,
3502,3345.0,15.0,0,0,0,M,20,,,,,
3502,3346.0,9.0,50,45,20,M,20,,,,,
3502,3347.0,15.0,0,0,0,M,20,,,,,
3502,3348.0,21.6,30,0,0,M,20,,,,,
3502,3349.0,7.5,25,20,5,M,20,,,,,
3502,3350.0,17.0,30,20,10,M,20,,,,,
3502,3351.0,15.0,0,0,0,M,20,,,,,
3502,3352.0,15.0,0,0,0,M,20,,,,,
3502,3353.0,13.1,15,0,0,M,20,,,,,
3502,3354.0,15.0,0,0,0,M,20,,,,,
3502,3355.0,15.0,0,0,0,M,20,,,,,
3502,3356.0,2.6,10,0,0,M,20,,,,,
3502,3357.0,15.0,0,0,0,M,20,,,,,
3502,3358.0,15.0,0,0,0,M,20,,,,,
3502,3359.0,15.0,0,0,0,M,20,,,,,
3502,3360.0,15.0,0,0,0,M,20,,,,,
4006,3361.0,15.0,0,0,0,F,20,A,A,A,B,B
4006,3362.0,15.0,0,0,0,F,20,A,A,B,B,B
4006,3363.0,7.5,50,0,0,F,20,A,A,B,B,B
4006,3364.0,15.0,0,0,0,M,20,A,A,B,C,B
4006,3365.0,15.0,0,0,0,M,20,A,A,B,C,C
4006,3366.0,15.0,0,0,0,M,20,A,A,B,D,D
4006,3367.0,11.1,30,30,40,M,20,A,A,B,D,D
4006,3368.0,11.1,30,0,0,M,20,A,A,C,D,D
4006,3369.0,0.0,0,0,0,M,20,A,A,D,D,D
4006,3370.0,19.5,50,65,5,M,20,A,A,D,D,E
4006,3371.0,14.7,0,50,0,M,20,A,A,D,D,E
4006,3372.0,42.9,40,0,0,M,20,A,A,D,D,E
4006,3373.0,4.8,10,0,0,M,20,A,A,D,D,E
4006,3374.0,14.5,0,35,15,M,20,A,A,D,D,E
4006,3375.0,19.4,0,0,0,M,20,A,A,E,D,E
4006,3376.0,0.0,0,0,0,M,20,A,A,E,E,F
4006,3377.0,40.8,20,15,20,M,20,A,A,E,E,F
4006,3378.0,19.0,20,85,20,M,20,A,A,E,E,F
4006,3379.0,48.7,0,0,0,M,20,B,A,E,E,F
2001,3380.0,0.0,0,0,0,F,20,A,A,B,B,A
2001,3381.0,0.0,0,0,0,F,20,A,A,B,B,A
2001,3382.0,0.0,0,0,0,F,20,A,A,B,C,A
2001,3383.0,0.0,0,0,0,F,20,A,A,B,C,A
2001,3384.0,0.0,0,0,0,F,20,A,B,B,C,A
2001,3385.0,0.0,0,0,0,F,20,A,B,C,D,B
2001,3386.0,0.0,0,0,0,F,20,A,D,C,D,B
2001,3387.0,0.0,0,0,0,F,20,B,D,D,E,B
2001,3388.0,0.0,0,0,0,F,20,B,D,E,E,B
2001,3389.0,0.0,0,0,0,F,20,C,D,E,E,C
2001,3390.0,0.0,0,0,0,F,20,C,D,E,E,F
2001,3391.0,0.0,0,0,0,F,20,E,D,F,F,F
2001,3392.0,0.0,0,0,0,F,20,,,,,
2001,3393.0,0.0,0,0,0,M,20,,,,,
2001,3394.0,0.0,0,0,0,M,20,,,,,
2001,3395.0,0.0,0,0,0,M,20,,,,,
3502,3396.0,0.0,0,0,0,F,20,A,A,A,B,A
3502,3397.0,0.0,0,0,0,F,20,A,B,B,D,B
3502,3398.0,0.0,0,0,0,F,20,A,B,C,D,B
3502,3399.0,0.0,0,0,0,F,20,A,C,C,D,B
3502,3400.0,0.0,0,0,0,F,20,A,D,D,D,B
3502,3401.0,0.0,0,0,0,F,20,A,D,D,D,B
3502,3402.0,0.0,0,0,0,F,20,A,D,D,D,B
3502,3403.0,0.0,0,0,0,F,20,A,D,D,D,C
3502,3404.0,0.0,0,0,0,M,20,A,D,D,E,D
3502,3405.0,0.0,0,0,0,M,20,A,D,D,E,D
3502,3406.0,0.0,0,0,0,M,20,A,D,D,E,D
3502,3407.0,0.0,0,0,0,M,20,B,D,D,F,D
3502,3408.0,0.0,0,0,0,M,20,B,D,E,F,E
3502,3409.0,0.0,0,0,0,M,20,B,D,E,F,E
3502,3410.0,0.0,0,0,0,M,20,E,F,F,F,E
3502,3411.0,0.0,0,0,0,M,20,,,,,
3502,3412.0,0.0,0,0,0,M,20,,,,,
3502,3413.0,0.0,0,0,0,M,20,,,,,
3502,3414.0,0.0,0,0,0,M,20,,,,,
3502,3415.0,0.0,0,0,0,M,20,,,,,
3502,3416.0,0.0,0,0,0,M,20,,,,,
3502,3417.0,0.0,0,0,0,M,20,,,,,
3502,3418.0,0.0,0,0,0,M,20,,,,,
3502,3419.0,0.0,0,0,0,M,20,,,,,
2001,3420.0,0.0,0,0,0,F,20,A,A,A,A,A
2001,3421.0,0.0,0,0,0,F,20,A,A,A,B,A
2001,3422.0,0.0,0,0,0,F,20,A,A,A,B,A
2001,3423.0,0.0,0,0,0,F,20,A,A,B,B,A
2001,3424.0,0.0,0,0,0,F,20,A,B,B,B,B
2001,3425.0,0.0,0,0,0,F,20,A,B,B,C,B
2001,3426.0,0.0,0,0,0,F,20,A,D,B,D,B
2001,3427.0,0.0,0,0,0,F,20,A,D,B,D,B
2001,3428.0,0.0,0,0,0,F,20,A,D,B,D,B
2001,3429.0,0.0,0,0,0,F,20,A,D,B,D,B
2001,3430.0,0.0,0,0,0,F,20,B,D,B,D,B
2001,3431.0,0.0,0,0,0,F,20,B,D,B,D,B
2001,3432.0,0.0,0,0,0,F,20,B,D,B,D,B
2001,3433.0,0.0,0,0,0,F,20,C,D,C,E,B
2001,3434.0,0.0,0,0,0,F,20,C,D,C,E,B
2001,3435.0,0.0,0,0,0,F,20,C,D,C,E,B
2001,3436.0,0.0,0,0,0,F,20,C,D,D,E,B
2001,3437.0,0.0,0,0,0,F,20,E,F,D,F,C
2001,3438.0,0.0,0,0,0,F,20,,,,,
2001,3439.0,0.0,0,0,0,M,20,,,,,
2001,3440.0,0.0,0,0,0,M,20,,,,,
3002,3441.0,0.0,0,0,0,F,20,A,A,A,A,A
3002,3442.0,0.0,0,0,0,F,20,A,A,A,B,A
3002,3443.0,0.0,0,0,0,F,20,A,A,A,B,A
3002,3444.0,0.0,0,0,0,F,20,A,B,B,B,A
3002,3445.0,0.0,0,0,0,F,20,A,B,B,B,A
3002,3446.0,0.0,0,0,0,F,20,A,B,B,B,B
3002,3447.0,0.0,0,0,0,M,20,A,D,B,B,B
3002,3448.0,0.0,0,0,0,M,20,A,D,B,B,B
3002,3449.0,0.0,0,0,0,M,20,A,D,B,C,B
3002,3450.0,0.0,0,0,0,M,20,A,D,C,C,B
3002,3451.0,0.0,0,0,0,M,20,A,D,D,C,B
3002,3452.0,0.0,0,0,0,M,20,A,D,D,C,B
3002,3453.0,0.0,0,0,0,M,20,B,D,D,D,C
3002,3454.0,0.0,0,0,0,M,20,,,,,
3002,3455.0,0.0,0,0,0,M,20,,,,,
2402,3456.0,0.0,0,0,0,F,20,A,A,B,B,A
2402,3457.0,0.0,0,0,0,F,20,A,A,B,B,A
2402,3458.0,0.0,0,0,0,F,20,A,A,B,B,A
2402,3459.0,0.0,0,0,0,F,20,A,A,B,B,A
2402,3460.0,0.0,0,0,0,F,20,A,A,B,B,A
2402,3461.0,0.0,0,0,0,F,20,A,B,B,C,B
2402,3462.0,0.0,0,0,0,F,20,A,B,B,C,B
2402,3463.0,0.0,0,0,0,F,20,A,B,B,D,B
2402,3464.0,0.0,0,0,0,F,20,A,B,C,D,B
2402,3465.0,0.0,0,0,0,F,20,A,D,C,D,B
2402,3466.0,0.0,0,0,0,F,20,A,D,D,D,B
2402,3467.0,0.0,0,0,0,F,20,A,D,D,D,B
2402,3468.0,0.0,0,0,0,M,20,A,D,D,D,C
2402,3469.0,0.0,0,0,0,M,20,A,D,D,D,C
2402,3470.0,0.0,0,0,0,M,20,A,D,D,D,C
2402,3471.0,0.0,0,0,0,M,20,B,D,D,E,C
2402,3472.0,0.0,0,0,0,M,20,B,D,E,E,D
2402,3473.0,0.0,0,0,0,M,20,B,D,E,E,D
2402,3474.0,0.0,0,0,0,M,20,E,F,E,E,D
2402,3475.0,0.0,0,0,0,M,20,E,F,E,F,E
2402,3476.0,0.0,0,0,0,M,20,,,,,
2402,3477.0,0.0,0,0,0,M,20,,,,,
2402,3478.0,0.0,0,0,0,M,20,,,,,
2402,3479.0,0.0,0,0,0,M,20,,,,,
2402,3480.0,0.0,0,0,0,M,20,,,,,
702,3481.0,0.0,0,0,0,F,20,A,A,B,B,A
702,3482.0,0.0,0,0,0,M,20,A,D,C,C,B
702,3483.0,0.0,0,0,0,M,20,A,D,C,D,C
702,3484.0,0.0,0,0,0,M,20,A,D,C,D,D
702,3485.0,0.0,0,0,0,M,20,A,D,D,D,D
702,3486.0,0.0,0,0,0,M,20,B,D,D,D,D
702,3487.0,0.0,0,0,0,M,20,B,D,E,D,E
702,3488.0,0.0,0,0,0,M,20,E,F,E,F,F
1402,3489.0,0.0,0,0,0,F,20,A,A,A,B,A
1402,3490.0,0.0,0,0,0,F,20,A,A,B,C,A
1402,3491.0,0.0,0,0,0,F,20,A,B,B,D,A
1402,3492.0,0.0,0,0,0,F,20,A,B,C,D,B
1402,3493.0,0.0,0,0,0,M,20,A,D,E,E,E
1402,3494.0,0.0,0,0,0,M,20,B,D,F,E,F
1602,3495.0,0.0,0,0,0,F,20,A,A,B,B,A
1602,3496.0,0.0,0,0,0,F,20,A,A,B,C,A
1602,3497.0,0.0,0,0,0,F,20,A,A,B,C,A
1602,3498.0,0.0,0,0,0,F,20,A,A,B,D,A
1602,3499.0,0.0,0,0,0,F,20,A,A,B,D,A
1602,3500.0,0.0,0,0,0,F,20,A,A,C,D,A
1602,3501.0,0.0,0,0,0,F,20,A,A,C,D,A
1602,3502.0,0.0,0,0,0,F,20,A,A,C,D,A
1602,3503.0,0.0,0,0,0,F,20,A,A,D,D,A
1602,3504.0,0.0,0,0,0,F,20,A,A,D,D,A
1602,3505.0,0.0,0,0,0,F,20,A,A,D,D,A
1602,3506.0,0.0,0,0,0,F,20,A,B,D,D,A
1602,3507.0,0.0,0,0,0,F,20,A,B,D,D,A
1602,3508.0,0.0,0,0,0,M,20,A,C,D,D,A
1602,3509.0,0.0,0,0,0,M,20,A,D,D,D,B
1602,3510.0,0.0,0,0,0,M,20,A,D,D,D,B
1602,3511.0,0.0,0,0,0,M,20,A,D,D,E,B
1602,3512.0,0.0,0,0,0,M,20,A,D,D,E,B
1602,3513.0,0.0,0,0,0,M,20,A,D,D,E,B
1602,3514.0,0.0,0,0,0,M,20,A,D,D,E,B
1602,3515.0,0.0,0,0,0,M,20,A,D,D,E,C
1602,3516.0,0.0,0,0,0,M,20,A,D,D,E,C
1602,3517.0,0.0,0,0,0,M,20,A,D,E,F,D
1602,3518.0,0.0,0,0,0,M,20,A,D,E,F,D
1602,3519.0,0.0,0,0,0,M,20,A,D,E,F,E
1602,3520.0,0.0,0,0,0,M,20,A,D,E,F,E
1602,3521.0,0.0,0,0,0,M,20,B,F,F,F,F
1602,3522.0,0.0,0,0,0,F,20,A,A,A,A,A
1602,3523.0,0.0,0,0,0,F,20,A,A,B,B,A
1602,3524.0,0.0,0,0,0,F,20,A,A,B,D,A
1602,3525.0,0.0,0,0,0,F,20,A,A,B,D,A
1602,3526.0,0.0,0,0,0,F,20,A,A,B,D,B
1602,3527.0,0.0,0,0,0,F,20,A,B,C,D,B
1602,3528.0,0.0,0,0,0,F,20,A,B,C,E,B
1602,3529.0,0.0,0,0,0,F,20,A,D,D,E,B
1602,3530.0,0.0,0,0,0,F,20,A,D,D,E,B
1602,3531.0,0.0,0,0,0,F,20,,,,,
1602,3532.0,0.0,0,0,0,F,20,,,,,
1602,3533.0,0.0,0,0,0,M,20,,,,,
1602,3534.0,0.0,0,0,0,M,20,,,,,
1602,3535.0,0.0,0,0,0,M,20,,,,,
1602,3536.0,0.0,0,0,0,M,20,,,,,
1602,3537.0,0.0,0,0,0,M,20,,,,,
1602,3538.0,0.0,0,0,0,M,20,,,,,
702,3539.0,0.0,0,0,0,F,20,A,A,A,A,A
702,3540.0,0.0,0,0,0,F,20,A,A,A,A,A
702,3541.0,0.0,0,0,0,F,20,A,B,B,A,B
702,3542.0,0.0,0,0,0,F,20,A,B,B,B,B
702,3543.0,0.0,0,0,0,F,20,A,B,B,B,B
702,3544.0,0.0,0,0,0,F,20,A,C,B,B,B
702,3545.0,0.0,0,0,0,F,20,A,D,B,D,B
702,3546.0,0.0,0,0,0,F,20,A,D,C,D,B
702,3547.0,0.0,0,0,0,M,20,A,D,D,D,B
702,3548.0,0.0,0,0,0,M,20,A,D,D,D,B
702,3549.0,0.0,0,0,0,M,20,A,D,D,E,C
702,3550.0,0.0,0,0,0,M,20,A,D,D,E,C
702,3551.0,0.0,0,0,0,M,20,B,D,E,F,D
702,3552.0,0.0,0,0,0,M,20,B,D,E,F,E
4004,3553.0,0.0,0,0,0,F,20,A,A,A,B,A
4004,3554.0,0.0,0,0,0,F,20,A,A,B,B,A
4004,3555.0,0.0,0,0,0,F,20,A,A,B,C,B
4004,3556.0,0.0,0,0,0,M,20,A,A,B,C,B
4004,3557.0,0.0,0,0,0,M,20,A,A,B,D,B
4004,3558.0,0.0,0,0,0,M,20,A,A,C,D,C
4004,3559.0,0.0,0,0,0,M,20,A,A,D,D,C
4004,3560.0,0.0,0,0,0,M,20,A,A,D,D,C
4004,3561.0,0.0,0,0,0,M,20,A,A,D,D,C
4004,3562.0,0.0,0,0,0,M,20,A,A,D,D,C
4004,3563.0,0.0,0,0,0,M,20,A,A,D,D,C
4004,3564.0,0.0,0,0,0,M,20,A,B,D,D,D
4004,3565.0,0.0,0,0,0,M,20,A,B,D,D,D
4004,3566.0,0.0,0,0,0,M,20,A,B,D,D,D
4004,3567.0,0.0,0,0,0,M,20,A,B,D,E,D
4004,3568.0,0.0,0,0,0,M,20,A,C,D,E,E
4004,3569.0,0.0,0,0,0,M,20,A,C,E,E,E
4004,3570.0,0.0,0,0,0,M,20,A,D,E,E,E
4004,3571.0,0.0,0,0,0,M,20,A,D,E,E,E
4004,3572.0,0.0,0,0,0,M,20,A,D,E,E,E
4004,3573.0,0.0,0,0,0,M,20,A,D,E,E,E
4004,3574.0,0.0,0,0,0,M,20,A,D,E,E,E
4004,3575.0,0.0,0,0,0,M,20,A,D,E,E,E
4004,3576.0,0.0,20,0,0,M,20,A,D,F,F,E
4004,3577.0,3.6,0,0,0,M,20,A,D,F,F,E
4004,3578.0,1.0,0,20,0,M,20,A,D,F,F,F
4004,3579.0,1.4,0,15,0,M,20,A,D,F,F,F
4004,3580.0,5.2,0,0,0,M,20,A,D,F,F,F
4004,3581.0,5.2,0,0,0,M,20,A,F,F,F,F
4004,3582.0,3.2,0,15,0,M,20,A,F,F,F,F
4004,3583.0,4.0,0,0,10,M,20,A,F,F,F,G
4004,3584.0,5.4,0,0,0,M,20,,,,,
4004,3585.0,3.4,15,0,0,M,20,,,,,
4004,3586.0,6.8,0,0,0,M,20,,,,,
4004,3587.0,0.0,0,45,0,F,20,A,A,A,B,A
4004,3588.0,3.6,0,20,0,F,20,A,A,A,C,A
4004,3589.0,6.6,0,0,0,F,20,A,A,B,C,A
4004,3590.0,7.5,0,0,0,F,20,A,A,B,C,B
4004,3591.0,7.5,0,0,0,F,20,A,A,B,C,B
4004,3592.0,7.5,0,0,0,F,20,A,A,B,D,B
4004,3593.0,7.5,0,0,0,F,20,A,A,B,D,B
4004,3594.0,7.5,0,0,0,F,20,A,A,B,D,B
4004,3595.0,7.5,0,0,0,F,20,A,A,C,D,B
4004,3596.0,7.5,0,0,0,F,20,A,A,C,D,B
4004,3597.0,7.5,0,0,0,F,20,A,A,C,D,B
4004,3598.0,7.5,0,0,0,F,20,A,A,D,D,C
4004,3599.0,7.5,0,0,0,F,20,A,A,D,D,C
4004,3600.0,7.5,0,0,0,F,20,A,A,D,D,C
4004,3601.0,7.5,0,0,0,M,20,A,A,D,D,C
4004,3602.0,7.5,0,0,0,M,20,A,A,D,D,C
4004,3603.0,7.5,0,0,0,M,20,A,A,D,D,C
4004,3604.0,7.5,0,0,0,M,20,A,A,D,D,C
4004,3605.0,7.5,0,0,0,M,20,A,A,D,D,C
4004,3606.0,7.5,0,0,0,M,20,A,A,D,D,C
4004,3607.0,7.5,0,0,0,M,20,A,A,D,D,C
4004,3608.0,7.4,0,0,0,M,20,A,A,D,D,C
4004,3609.0,7.5,0,0,0,M,20,A,A,D,D,C
4004,3610.0,7.5,0,0,0,M,20,A,A,D,D,D
4004,3611.0,7.5,0,0,0,M,20,A,A,D,D,D
4004,3612.0,7.5,0,0,0,M,20,A,A,D,D,D
4004,3613.0,7.6,0,0,0,M,20,A,A,D,D,D
4004,3614.0,7.8,0,0,0,M,20,A,A,D,D,D
4004,3615.0,7.8,0,0,0,M,20,A,A,D,D,D
4004,3616.0,2.0,30,10,0,M,20,A,A,D,D,D
4004,3617.0,6.4,10,0,0,M,20,A,A,D,E,D
4004,3618.0,8.4,0,0,0,M,20,A,A,D,E,D
4004,3619.0,8.4,0,0,0,M,20,A,A,D,E,E
4004,3620.0,9.2,0,0,0,M,20,A,A,E,E,E
4004,3621.0,0.0,0,0,0,M,20,A,A,E,E,E
4004,3622.0,9.4,0,0,0,M,20,A,A,E,E,E
4004,3623.0,7.5,0,15,0,M,20,A,A,E,E,E
4004,3624.0,10.1,0,0,0,M,20,A,A,E,E,E
4004,3625.0,0.0,20,45,0,M,20,A,A,E,E,E
4004,3626.0,0.0,40,10,20,M,20,A,B,E,E,E
4004,3627.0,10.6,0,0,0,M,20,A,B,E,E,E
4004,3628.0,10.6,0,0,0,M,20,A,B,E,E,E
4004,3629.0,0.0,0,0,0,M,20,A,B,E,E,E
4004,3630.0,11.1,0,0,0,M,20,A,B,E,E,F
4004,3631.0,0.0,0,0,0,M,20,A,B,E,E,F
4004,3632.0,11.1,0,0,0,M,20,A,B,E,E,F
4004,3633.0,9.5,0,0,10,M,20,A,C,E,E,F
4004,3634.0,2.2,60,0,0,M,20,A,C,E,E,F
4004,3635.0,0.0,0,0,0,M,20,A,C,E,E,F
4004,3636.0,0.0,0,0,0,M,20,A,D,E,E,F
4004,3637.0,0.0,0,0,0,M,20,A,D,E,E,F
4004,3638.0,0.0,0,0,0,M,20,A,D,E,E,F
4004,3639.0,0.0,0,0,0,M,20,A,D,E,F,F
4004,3640.0,11.5,0,0,0,M,20,A,D,E,F,F
4004,3641.0,6.2,30,5,0,M,20,A,D,E,F,F
4004,3642.0,4.6,0,50,0,M,20,A,D,E,F,F
4004,3643.0,12.1,0,0,0,M,20,A,D,E,F,F
4004,3644.0,11.9,0,0,0,M,20,A,D,E,F,F
4004,3645.0,0.0,0,0,0,M,20,A,D,E,F,F
4004,3646.0,2.0,0,0,0,M,20,A,D,E,F,F
4004,3647.0,0.0,0,0,0,M,20,A,D,E,F,F
4004,3648.0,9.2,0,20,0,M,20,A,D,E,F,F
4004,3649.0,12.5,0,0,0,M,20,A,D,E,F,F
4004,3650.0,1.6,0,0,0,M,20,A,D,F,F,F
4004,3651.0,0.0,0,0,0,M,20,A,D,F,F,F
4004,3652.0,12.9,0,0,0,M,20,A,D,F,F,F
4004,3653.0,9.4,25,0,0,M,20,A,D,F,F,F
4004,3654.0,8.5,0,15,15,M,20,A,D,F,F,F
4004,3655.0,0.0,0,0,0,M,20,A,D,F,F,F
4004,3656.0,0.0,0,0,0,M,20,A,D,F,F,F
4004,3657.0,0.0,0,0,0,M,20,A,D,F,F,F
4004,3658.0,6.2,20,0,30,M,20,A,D,F,F,F
4004,3659.0,0.0,0,0,0,M,20,A,D,F,F,G
4004,3660.0,11.0,0,15,0,M,20,A,D,F,F,G
4004,3661.0,0.0,0,0,0,M,20,A,D,F,F,G
4004,3662.0,0.0,0,0,0,M,20,A,D,F,F,G
4004,3663.0,0.0,0,0,0,M,20,A,D,F,F,G
4004,3664.0,0.0,0,0,0,M,20,B,F,F,F,G
4004,3665.0,2.6,0,0,0,M,20,B,F,F,F,G
4004,3666.0,0.0,0,0,0,M,20,B,F,F,F,G
4004,3667.0,0.0,0,0,0,M,20,E,F,F,,G
4004,3668.0,6.6,25,15,5,M,20,,,,,
4004,3669.0,0.0,0,0,0,M,20,,,,,
4004,3670.0,2.2,0,0,0,M,20,,,,,
4004,3671.0,14.4,0,0,0,M,20,,,,,
4004,3672.0,2.0,0,0,0,M,20,,,,,
4004,3673.0,14.3,0,0,0,M,20,,,,,
4004,3674.0,11.0,0,0,25,M,20,,,,,
4004,3675.0,4.2,20,0,50,M,20,,,,,
4301,3676.0,15.0,0,0,0,F,20,A,A,B,D,B
4301,3677.0,15.0,0,0,0,F,20,A,A,B,D,C
4301,3678.0,7.6,30,20,0,F,20,A,A,B,D,C
4301,3679.0,15.0,0,0,0,F,20,A,A,C,D,C
4301,3680.0,15.0,0,0,0,F,20,A,A,D,D,C
4301,3681.0,15.0,0,0,0,F,20,A,A,D,E,D
4301,3682.0,15.0,0,0,0,F,20,A,A,D,E,D
4301,3683.0,15.0,0,0,0,F,20,A,A,D,E,D
4301,3684.0,15.0,0,0,0,F,20,A,A,D,E,D
4301,3685.0,15.0,0,0,0,F,20,A,B,E,E,E
4301,3686.0,15.0,0,0,0,M,20,A,B,E,E,E
4301,3687.0,15.0,0,0,0,M,20,A,B,E,E,E
4301,3688.0,15.0,0,0,0,M,20,A,B,E,E,E
4301,3689.0,6.4,10,0,50,M,20,A,D,E,E,E
4301,3690.0,4.4,0,0,0,M,20,A,D,E,E,E
4301,3691.0,9.5,0,40,0,M,20,A,D,E,E,E
4301,3692.0,15.9,0,0,0,M,20,A,D,E,F,E
4301,3693.0,4.0,70,0,10,M,20,A,D,E,F,F
4301,3694.0,2.6,0,0,0,M,20,A,D,E,F,F
4301,3695.0,16.2,0,0,0,M,20,B,D,F,F,F
4301,3696.0,16.3,0,0,0,M,20,B,D,F,F,F
4301,3697.0,8.4,0,35,20,M,20,B,D,F,F,F
4301,3698.0,5.2,0,0,0,M,20,B,F,F,F,F
4301,3699.0,5.2,0,0,0,M,20,B,F,F,F,G
4301,3700.0,16.3,0,0,0,M,20,,,,,
4301,3701.0,16.3,0,0,0,M,20,,,,,
4301,3702.0,10.8,40,0,0,M,20,,,,,
4301,3703.0,7.5,0,0,0,M,20,,,,,
4301,3704.0,3.6,0,0,0,M,20,,,,,
4301,3705.0,15.6,0,0,10,M,20,,,,,
4301,3706.0,5.8,10,15,50,M,20,,,,,
3502,3707.0,17.0,0,0,0,F,20,A,A,A,B,A
3502,3708.0,6.8,25,45,0,F,20,A,A,A,B,A
3502,3709.0,17.6,0,0,0,F,20,A,A,B,C,A
3502,3710.0,2.4,0,0,15,F,20,A,A,B,C,A
3502,3711.0,17.6,0,0,0,F,20,A,A,B,C,A
3502,3712.0,15.0,0,0,20,F,20,A,A,B,C,A
3502,3713.0,17.9,0,0,0,F,20,A,A,B,C,A
3502,3714.0,18.0,0,0,0,F,20,A,A,B,C,A
3502,3715.0,17.8,0,0,0,F,20,A,A,B,C,A
3502,3716.0,7.5,0,0,0,F,20,A,A,C,C,A
3502,3717.0,3.2,20,70,10,F,20,A,A,C,C,A
3502,3718.0,18.4,0,0,0,F,20,A,A,C,C,B
3502,3719.0,10.9,50,0,0,F,20,A,A,C,D,B
3502,3720.0,0.0,50,0,0,F,20,A,A,C,D,B
3502,3721.0,2.6,25,5,0,F,20,A,A,C,D,B
3502,3722.0,10.5,10,30,15,F,20,A,A,C,D,B
3502,3723.0,7.5,0,0,0,F,20,A,A,C,D,B
3502,3724.0,7.4,75,0,0,F,20,A,A,C,D,B
3502,3725.0,18.9,0,0,0,F,20,A,A,C,D,B
3502,3726.0,7.5,0,0,0,F,20,A,A,C,D,B
3502,3727.0,7.5,0,0,0,F,20,A,A,C,D,B
3502,3728.0,7.5,0,0,0,F,20,A,A,C,D,B
3502,3729.0,7.5,0,0,0,F,20,A,A,C,D,B
3502,3730.0,7.5,0,0,0,F,20,A,A,D,D,B
3502,3731.0,7.5,0,0,0,F,20,A,A,D,D,B
3502,3732.0,7.5,0,0,0,F,20,A,A,D,D,B
3502,3733.0,15.0,0,25,0,F,20,A,A,D,D,B
3502,3734.0,7.5,0,0,0,F,20,A,A,D,D,B
3502,3735.0,7.5,0,0,0,F,20,A,A,D,D,B
3502,3736.0,7.5,0,0,0,F,20,A,A,D,D,B
3502,3737.0,7.5,0,0,0,F,20,A,A,D,D,C
3502,3738.0,7.5,0,0,0,F,20,A,A,D,D,C
3502,3739.0,7.5,0,0,0,F,20,A,A,D,D,C
3502,3740.0,7.5,0,0,0,F,20,A,A,D,D,C
3502,3741.0,18.6,0,0,0,F,20,A,A,D,D,C
3502,3742.0,7.5,0,0,0,F,20,A,A,D,D,C
3502,3743.0,7.5,0,0,0,M,20,A,B,D,D,C
3502,3744.0,7.5,0,0,0,M,20,A,B,D,D,C
3502,3745.0,7.5,0,0,0,M,20,A,B,D,D,D
3502,3746.0,7.5,0,0,0,M,20,A,B,D,D,D
3502,3747.0,7.5,0,0,0,M,20,A,B,D,D,D
3502,3748.0,7.5,0,0,0,M,20,A,B,D,D,D
3502,3749.0,19.2,0,0,0,M,20,A,D,E,E,E
3502,3750.0,19.4,0,0,0,M,20,A,D,E,E,E
3502,3751.0,7.4,0,0,0,M,20,A,D,E,E,E
3502,3752.0,7.8,0,30,50,M,20,A,D,E,E,E
3502,3753.0,7.5,0,0,0,M,20,A,D,E,E,E
3502,3754.0,16.3,25,0,0,M,20,A,D,E,E,E
3502,3755.0,7.5,0,0,0,M,20,A,D,E,E,E
3502,3756.0,7.5,0,0,0,M,20,A,D,E,E,E
3502,3757.0,3.4,10,10,0,M,20,A,D,E,E,E
3502,3758.0,7.5,0,0,0,M,20,A,D,E,E,E
3502,3759.0,7.5,10,0,0,M,20,A,D,E,E,E
3502,3760.0,8.4,60,20,0,M,20,A,D,E,E,E
3502,3761.0,7.5,0,0,0,M,20,A,D,E,E,E
3502,3762.0,9.1,0,0,0,M,20,A,D,E,E,E
3502,3763.0,7.0,0,0,0,M,20,A,D,E,F,E
3502,3764.0,7.5,0,0,0,M,20,A,D,E,F,E
3502,3765.0,7.5,0,0,0,M,20,A,D,E,F,E
3502,3766.0,13.6,0,45,0,M,20,A,D,E,F,E
3502,3767.0,8.1,0,0,0,M,20,A,D,E,F,E
3502,3768.0,18.9,10,0,0,M,20,A,D,F,F,E
3502,3769.0,9.5,0,0,0,M,20,A,D,F,F,F
3502,3770.0,20.2,0,0,0,M,20,A,D,F,F,F
3502,3771.0,10.2,70,0,0,M,20,A,D,F,F,F
3502,3772.0,9.7,0,0,0,M,20,A,D,F,F,F
3502,3773.0,6.8,20,0,0,M,20,A,D,F,F,F
2001,3774.0,18.6,20,0,0,F,20,A,A,A,B,A
2001,3775.0,21.4,0,0,0,F,20,A,A,B,B,A
2001,3776.0,9.4,0,0,0,F,20,A,A,B,B,A
2001,3777.0,8.8,0,0,0,F,20,A,A,B,B,A
2001,3778.0,9.1,0,0,0,F,20,A,A,B,B,A
2001,3779.0,1.0,15,30,20,F,20,A,A,B,B,A
2001,3780.0,18.5,0,20,0,F,20,A,A,B,B,A
2001,3781.0,13.6,55,0,0,F,20,A,A,B,B,A
2001,3782.0,3.8,15,30,0,F,20,A,A,B,B,A
2001,3783.0,9.5,0,0,0,F,20,A,A,B,B,A
2001,3784.0,21.8,0,0,0,F,20,A,A,B,B,A
2001,3785.0,22.0,0,0,0,F,20,A,A,B,B,A
2001,3786.0,8.4,0,0,0,F,20,A,A,B,B,A
2001,3787.0,9.5,0,10,0,F,20,A,A,B,B,A
2001,3788.0,8.6,50,30,10,F,20,A,A,B,B,A
2001,3789.0,12.2,30,35,0,F,20,A,A,B,B,A
2001,3790.0,11.1,0,0,0,F,20,A,A,B,C,A
2001,3791.0,8.5,0,0,0,F,20,A,A,B,C,A
2001,3792.0,4.0,70,50,0,F,20,A,A,B,C,A
2001,3793.0,22.5,0,0,0,F,20,A,A,B,C,B
2001,3794.0,0.0,0,0,0,F,20,A,A,B,C,B
2001,3795.0,0.0,0,0,0,F,20,A,A,B,C,B
2001,3796.0,0.0,0,0,0,F,20,A,A,B,C,B
2001,3797.0,22.5,0,0,0,F,20,A,A,B,C,B
2001,3798.0,11.3,0,0,0,F,20,A,A,B,C,B
2001,3799.0,0.0,0,0,0,F,20,A,A,C,C,B
2001,3800.0,22.5,0,0,0,F,20,A,A,C,C,B
2001,3801.0,0.0,0,0,0,F,20,A,A,C,C,B
2001,3802.0,0.0,0,0,0,F,20,A,A,C,D,B
2001,3803.0,8.9,0,0,0,F,20,A,A,C,D,B
2001,3804.0,7.5,0,15,10,F,20,A,A,C,D,B
2001,3805.0,3.4,0,50,0,F,20,A,A,C,D,B
2001,3806.0,0.0,0,0,0,F,20,A,A,C,D,B
2001,3807.0,0.0,0,0,0,F,20,A,A,C,D,B
2001,3808.0,0.0,0,0,0,F,20,A,A,C,D,B
2001,3809.0,22.5,0,0,0,F,20,A,A,C,D,B
2001,3810.0,11.5,0,0,0,F,20,A,A,C,D,B
2001,3811.0,10.2,40,40,0,F,20,A,A,D,D,B
2001,3812.0,22.5,0,0,0,F,20,A,A,D,D,B
2001,3813.0,10.1,0,0,0,F,20,A,A,D,D,B
2001,3814.0,0.0,0,0,0,F,20,A,B,D,D,B
2001,3815.0,0.0,0,0,0,F,20,A,B,D,D,B
2001,3816.0,22.3,0,0,0,F,20,A,B,D,D,B
2001,3817.0,11.3,0,0,0,F,20,A,B,D,D,B
2001,3818.0,0.0,0,0,0,F,20,A,B,D,D,B
2001,3819.0,7.5,25,0,0,F,20,A,B,D,D,B
2001,3820.0,22.5,0,0,0,F,20,A,B,D,D,B
2001,3821.0,0.0,0,0,0,F,20,A,B,D,D,B
2001,3822.0,0.0,0,0,0,F,20,A,B,D,D,B
2001,3823.0,0.0,0,0,0,F,20,A,C,D,D,C
2001,3824.0,22.5,0,0,0,F,20,A,D,D,D,C
2001,3825.0,0.0,0,0,0,F,20,A,D,D,D,C
2001,3826.0,0.0,0,0,0,F,20,A,D,D,D,C
2001,3827.0,0.0,0,0,0,F,20,A,D,D,D,C
2001,3828.0,0.0,0,0,0,F,20,A,D,D,D,C
2001,3829.0,19.0,25,0,0,F,20,A,D,D,D,C
2001,3830.0,8.5,10,0,0,F,20,A,D,D,D,C
2001,3831.0,10.1,10,0,0,F,20,A,D,D,D,C
2001,3832.0,10.1,10,0,0,F,20,A,D,D,D,D
2001,3833.0,4.0,45,50,30,F,20,A,D,D,D,D
2001,3834.0,11.7,0,0,0,F,20,A,D,D,D,D
2001,3835.0,5.2,50,0,0,F,20,A,D,D,D,D
2001,3836.0,11.5,0,0,0,F,20,A,D,D,D,D
2001,3837.0,0.0,0,0,0,F,20,A,D,D,D,D
2001,3838.0,7.5,20,0,10,F,20,A,D,D,E,D
2001,3839.0,9.5,0,0,0,F,20,A,D,D,E,D
2001,3840.0,0.0,0,0,0,F,20,A,D,D,E,D
2001,3841.0,9.5,0,0,0,F,20,A,D,D,E,D
2001,3842.0,23.0,0,0,0,F,20,A,D,E,E,D
2001,3843.0,8.0,0,10,0,F,20,A,D,E,E,E
2001,3844.0,9.5,0,10,0,F,20,A,D,E,E,E
2001,3845.0,10.4,10,60,15,F,20,A,D,E,E,E
2001,3846.0,0.0,0,0,0,F,20,A,D,E,E,E
2001,3847.0,1.0,0,0,0,F,20,A,D,E,E,E
2001,3848.0,7.5,0,0,30,F,20,A,D,E,E,E
2001,3849.0,0.0,0,0,10,F,20,B,D,E,E,E
2001,3850.0,11.1,0,0,0,F,20,B,D,E,E,E
2001,3851.0,23.4,0,0,0,F,20,B,D,E,E,E
2001,3852.0,0.0,10,0,0,F,20,B,D,E,E,E
2001,3853.0,10.0,0,0,0,F,20,B,D,E,E,E
2001,3854.0,6.6,10,15,0,F,20,B,D,F,F,F
2001,3855.0,7.6,0,20,0,F,20,B,D,F,F,F
2001,3856.0,9.6,70,15,10,F,20,B,D,F,F,F
2001,3857.0,16.6,20,0,30,F,20,B,D,F,F,F
2001,3858.0,9.1,10,15,0,F,20,B,D,F,F,F
2001,3859.0,8.2,30,0,0,F,20,B,D,F,F,F
2001,3860.0,23.8,0,0,0,F,20,B,D,F,F,F
2001,3861.0,11.3,10,0,0,F,20,B,D,F,F,F
2001,3862.0,12.7,0,0,0,F,20,C,D,F,F,F
2001,3863.0,3.4,0,45,0,F,20,E,F,F,F,F
2001,3864.0,1.6,0,0,0,F,20,E,F,F,F,G
2001,3865.0,10.0,20,0,0,F,20,E,F,F,F,G
2001,3866.0,15.0,10,0,50,F,20,,,,,
2001,3867.0,7.5,0,20,0,M,20,,,,,
2001,3868.0,7.6,50,20,40,M,20,,,,,
2001,3869.0,1.6,0,0,0,M,20,,,,,
2001,3870.0,10.7,0,0,0,M,20,,,,,
2001,3871.0,12.1,0,0,0,M,20,,,,,
2001,3872.0,0.0,0,0,0,M,20,,,,,
2001,3873.0,0.0,0,0,0,M,20,,,,,
2001,3874.0,11.9,0,0,0,M,20,,,,,
2001,3875.0,8.2,20,5,10,M,20,,,,,
2001,3876.0,20.0,20,0,0,M,20,,,,,
2001,3877.0,11.9,0,0,0,M,20,,,,,
2501,3878.0,0.0,15,70,0,F,20,A,A,B,B,A
2501,3879.0,0.0,0,0,0,F,20,A,A,B,B,A
2501,3880.0,0.0,0,0,0,F,20,A,A,C,D,A
2501,3881.0,0.0,0,0,0,F,20,A,A,C,D,A
2501,3882.0,0.0,0,0,0,F,20,A,A,C,D,A
2501,3883.0,0.0,0,0,0,F,20,A,A,C,D,A
2501,3884.0,0.0,0,0,15,F,20,A,A,C,D,A
2501,3885.0,0.0,0,10,5,F,20,A,A,D,D,B
2501,3886.0,10.1,0,0,20,F,20,A,A,D,D,B
2501,3887.0,19.0,20,5,10,F,20,A,A,D,D,B
2501,3888.0,0.0,0,0,0,F,20,A,A,D,D,B
2501,3889.0,9.6,35,45,20,F,20,A,A,D,D,C
2501,3890.0,7.5,0,25,0,F,20,A,A,D,D,C
2501,3891.0,2.6,0,0,0,F,20,A,A,D,D,C
2501,3892.0,11.3,0,0,0,F,20,A,A,E,E,C
2501,3893.0,8.9,0,15,0,F,20,A,A,E,E,D
2501,3894.0,9.9,25,0,0,F,20,A,A,E,E,D
2501,3895.0,1.0,0,0,10,F,20,A,A,E,E,D
2501,3896.0,3.6,0,0,0,F,20,A,A,E,E,D
2501,3897.0,17.7,0,15,30,F,20,A,A,E,E,D
2501,3898.0,11.2,60,10,20,F,20,A,A,E,E,D
2501,3899.0,22.5,0,5,10,F,20,A,A,E,E,D
2501,3900.0,11.3,0,0,0,F,20,A,B,E,E,D
2501,3901.0,9.7,0,0,15,F,20,A,B,E,E,D
2501,3902.0,1.6,0,0,0,F,20,A,B,E,E,E
2501,3903.0,11.8,0,0,0,F,20,A,C,E,F,E
2501,3904.0,2.2,80,0,0,M,20,B,F,F,F,F
2501,3905.0,7.4,40,5,0,M,20,C,F,F,F,F
2501,3906.0,25.2,0,0,0,M,20,C,F,F,F,F
2501,3907.0,9.5,20,10,0,M,20,E,F,F,F,G
2501,3908.0,9.5,25,0,0,M,20,,,,,
2501,3909.0,0.0,0,0,0,M,20,,,,,
2501,3910.0,0.0,0,0,0,M,20,,,,,
2501,3911.0,0.0,0,0,0,M,20,,,,,
2501,3912.0,13.1,0,0,0,M,20,,,,,
2501,3913.0,11.3,20,0,0,M,20,,,,,
2501,3914.0,3.8,25,30,0,M,20,,,,,
2501,3915.0,0.0,0,0,0,M,20,,,,,
2501,3916.0,6.0,10,30,0,M,20,,,,,
1402,3917.0,11.3,20,0,0,F,20,A,A,A,A,A
1402,3918.0,7.5,0,30,0,F,20,A,A,B,A,A
1402,3919.0,11.1,0,15,0,F,20,A,A,B,A,A
1402,3920.0,15.0,0,0,0,M,20,A,A,D,D,B
1402,3921.0,15.0,0,0,0,M,20,A,A,D,D,B
1402,3922.0,15.0,0,0,0,M,20,A,A,D,D,B
1402,3923.0,15.0,0,0,0,M,20,A,A,D,D,B
1402,3924.0,13.8,0,0,0,M,20,A,A,D,D,C
1402,3925.0,12.9,0,0,0,M,20,A,B,D,E,C
1402,3926.0,15.0,0,0,0,M,20,A,B,D,E,C
1402,3927.0,15.0,0,0,0,M,20,A,C,D,E,D
1402,3928.0,15.0,0,0,0,M,20,A,D,D,E,D
1402,3929.0,16.0,30,20,15,M,20,A,D,E,E,D
1402,3930.0,15.0,0,0,0,M,20,A,D,E,E,D
1402,3931.0,15.0,0,0,0,M,20,A,D,E,E,E
1402,3932.0,8.5,30,0,0,M,20,A,D,E,F,E
1402,3933.0,15.0,0,0,0,M,20,A,D,E,F,E
1402,3934.0,15.0,0,0,0,M,20,A,D,E,F,E
1402,3935.0,15.0,0,0,0,M,20,A,D,E,F,E
1402,3936.0,15.0,0,0,0,M,20,B,D,E,F,F
1402,3937.0,15.0,0,0,0,M,20,B,D,E,F,F
1502,3938.0,3.8,0,0,0,F,20,A,A,B,B,A
1502,3939.0,15.0,0,0,0,F,20,A,A,C,B,A
1502,3940.0,2.4,10,0,0,F,20,A,A,C,B,B
1502,3941.0,15.0,0,0,0,F,20,A,A,C,C,B
1502,3942.0,0.6,10,0,10,F,20,A,A,C,C,B
1502,3943.0,15.0,0,0,0,F,20,A,A,C,C,B
1502,3944.0,15.0,0,0,0,F,20,A,A,C,D,B
1502,3945.0,26.4,0,0,0,F,20,A,A,C,D,B
1502,3946.0,13.3,0,0,0,F,20,A,A,C,D,B
1502,3947.0,5.8,0,30,15,F,20,A,A,C,D,B
1502,3948.0,8.9,10,15,0,F,20,A,A,C,D,B
1502,3949.0,15.0,0,0,0,F,20,A,A,D,D,B
1502,3950.0,12.7,0,0,0,F,20,A,A,D,D,C
1502,3951.0,15.0,0,0,0,F,20,A,A,D,D,C
1502,3952.0,15.0,0,0,0,F,20,A,A,D,D,C
1502,3953.0,7.5,0,35,0,F,20,A,A,D,D,C
1502,3954.0,22.6,0,25,0,F,20,A,B,D,D,D
1502,3955.0,26.2,0,0,0,F,20,A,B,D,D,D
1502,3956.0,15.0,0,0,0,M,20,A,B,D,D,D
1502,3957.0,26.9,0,0,0,M,20,A,B,D,D,D
1502,3958.0,13.1,30,20,40,M,20,A,B,E,D,D
1502,3959.0,13.5,10,0,0,M,20,A,B,E,E,D
1502,3960.0,0.0,0,0,0,M,20,A,C,E,E,D
1502,3961.0,1.6,5,15,0,M,20,A,D,E,E,D
1502,3962.0,0.0,0,0,0,M,20,A,D,E,E,D
1502,3963.0,0.0,0,0,0,M,20,A,D,E,E,D
1502,3964.0,0.0,0,0,0,M,20,A,D,E,E,D
1502,3965.0,0.0,0,0,0,M,20,A,D,E,E,E
1502,3966.0,0.0,0,30,0,M,20,A,D,E,F,E
1502,3967.0,2.0,30,85,50,M,20,A,D,E,F,E
1502,3968.0,26.9,0,0,0,M,20,A,D,E,F,E
1502,3969.0,8.1,50,0,0,M,20,A,D,E,F,E
1502,3970.0,0.0,0,0,0,M,20,A,D,E,F,E
1502,3971.0,5.2,10,20,40,M,20,B,D,F,F,F
1502,3972.0,0.0,0,0,0,M,20,,,,,
1502,3973.0,0.0,0,0,0,M,20,,,,,
1502,3974.0,0.0,0,0,0,M,20,,,,,
1502,3975.0,0.0,0,0,0,M,20,,,,,
1502,3976.0,0.0,0,0,0,M,20,,,,,
1502,3977.0,0.0,0,0,0,M,20,,,,,
1602,3978.0,7.5,10,45,0,F,20,A,A,A,B,A
1602,3979.0,0.0,25,5,0,F,20,A,A,A,B,A
1602,3980.0,22.5,20,10,0,F,20,A,A,A,B,A
1602,3981.0,15.0,0,0,0,F,20,A,A,A,B,A
1602,3982.0,15.0,0,0,0,F,20,A,A,B,B,A
1602,3983.0,15.0,0,0,0,F,20,A,A,B,B,A
1602,3984.0,15.0,0,0,0,F,20,A,A,B,B,A
1602,3985.0,0.0,0,25,0,F,20,A,A,B,B,A
1602,3986.0,5.0,0,0,0,F,20,A,A,B,C,A
1602,3987.0,17.1,0,65,0,F,20,A,A,B,C,A
1602,3988.0,14.7,0,0,0,F,20,A,A,B,C,A
1602,3989.0,15.0,0,0,0,F,20,A,A,B,C,A
1602,3990.0,15.0,0,0,0,F,20,A,A,B,C,A
1602,3991.0,27.3,0,0,0,F,20,A,A,B,C,A
1602,3992.0,6.0,0,0,0,F,20,A,A,C,C,A
1602,3993.0,2.0,0,0,20,F,20,A,A,C,C,A
1602,3994.0,3.6,5,0,5,F,20,A,A,C,C,A
1602,3995.0,3.4,0,0,10,F,20,A,A,C,C,A
1602,3996.0,15.0,0,0,0,F,20,A,A,C,C,B
1602,3997.0,2.2,10,35,30,F,20,A,A,C,C,B
1602,3998.0,15.0,0,0,0,F,20,A,A,C,C,B
1602,3999.0,15.0,0,0,0,F,20,A,A,C,C,B
1602,4000.0,22.8,20,0,10,F,20,A,A,C,D,B
1602,4001.0,27.1,0,0,0,F,20,A,A,C,D,B
1602,4002.0,15.5,10,0,0,F,20,A,A,C,D,B
1602,4003.0,16.0,0,0,0,F,20,A,A,C,D,B
1602,4004.0,15.0,0,0,0,F,20,A,A,C,D,B
1602,4005.0,15.0,0,0,0,F,20,A,A,C,D,B
1602,4006.0,15.0,0,0,0,F,20,A,A,C,D,B
1602,4007.0,22.5,30,0,0,F,20,A,A,C,D,B
1602,4008.0,15.0,10,0,0,F,20,A,A,C,D,B
1602,4009.0,12.5,0,10,0,F,20,A,A,C,D,B
1602,4010.0,1.0,0,0,0,F,20,A,A,C,D,B
1602,4011.0,23.8,0,25,0,F,20,A,A,C,D,B
1602,4012.0,0.0,20,15,0,F,20,A,A,C,D,B
1602,4013.0,7.5,25,15,20,F,20,A,A,D,D,B
1602,4014.0,15.0,0,0,0,F,20,A,A,D,D,C
1602,4015.0,15.0,0,0,0,F,20,A,A,D,D,C
1602,4016.0,15.0,0,0,0,F,20,A,A,D,D,C
1602,4017.0,16.0,0,0,0,F,20,A,A,D,D,C
1602,4018.0,15.0,0,0,0,F,20,A,A,D,D,C
1602,4019.0,15.0,0,0,0,F,20,A,A,D,D,C
1602,4020.0,15.0,0,0,0,F,20,A,A,D,D,C
1602,4021.0,18.0,0,70,0,F,20,A,A,D,E,C
1602,4022.0,28.4,0,0,0,F,20,A,A,D,E,C
1602,4023.0,14.9,0,0,0,F,20,A,A,D,E,C
1602,4024.0,15.0,0,0,0,F,20,A,A,D,E,C
1602,4025.0,4.8,80,0,5,F,20,A,A,D,E,D
1602,4026.0,28.5,0,0,0,F,20,A,A,D,E,D
1602,4027.0,15.0,0,0,0,F,20,A,A,D,E,D
1602,4028.0,13.7,10,15,0,F,20,A,A,D,E,D
1602,4029.0,1.6,0,0,0,F,20,A,A,D,E,D
1602,4030.0,9.9,35,15,0,F,20,A,B,E,E,D
1602,4031.0,15.0,0,0,0,F,20,A,B,E,E,D
1602,4032.0,6.4,10,0,0,F,20,A,B,E,E,D
1602,4033.0,15.0,0,0,0,F,20,A,B,E,E,D
1602,4034.0,12.9,15,0,15,F,20,A,B,E,E,D
1602,4035.0,10.3,0,30,0,F,20,A,B,E,E,E
1602,4036.0,15.0,0,0,0,F,20,A,B,E,E,E
1602,4037.0,15.0,0,0,0,F,20,A,B,E,E,E
1602,4038.0,15.0,0,0,0,F,20,A,B,E,E,E
1602,4039.0,15.0,0,0,0,M,20,A,B,E,E,E
1602,4040.0,15.0,0,0,0,M,20,A,B,E,E,E
1602,4041.0,4.8,10,45,100,M,20,A,B,E,E,E
1602,4042.0,15.0,0,0,0,M,20,A,B,E,E,E
1602,4043.0,15.0,0,0,0,M,20,A,B,E,E,E
1602,4044.0,15.0,0,0,0,M,20,A,C,E,E,E
1602,4045.0,1.6,0,0,10,M,20,A,D,E,E,E
1602,4046.0,18.1,0,0,0,M,20,A,D,E,E,E
1602,4047.0,0.0,0,45,0,M,20,A,D,E,E,E
1602,4048.0,7.5,0,0,0,M,20,A,D,E,E,E
1602,4049.0,6.4,0,0,0,M,20,A,D,E,E,E
1602,4050.0,2.0,0,0,0,M,20,A,D,E,E,E
1602,4051.0,4.4,0,0,0,M,20,A,D,E,E,E
1602,4052.0,12.1,0,10,15,M,20,A,D,E,E,E
1602,4053.0,0.0,50,0,0,M,20,A,D,E,E,E
1602,4054.0,2.0,0,0,0,M,20,A,D,E,E,E
1602,4055.0,2.0,0,0,0,M,20,A,D,E,E,E
1602,4056.0,15.0,0,10,0,M,20,A,D,E,E,E
1602,4057.0,2.0,0,0,0,M,20,A,D,E,E,E
1602,4058.0,28.9,0,0,0,M,20,A,D,E,E,E
1602,4059.0,9.7,0,35,0,M,20,A,D,E,E,E
1602,4060.0,18.0,0,0,0,M,20,A,D,E,E,E
1602,4061.0,8.2,0,0,0,M,20,A,D,E,E,E
1602,4062.0,21.2,35,5,10,M,20,A,D,E,E,E
1602,4063.0,2.0,0,0,0,M,20,A,D,E,E,E
1602,4064.0,15.0,0,0,10,M,20,A,D,E,E,E
1602,4065.0,17.8,0,0,0,M,20,A,D,E,E,E
1602,4066.0,17.0,0,0,0,M,20,A,D,E,E,E
1602,4067.0,17.0,0,0,0,M,20,A,D,E,E,F
1602,4068.0,3.6,0,0,0,M,20,A,D,E,E,F
1602,4069.0,2.4,0,0,0,M,20,A,D,E,E,F
1602,4070.0,0.0,0,15,0,M,20,A,D,E,E,F
1602,4071.0,11.9,25,0,0,M,20,A,D,E,F,F
1602,4072.0,14.1,25,75,0,M,20,A,D,E,F,F
1602,4073.0,13.5,10,5,15,M,20,A,D,E,F,F
1602,4074.0,2.6,0,30,0,M,20,A,D,E,F,F
1602,4075.0,16.5,10,0,0,M,20,A,D,E,F,F
1602,4076.0,3.8,0,0,0,M,20,A,D,F,F,F
1602,4077.0,10.2,40,65,20,M,20,A,D,F,F,F
1602,4078.0,1.0,35,5,0,M,20,A,D,F,F,F
1602,4079.0,13.5,0,30,0,M,20,A,D,F,F,F
1602,4080.0,7.5,10,45,20,M,20,A,D,F,F,F
1602,4081.0,7.5,0,0,0,M,20,A,D,F,F,F
1602,4082.0,7.5,0,0,0,M,20,A,D,F,F,F
1602,4083.0,7.5,0,0,0,M,20,A,D,F,F,F
1602,4084.0,7.5,0,0,0,M,20,A,D,F,F,F
1602,4085.0,7.5,0,0,0,M,20,A,D,F,F,F
1602,4086.0,7.5,0,0,0,M,20,A,D,F,F,F
1602,4087.0,7.5,0,0,0,M,20,B,D,F,F,F
1602,4088.0,7.5,0,0,0,M,20,E,F,F,F,G
1602,4089.0,7.5,0,0,0,M,20,E,F,F,F,G
1602,4090.0,7.5,0,0,0,M,20,,,,,
1602,4091.0,7.5,0,0,0,M,20,,,,,
1602,4092.0,0.0,50,0,0,M,20,,,,,
1602,4093.0,7.5,0,0,0,M,20,,,,,
1602,4094.0,7.5,0,0,0,M,20,,,,,
1602,4095.0,7.5,0,0,0,M,20,,,,,
1602,4096.0,7.5,0,0,0,M,20,,,,,
1602,4097.0,7.5,0,0,0,M,20,,,,,
1602,4098.0,8.5,10,40,0,M,20,,,,,
1602,4099.0,7.5,0,0,0,M,20,,,,,
1602,4100.0,7.5,0,0,0,M,20,,,,,
1602,4101.0,7.5,0,0,0,M,20,,,,,
1602,4102.0,7.5,0,0,0,M,20,,,,,
1602,4103.0,7.5,0,0,0,M,20,,,,,
1602,4104.0,7.5,0,0,0,M,20,,,,,
1602,4105.0,7.5,0,0,0,M,20,,,,,
1602,4106.0,7.5,0,0,0,M,20,,,,,
1602,4107.0,7.5,0,0,0,M,20,,,,,
1602,4108.0,11.8,40,0,5,M,20,,,,,
702,4109.0,7.5,0,0,0,F,20,A,A,B,B,A
702,4110.0,0.0,0,20,0,F,20,A,A,B,C,A
702,4111.0,12.9,0,20,0,F,20,A,A,B,C,A
702,4112.0,7.5,0,0,0,F,20,A,A,C,C,A
702,4113.0,7.5,0,0,0,F,20,A,A,C,D,B
702,4114.0,4.0,0,0,0,M,20,A,A,D,D,B
702,4115.0,7.5,0,0,0,M,20,A,A,D,D,B
702,4116.0,7.5,0,0,0,M,20,A,A,D,D,C
702,4117.0,7.5,0,0,0,M,20,A,A,D,D,C
702,4118.0,7.5,0,0,0,M,20,A,B,D,D,C
702,4119.0,7.5,0,0,0,M,20,A,B,D,D,C
702,4120.0,0.0,10,10,0,M,20,,,,,
904,4121.0,7.5,0,0,0,F,20,A,A,A,A,A
904,4122.0,7.5,0,0,0,F,20,A,A,A,B,A
904,4123.0,7.5,0,0,0,F,20,A,A,A,B,A
904,4124.0,7.5,0,0,0,F,20,A,A,B,B,A
904,4125.0,7.5,0,0,0,F,20,A,A,B,B,A
904,4126.0,4.4,10,0,10,F,20,A,A,B,B,A
904,4127.0,7.5,0,0,0,F,20,A,A,B,B,A
904,4128.0,4.0,0,25,0,F,20,A,A,C,D,B
904,4129.0,16.7,20,0,0,F,20,A,B,C,D,B
904,4130.0,27.1,20,0,0,F,20,A,B,C,D,B
904,4131.0,17.8,0,0,0,F,20,A,B,D,D,B
904,4132.0,29.9,0,0,0,F,20,A,B,D,D,B
904,4133.0,17.2,0,0,10,F,20,A,B,D,D,B
904,4134.0,8.0,25,30,0,F,20,A,B,D,D,C
904,4135.0,7.5,0,50,100,F,20,A,B,D,D,C
904,4136.0,14.5,0,20,0,F,20,A,B,D,D,C
904,4137.0,26.5,0,25,0,F,20,A,B,D,D,C
904,4138.0,16.5,0,0,0,F,20,A,C,D,D,C
904,4139.0,18.6,0,0,0,F,20,A,D,D,D,C
904,4140.0,1.0,0,15,0,F,20,A,D,D,D,C
904,4141.0,23.4,0,45,0,F,20,A,D,D,D,C
904,4142.0,19.0,0,0,0,F,20,A,D,D,D,C
904,4143.0,15.3,0,10,0,F,20,A,D,D,D,D
904,4144.0,2.0,15,5,20,F,20,A,D,D,D,D
904,4145.0,30.4,0,0,0,F,20,A,D,E,D,D
904,4146.0,18.1,0,0,0,F,20,A,D,E,D,D
904,4147.0,2.0,0,0,20,F,20,A,D,E,D,D
904,4148.0,18.9,0,0,0,F,20,A,D,E,E,D
904,4149.0,10.1,0,0,0,F,20,A,D,E,E,D
904,4150.0,6.8,0,10,0,F,20,A,D,E,E,E
904,4151.0,17.0,0,0,0,F,20,A,D,E,E,E
904,4152.0,3.6,0,0,0,F,20,A,D,E,E,E
904,4153.0,6.0,0,0,0,F,20,A,D,E,E,E
904,4154.0,15.1,0,25,0,F,20,B,D,E,E,E
904,4155.0,3.6,0,0,0,F,20,B,D,E,E,E
904,4156.0,19.1,0,0,0,F,20,B,D,E,E,E
904,4157.0,11.1,20,25,10,F,20,B,D,E,E,E
904,4158.0,19.4,0,0,0,F,20,B,D,E,E,E
904,4159.0,15.8,45,45,10,F,20,B,D,F,E,E
904,4160.0,17.2,0,0,0,F,20,B,D,F,F,E
904,4161.0,8.5,0,0,0,F,20,B,D,F,F,E
904,4162.0,12.3,30,10,0,F,20,B,D,F,F,F
904,4163.0,7.5,0,0,0,F,20,B,D,F,F,F
904,4164.0,6.6,0,0,0,F,20,C,E,F,F,F
904,4165.0,3.6,0,0,10,M,20,E,F,F,F,F
904,4166.0,7.6,0,0,0,M,20,E,F,F,F,F
904,4167.0,13.5,40,45,30,M,20,E,F,F,F,F
904,4168.0,7.5,0,0,0,M,20,,,,,
904,4169.0,14.9,0,0,15,M,20,,,,,
904,4170.0,6.4,0,0,0,M,20,,,,,
904,4171.0,0.0,10,10,50,M,20,,,,,
904,4172.0,15.0,0,15,15,M,20,,,,,
904,4173.0,7.5,0,0,5,M,20,,,,,
904,4174.0,8.5,0,0,0,M,20,,,,,
904,4175.0,2.6,10,0,0,M,20,,,,,
904,4176.0,0.0,0,0,0,M,20,,,,,
904,4177.0,15.0,20,0,0,M,20,,,,,
904,4178.0,7.5,20,30,30,M,20,,,,,
904,4179.0,15.9,10,15,0,M,20,,,,,
904,4180.0,17.4,0,0,0,M,20,,,,,
904,4181.0,1.0,35,5,10,M,20,,,,,
904,4182.0,7.6,0,0,0,M,20,,,,,
904,4183.0,7.5,0,0,10,M,20,,,,,
904,4184.0,14.7,0,20,0,M,20,,,,,
904,4185.0,11.9,25,15,15,M,20,,,,,
904,4186.0,12.1,0,35,0,M,20,,,,,
904,4187.0,4.0,0,20,0,M,20,,,,,
904,4188.0,7.5,10,0,0,M,20,,,,,
904,4189.0,7.5,10,0,0,M,20,,,,,
904,4190.0,7.5,0,0,10,M,20,,,,,
904,4191.0,12.1,25,25,0,M,20,,,,,
904,4192.0,7.5,0,0,10,M,20,,,,,
2001,4193.0,9.1,0,0,0,F,20,A,A,A,A,A
2001,4194.0,18.0,0,0,0,F,20,A,A,B,C,B
2001,4195.0,14.5,20,0,20,F,20,A,A,B,C,B
2001,4196.0,14.1,0,25,0,F,20,A,A,C,C,B
2001,4197.0,30.0,10,0,0,F,20,A,A,C,C,B
2001,4198.0,21.6,55,0,10,F,20,A,A,C,C,B
2001,4199.0,1.0,0,25,0,F,20,A,B,C,C,B
2001,4200.0,7.5,0,0,0,F,20,A,D,D,D,C
2001,4201.0,7.5,0,0,0,F,20,A,D,D,D,C
2001,4202.0,20.6,0,0,0,F,20,A,D,D,D,C
2001,4203.0,0.0,20,45,0,F,20,A,D,D,D,D
2001,4204.0,19.8,0,0,0,F,20,A,D,D,D,D
2001,4205.0,7.5,0,0,0,F,20,A,D,D,D,D
2001,4206.0,11.1,0,20,30,F,20,A,D,D,D,D
2001,4207.0,7.5,0,0,0,F,20,A,D,D,D,D
2001,4208.0,19.8,0,0,0,F,20,A,D,D,D,D
2001,4209.0,7.5,0,0,0,F,20,A,D,D,D,E
2001,4210.0,7.5,0,0,0,F,20,A,D,D,E,E
2001,4211.0,10.5,30,15,20,F,20,A,D,D,E,E
2001,4212.0,9.5,0,60,0,F,20,A,D,D,E,E
2001,4213.0,7.5,0,0,0,F,20,A,D,D,E,E
2001,4214.0,16.2,55,0,50,F,20,A,D,D,E,E
2001,4215.0,7.8,0,0,0,F,20,A,D,E,E,E
2001,4216.0,7.5,0,0,0,F,20,B,D,E,E,E
2001,4217.0,7.5,0,0,0,F,20,B,D,E,E,E
2001,4218.0,19.5,0,0,0,F,20,B,D,E,E,E
2001,4219.0,0.0,0,10,0,F,20,B,D,E,E,E
2001,4220.0,9.7,0,0,0,F,20,B,D,E,E,E
2001,4221.0,0.0,0,45,20,F,20,B,D,E,E,E
2001,4222.0,7.5,0,0,0,M,20,B,D,E,F,F
2001,4223.0,7.5,0,0,0,M,20,B,D,E,F,F
2001,4224.0,7.5,0,0,0,M,20,B,D,F,F,F
2001,4225.0,7.5,0,0,0,M,20,B,D,F,F,F
2001,4226.0,0.0,0,0,0,M,20,B,D,F,F,F
2001,4227.0,0.0,0,0,0,M,20,B,D,F,F,F
2001,4228.0,0.0,0,0,0,M,20,B,D,F,F,F
2001,4229.0,15.0,0,20,20,M,20,B,F,F,F,G
2001,4230.0,0.0,0,0,0,M,20,,,,,
2001,4231.0,8.2,0,0,10,M,20,,,,,
2001,4232.0,11.0,60,60,20,M,20,,,,,
2001,4233.0,15.4,0,20,0,M,20,,,,,
2001,4234.0,7.5,0,0,0,M,20,,,,,
2001,4235.0,7.5,0,0,0,M,20,,,,,
2001,4236.0,0.0,0,35,0,M,20,,,,,
2001,4237.0,7.5,0,0,0,M,20,,,,,
2001,4238.0,20.9,0,0,0,M,20,,,,,
2001,4239.0,21.0,0,0,0,M,20,,,,,
2001,4240.0,7.5,0,0,0,M,20,,,,,
2001,4241.0,7.5,0,0,0,M,20,,,,,
702,4242.0,7.5,0,0,0,F,20,A,A,A,A,A
702,4243.0,18.9,0,0,0,F,20,A,A,A,A,A
702,4244.0,7.5,0,0,0,F,20,A,A,A,A,A
702,4245.0,7.5,0,0,0,F,20,A,A,A,B,A
702,4246.0,28.2,25,0,0,F,20,A,A,A,B,A
702,4247.0,7.5,0,0,0,F,20,A,A,A,B,A
702,4248.0,0.0,0,0,0,F,20,A,A,B,B,A
702,4249.0,31.9,0,0,0,F,20,A,A,B,B,A
702,4250.0,5.2,0,0,0,F,20,A,A,B,B,A
702,4251.0,7.5,0,0,0,F,20,A,A,B,B,A
702,4252.0,11.5,0,45,0,F,20,A,A,B,B,A
702,4253.0,7.5,0,0,0,F,20,A,A,B,B,A
702,4254.0,7.5,0,0,0,F,20,A,A,B,B,A
702,4255.0,18.0,0,0,20,F,20,A,A,B,B,A
702,4256.0,11.7,15,15,30,F,20,A,A,B,B,A
702,4257.0,3.0,0,35,10,F,20,A,A,B,B,A
702,4258.0,12.9,25,0,30,F,20,A,B,B,B,A
702,4259.0,7.5,0,0,0,F,20,A,B,B,B,A
702,4260.0,10.1,0,0,0,F,20,A,B,B,B,A
702,4261.0,20.3,50,0,30,F,20,A,B,B,B,A
702,4262.0,20.0,0,0,0,F,20,A,B,B,B,A
702,4263.0,8.5,0,20,50,F,20,A,B,B,B,A
702,4264.0,14.5,50,0,0,F,20,A,B,B,B,A
702,4265.0,19.4,0,0,0,F,20,A,B,B,B,A
702,4266.0,18.8,0,0,0,F,20,A,B,B,B,A
702,4267.0,10.1,0,0,0,F,20,A,B,B,B,A
702,4268.0,20.0,0,0,0,F,20,A,B,B,B,A
702,4269.0,8.0,0,0,0,F,20,A,B,B,B,A
702,4270.0,2.6,0,45,5,F,20,A,B,B,B,A
702,4271.0,10.1,0,0,0,F,20,A,B,B,B,A
702,4272.0,7.6,50,40,0,F,20,A,B,B,B,A
702,4273.0,10.7,50,0,20,F,20,A,B,B,B,A
702,4274.0,3.4,25,0,0,F,20,A,B,B,B,A
702,4275.0,10.1,0,0,0,F,20,A,D,B,C,A
702,4276.0,9.9,50,0,15,F,20,A,D,B,C,A
702,4277.0,3.4,0,15,0,F,20,A,D,B,C,A
702,4278.0,7.5,25,0,0,F,20,A,D,B,C,A
702,4279.0,20.2,0,0,0,F,20,A,D,B,C,A
702,4280.0,10.1,0,0,0,F,20,A,D,B,C,A
702,4281.0,18.6,0,10,0,F,20,A,D,C,C,A
702,4282.0,10.1,0,0,0,M,20,A,D,C,C,A
702,4283.0,11.8,0,45,0,M,20,A,D,C,C,A
702,4284.0,23.2,15,45,0,M,20,A,D,C,C,A
702,4285.0,4.0,50,0,0,M,20,A,D,C,C,A
702,4286.0,8.5,0,0,15,M,20,A,D,C,C,A
702,4287.0,19.8,0,0,0,M,20,A,D,C,C,B
702,4288.0,8.5,0,0,0,M,20,A,D,C,C,B
702,4289.0,8.5,0,0,0,M,20,A,D,C,C,B
702,4290.0,32.9,0,0,0,M,20,A,D,C,C,B
702,4291.0,8.5,0,0,0,M,20,A,D,C,C,B
702,4292.0,2.0,0,0,0,M,20,A,D,C,C,B
702,4293.0,21.2,0,0,0,M,20,A,D,C,C,B
702,4294.0,11.5,0,0,0,M,20,A,D,C,C,B
702,4295.0,11.8,0,35,15,M,20,A,D,C,D,B
702,4296.0,8.5,0,0,0,M,20,A,D,D,D,B
702,4297.0,20.6,0,0,0,M,20,A,D,D,D,B
702,4298.0,20.0,0,0,0,M,20,A,D,D,D,B
702,4299.0,8.5,0,0,0,M,20,A,D,D,D,B
702,4300.0,9.5,5,0,0,M,20,A,D,D,D,B
702,4301.0,7.5,20,0,0,M,20,A,D,D,D,B
702,4302.0,9.5,0,0,5,M,20,A,D,D,D,B
702,4303.0,19.4,0,0,0,M,20,A,D,D,D,B
702,4304.0,3.0,15,0,35,M,20,A,D,D,D,B
702,4305.0,1.0,0,0,0,M,20,A,D,D,D,B
702,4306.0,17.6,0,20,0,M,20,A,D,D,D,B
702,4307.0,29.7,20,0,0,M,20,A,D,D,D,B
702,4308.0,14.9,0,30,0,M,20,A,D,D,D,B
702,4309.0,6.2,55,15,35,M,32,A,D,D,D,B
2402,4310.0,0.0,0,0,0,F,20,A,D,D,D,B
2402,4311.0,7.5,0,0,0,F,20,A,D,D,D,B
2402,4312.0,0.0,0,0,0,F,20,A,D,D,D,B
2402,4313.0,12.9,0,40,20,M,20,A,D,D,D,B
2402,4314.0,2.0,0,25,35,M,20,A,D,D,D,B
2402,4315.0,0.0,0,0,0,M,20,A,D,D,D,C
2402,4316.0,0.0,0,0,0,M,20,A,D,D,D,C
2402,4317.0,0.0,0,0,0,M,20,A,D,D,D,C
2402,4318.0,7.5,0,0,0,M,20,A,D,D,D,C
2402,4319.0,7.5,0,0,0,M,20,A,D,D,D,C
2402,4320.0,29.7,0,25,0,M,20,A,D,D,D,C
2402,4321.0,0.0,0,0,0,M,20,A,D,E,D,D
2402,4322.0,0.0,0,0,0,M,20,A,D,E,E,D
2402,4323.0,7.5,0,0,0,M,20,A,D,E,E,D
2402,4324.0,10.9,60,15,0,M,20,A,D,E,E,D
2402,4325.0,33.3,0,0,0,M,20,A,D,E,E,D
2402,4326.0,9.9,0,0,0,M,20,B,D,E,F,D
2402,4327.0,16.5,0,30,0,M,20,B,F,E,F,D
2402,4328.0,0.0,0,0,0,M,20,C,F,F,F,E
2402,4329.0,0.0,0,0,0,M,20,C,F,F,F,E
2402,4330.0,11.9,0,0,0,M,20,E,F,F,F,F
2402,4331.0,0.0,0,0,0,M,20,,,,,
2402,4332.0,22.5,0,0,0,M,20,,,,,
2402,4333.0,0.0,0,0,0,M,20,,,,,
2402,4334.0,0.0,0,0,0,M,20,,,,,
2402,4335.0,0.0,0,0,0,M,20,,,,,
2402,4336.0,7.5,0,0,0,M,20,,,,,
2402,4337.0,0.0,0,0,0,M,20,,,,,
2402,4338.0,7.5,0,0,0,M,20,,,,,
2402,4339.0,0.0,0,0,0,M,20,,,,,
2402,4340.0,23.4,30,0,35,M,20,,,,,
2402,4341.0,7.5,0,0,0,M,20,,,,,
2402,4342.0,9.5,10,0,0,M,20,,,,,
2402,4343.0,0.0,0,0,0,M,20,,,,,
2402,4344.0,0.0,0,0,0,M,20,,,,,
2402,4345.0,0.0,0,0,0,M,20,,,,,
2402,4346.0,0.0,0,0,0,M,20,,,,,
2402,4347.0,0.0,0,0,0,M,20,,,,,
2402,4348.0,0.0,0,0,0,M,20,,,,,
2402,4349.0,0.0,0,0,0,M,20,,,,,
2402,4350.0,0.0,0,0,0,M,20,,,,,
2402,4351.0,0.0,0,0,0,M,20,,,,,
2001,4352.0,0.0,0,0,0,F,20,A,A,A,A,A
2001,4353.0,0.0,0,0,0,F,20,A,A,A,A,A
2001,4354.0,0.0,0,0,0,F,20,A,A,A,A,A
2001,4355.0,0.0,0,0,0,F,20,A,A,A,A,A
2001,4356.0,7.5,0,25,0,F,20,A,A,A,B,A
2001,4357.0,0.0,0,0,0,F,20,A,A,A,B,A
2001,4358.0,0.0,0,0,0,F,20,A,A,A,B,A
2001,4359.0,11.1,0,0,0,F,20,A,A,A,B,A
2001,4360.0,9.5,10,0,0,F,20,A,A,A,B,A
2001,4361.0,0.0,0,0,0,F,20,A,A,A,B,A
2001,4362.0,0.0,0,45,0,F,20,A,A,A,B,A
2001,4363.0,22.5,0,0,0,F,20,A,A,A,B,A
2001,4364.0,0.0,0,45,0,F,20,A,A,B,B,A
2001,4365.0,21.2,0,0,0,F,20,A,A,B,B,A
2001,4366.0,2.4,25,25,10,F,20,A,B,B,B,A
2001,4367.0,21.4,0,0,0,F,20,A,B,B,B,A
2001,4368.0,22.5,0,0,0,F,20,A,B,B,B,A
2001,4369.0,21.0,50,15,20,F,20,A,B,B,B,A
2001,4370.0,15.3,50,0,0,F,20,A,B,B,B,A
2001,4371.0,22.5,0,0,0,F,20,A,B,B,B,A
2001,4372.0,33.6,0,0,0,F,20,A,B,B,B,A
2001,4373.0,6.8,0,0,0,F,20,A,B,B,B,A
2001,4374.0,9.1,0,0,0,F,20,A,B,B,B,A
2001,4375.0,22.5,0,0,0,F,20,A,D,B,B,A
2001,4376.0,22.5,0,0,0,F,20,A,D,B,B,A
2001,4377.0,6.8,0,0,0,F,20,A,D,B,B,A
2001,4378.0,10.1,10,55,0,F,20,A,D,B,C,A
2001,4379.0,16.0,15,20,10,F,20,A,D,B,C,A
2001,4380.0,11.5,0,0,0,F,20,A,D,B,C,A
2001,4381.0,22.4,0,0,0,F,20,A,D,B,C,A
2001,4382.0,7.5,50,45,5,F,20,A,D,B,C,A
2001,4383.0,9.9,10,0,0,F,20,A,D,B,C,A
2001,4384.0,30.6,0,20,0,F,20,A,D,B,C,A
2001,4385.0,1.4,0,35,0,F,20,A,D,B,C,A
2001,4386.0,19.0,0,15,0,F,20,A,D,B,C,A
2001,4387.0,12.1,0,0,0,F,20,A,D,B,D,A
2001,4388.0,4.6,10,35,0,F,20,A,D,B,D,A
2001,4389.0,22.5,0,0,0,F,20,A,D,B,D,A
2001,4390.0,22.5,0,0,0,F,20,A,D,B,D,A
2001,4391.0,22.5,0,0,0,F,20,A,D,B,D,A
2001,4392.0,22.5,0,0,0,F,20,A,D,B,D,A
2001,4393.0,22.5,0,0,0,F,20,A,D,C,D,A
2001,4394.0,22.5,0,0,0,F,20,A,D,C,D,B
2001,4395.0,22.5,0,0,0,F,20,A,D,C,D,B
2001,4396.0,11.2,0,0,0,F,20,A,D,C,D,B
2001,4397.0,2.4,0,0,30,F,20,A,D,C,D,B
2001,4398.0,22.5,0,0,0,F,20,A,D,C,D,B
2001,4399.0,22.5,0,0,0,F,20,A,D,C,D,B
2001,4400.0,22.5,0,0,0,F,20,A,D,D,D,B
2001,4401.0,5.8,25,0,10,F,20,A,D,D,D,B
2001,4402.0,15.1,20,0,30,F,20,A,D,D,D,B
2001,4403.0,7.0,20,0,10,F,20,A,D,D,D,B
2001,4404.0,0.0,0,45,0,F,20,A,D,D,D,B
2001,4405.0,10.1,0,10,0,F,20,A,D,D,D,B
2001,4406.0,15.1,0,0,0,F,20,A,D,D,D,B
2001,4407.0,2.6,40,75,20,F,20,A,D,D,D,B
2001,4408.0,23.0,0,0,0,F,20,A,D,D,D,B
2001,4409.0,2.0,40,15,10,F,20,A,D,D,D,B
2001,4410.0,9.5,0,0,0,F,20,A,D,D,D,B
2001,4411.0,20.4,0,0,0,F,20,A,D,D,D,B
2001,4412.0,2.0,10,0,0,F,20,B,D,D,D,B
2001,4413.0,22.5,0,0,0,F,20,B,D,D,D,B
2001,4414.0,25.0,0,0,60,F,20,B,D,D,D,B
2001,4415.0,30.8,10,10,0,F,20,B,D,D,D,B
2001,4416.0,9.5,0,0,0,F,20,B,D,D,D,B
2001,4417.0,15.0,0,50,0,F,20,B,D,D,D,B
2001,4418.0,23.2,0,0,0,F,20,B,D,D,D,C
2001,4419.0,17.6,0,20,0,F,20,B,D,D,E,C
2001,4420.0,16.0,10,0,25,F,20,B,D,D,E,C
2001,4421.0,21.6,0,0,0,F,20,B,D,D,E,C
2001,4422.0,15.0,45,0,0,F,20,C,D,D,E,D
2001,4423.0,7.2,0,0,0,F,20,C,D,E,E,D
2001,4424.0,33.8,0,0,0,F,20,C,F,E,E,D
2001,4425.0,17.0,0,40,0,F,20,E,F,E,F,D
2001,4426.0,20.4,0,0,0,F,20,E,F,E,F,E
2001,4427.0,4.4,10,10,30,F,20,,,,,
2001,4428.0,8.6,10,0,10,F,20,,,,,
2001,4429.0,10.8,0,0,0,F,20,,,,,
2001,4430.0,2.6,30,0,0,F,20,,,,,
2001,4431.0,14.3,80,20,30,F,20,,,,,
2001,4432.0,20.4,0,0,0,F,20,,,,,
2001,4433.0,9.5,0,0,0,F,20,,,,,
2001,4434.0,18.0,0,0,15,F,20,,,,,
2001,4435.0,22.5,0,0,0,M,20,,,,,
2001,4436.0,3.2,0,50,0,M,20,,,,,
2001,4437.0,22.4,0,0,0,M,20,,,,,
2001,4438.0,18.8,20,40,40,M,20,,,,,
2001,4439.0,11.9,0,0,0,M,20,,,,,
4004,4440.0,7.5,0,0,0,F,20,A,A,A,A,A
4004,4441.0,7.5,30,0,0,F,20,A,A,A,B,A
4004,4442.0,7.5,0,0,0,F,20,A,A,A,B,A
4004,4443.0,0.0,0,5,5,F,20,A,A,A,B,A
4004,4444.0,19.6,0,0,25,F,20,A,A,A,B,A
4004,4445.0,7.5,0,0,0,F,20,A,A,B,B,A
4004,4446.0,7.5,0,0,0,F,20,A,A,B,B,A
4004,4447.0,7.5,0,0,0,F,20,A,A,B,B,A
4004,4448.0,7.5,0,0,0,F,20,A,A,B,B,A
4004,4449.0,7.5,0,20,10,F,20,A,A,B,B,B
4004,4450.0,12.1,0,0,0,F,20,A,A,B,B,B
4004,4451.0,17.4,40,0,0,F,20,A,A,B,C,B
4004,4452.0,7.5,0,0,0,M,20,A,A,B,C,B
4004,4453.0,22.2,0,0,0,M,20,A,A,B,C,B
4004,4454.0,10.0,0,0,0,M,20,A,A,B,C,B
4004,4455.0,7.5,20,10,0,M,20,A,A,B,C,B
4004,4456.0,7.5,0,0,0,M,20,A,A,B,C,B
4004,4457.0,7.5,0,0,0,M,20,A,A,C,C,B
4004,4458.0,7.5,0,0,0,M,20,A,A,C,C,B
4004,4459.0,10.1,0,0,0,M,20,A,A,C,C,B
4004,4460.0,10.0,0,0,0,M,20,A,A,C,C,B
4004,4461.0,0.0,0,0,10,M,20,A,A,C,C,B
4004,4462.0,7.5,0,25,0,M,20,A,A,C,C,C
4004,4463.0,0.0,0,0,10,M,20,A,A,C,C,C
4004,4464.0,9.5,0,5,0,M,20,A,A,C,D,C
4004,4465.0,7.5,0,0,0,M,20,A,B,C,D,C
4004,4466.0,7.5,0,0,0,M,20,A,B,C,D,C
4004,4467.0,7.5,0,0,0,M,20,A,B,D,D,C
4004,4468.0,1.0,0,0,0,M,20,A,B,D,D,C
4004,4469.0,10.1,0,0,0,M,20,A,B,D,D,C
4004,4470.0,7.5,0,0,0,M,20,A,B,D,D,C
4004,4471.0,7.5,0,0,0,M,20,A,B,D,D,C
4004,4472.0,7.5,0,0,0,M,20,A,B,D,D,C
4004,4473.0,7.5,0,0,0,M,20,A,B,D,D,D
4004,4474.0,7.5,0,0,0,M,20,A,C,D,D,D
4004,4475.0,7.5,0,0,0,M,20,A,C,D,D,D
4004,4476.0,22.5,0,5,0,M,20,A,D,D,D,D
4004,4477.0,7.5,0,0,0,M,20,A,D,D,D,D
4004,4478.0,7.5,0,0,0,M,20,A,D,D,D,D
4004,4479.0,21.9,0,0,0,M,20,A,D,D,D,D
4004,4480.0,7.5,0,0,0,M,20,A,D,D,D,D
4004,4481.0,7.5,0,0,0,M,20,A,D,D,D,D
4004,4482.0,7.5,0,0,0,M,20,A,D,D,D,D
4004,4483.0,7.5,0,0,0,M,20,A,D,D,D,D
4004,4484.0,8.4,30,60,10,M,20,A,D,D,D,D
4004,4485.0,29.1,0,25,10,M,20,A,D,D,D,D
4004,4486.0,7.5,0,0,0,M,20,A,D,D,D,D
4004,4487.0,0.0,0,0,10,M,20,A,D,D,D,D
4004,4488.0,0.0,0,0,10,M,20,A,D,D,D,D
4004,4489.0,7.5,0,0,0,M,20,A,D,D,D,D
4004,4490.0,7.5,0,0,0,M,20,A,D,D,D,E
4004,4491.0,7.5,0,0,0,M,20,A,D,D,D,E
4004,4492.0,7.5,0,0,0,M,20,A,D,D,D,E
4004,4493.0,7.5,0,0,0,M,20,A,D,D,D,E
4004,4494.0,7.8,0,0,0,M,20,A,D,D,D,E
4004,4495.0,7.5,0,0,0,M,20,A,D,D,E,E
4004,4496.0,7.5,0,0,0,M,20,A,D,D,E,E
4004,4497.0,7.5,0,0,0,M,20,A,D,D,E,E
4004,4498.0,7.5,0,0,0,M,20,A,D,D,E,E
4004,4499.0,10.5,0,65,20,M,20,A,D,D,E,E
4004,4500.0,7.5,0,0,0,M,20,A,D,D,E,E
4004,4501.0,7.5,0,0,0,M,20,A,D,D,E,E
4004,4502.0,7.5,0,0,0,M,20,A,D,D,E,E
4004,4503.0,7.4,30,45,15,M,20,A,D,E,E,E
4004,4504.0,7.5,0,0,0,M,20,A,D,E,E,E
4004,4505.0,7.5,0,0,0,M,20,A,D,E,E,E
4004,4506.0,16.3,0,30,0,M,20,A,D,E,E,E
4004,4507.0,1.0,0,0,0,M,20,A,D,E,E,E
4004,4508.0,7.5,0,0,0,M,20,A,D,E,E,E
4004,4509.0,7.5,0,0,0,M,20,A,D,E,E,E
4004,4510.0,7.5,0,0,0,M,20,A,D,E,E,E
4004,4511.0,7.5,0,0,0,M,20,A,D,E,E,E
4004,4512.0,7.5,0,0,0,M,20,A,D,E,E,E
4004,4513.0,7.5,0,0,0,M,20,A,D,E,F,E
4004,4514.0,7.5,0,0,0,M,20,A,D,E,F,F
4004,4515.0,7.5,0,0,0,M,20,A,D,E,F,F
4004,4516.0,6.0,0,10,0,M,20,A,D,E,F,F
4004,4517.0,7.5,0,0,0,M,20,A,D,E,F,F
4004,4518.0,8.2,60,20,20,M,20,A,D,E,F,F
4004,4519.0,7.5,0,0,0,M,20,B,F,E,F,F
4004,4520.0,21.0,0,0,0,M,20,B,F,F,F,F
4004,4521.0,7.5,0,0,0,M,20,B,F,F,F,F
4004,4522.0,7.5,0,0,0,M,20,B,F,F,F,F
4004,4523.0,7.5,0,0,0,M,20,C,F,F,F,F
4004,4524.0,7.5,0,0,0,M,20,E,F,F,F,F
4004,4525.0,7.5,0,0,0,M,20,,,,,
4004,4526.0,16.4,0,30,0,M,20,,,,,
4004,4527.0,7.5,0,0,0,M,20,,,,,
4004,4528.0,7.5,0,0,0,M,20,,,,,
4004,4529.0,30.0,0,30,0,M,20,,,,,
4004,4530.0,10.1,0,0,0,M,20,,,,,
4004,4531.0,23.0,0,0,0,M,20,,,,,
4004,4532.0,7.5,0,0,0,M,20,,,,,
4004,4533.0,7.5,0,0,0,M,20,,,,,
4004,4534.0,7.5,0,0,0,M,20,,,,,
4004,4535.0,3.6,0,0,0,M,20,,,,,
4004,4536.0,7.5,0,0,0,M,20,,,,,
4004,4537.0,7.5,0,0,0,M,20,,,,,
4004,4538.0,1.8,10,30,0,M,20,,,,,
5401,4539.0,10.1,0,0,0,F,20,A,A,A,A,A
5401,4540.0,0.0,0,0,25,F,20,A,A,B,B,A
5401,4541.0,7.5,0,0,0,F,20,A,A,B,B,A
5401,4542.0,7.5,0,0,0,F,20,A,A,B,B,A
5401,4543.0,22.5,5,0,0,F,20,A,A,B,B,A
5401,4544.0,22.6,0,5,0,F,20,A,A,B,B,A
5401,4545.0,1.0,35,40,0,F,20,A,A,B,B,A
5401,4546.0,21.0,0,0,15,F,20,A,A,B,B,A
5401,4547.0,22.5,0,0,0,F,20,A,A,B,B,A
5401,4548.0,22.5,0,0,0,F,20,A,A,B,C,A
5401,4549.0,22.5,0,0,0,F,20,A,A,B,C,A
5401,4550.0,10.5,0,0,0,F,20,A,A,B,C,A
5401,4551.0,27.7,35,0,10,F,20,A,A,B,C,A
5401,4552.0,10.6,0,0,0,F,20,A,A,B,C,A
5401,4553.0,22.5,0,0,0,F,20,A,A,C,C,A
5401,4554.0,16.0,35,0,0,F,20,A,A,C,D,A
5401,4555.0,0.0,0,75,10,F,20,A,B,C,D,A
5401,4556.0,22.5,0,0,0,F,20,A,B,C,D,A
5401,4557.0,21.9,0,0,0,F,20,A,B,D,D,A
5401,4558.0,22.5,0,0,0,F,20,A,B,D,D,A
5401,4559.0,22.5,0,0,0,F,20,A,B,D,D,A
5401,4560.0,22.5,0,0,0,F,20,A,B,D,D,A
5401,4561.0,2.4,85,35,20,F,20,A,B,D,D,A
5401,4562.0,21.2,0,0,0,F,20,A,B,D,D,A
5401,4563.0,6.6,0,10,0,F,20,A,B,D,D,B
5401,4564.0,22.5,0,0,0,F,20,A,B,D,D,B
5401,4565.0,22.5,0,0,0,F,20,A,B,D,D,B
5401,4566.0,22.4,0,0,0,F,20,A,B,D,D,B
5401,4567.0,2.6,0,35,0,F,20,A,D,D,D,B
5401,4568.0,4.8,90,80,30,F,20,A,D,D,D,B
5401,4569.0,23.5,0,0,0,F,20,A,D,D,D,C
5401,4570.0,16.9,0,30,0,F,20,A,D,D,D,C
5401,4571.0,12.7,50,15,10,F,20,A,D,D,D,C
5401,4572.0,0.0,0,0,0,F,20,A,D,D,D,C
5401,4573.0,2.6,10,30,25,F,20,A,D,D,E,C
5401,4574.0,20.8,0,0,10,F,20,A,D,E,E,C
5401,4575.0,29.3,0,35,0,M,20,A,D,E,E,C
5401,4576.0,9.5,20,0,0,M,20,B,D,E,E,C
5401,4577.0,21.2,0,0,0,M,20,B,D,E,E,D
5401,4578.0,22.4,0,0,0,M,20,B,D,E,E,D
5401,4579.0,22.5,0,0,0,M,20,C,D,E,E,E
5401,4580.0,22.5,0,0,0,M,20,C,D,E,E,E
5401,4581.0,22.5,0,0,0,M,20,E,D,E,F,E
5401,4582.0,0.0,0,0,0,M,20,E,D,F,F,E
5401,4583.0,22.5,0,0,0,M,20,E,D,F,F,E
5401,4584.0,0.0,0,0,0,M,20,E,D,F,F,F
5401,4585.0,21.8,0,0,0,M,20,E,F,F,F,F
5401,4586.0,6.4,55,45,0,M,20,,,,,
5401,4587.0,22.5,0,0,0,M,20,,,,,
5401,4588.0,11.1,10,55,20,M,20,,,,,
5401,4589.0,20.2,35,50,10,M,20,,,,,
5401,4590.0,12.9,0,0,0,M,20,,,,,
5401,4591.0,13.9,0,0,0,M,20,,,,,
5401,4592.0,3.4,0,0,0,M,20,,,,,
5401,4593.0,5.0,0,20,10,M,20,,,,,
5401,4594.0,5.4,40,10,0,M,20,,,,,
5401,4595.0,10.9,0,0,0,M,20,,,,,
1501,4596.0,10.8,0,0,0,F,20,A,A,B,A,A
1501,4597.0,21.0,20,0,0,F,20,A,A,B,A,A
1501,4598.0,10.3,25,0,0,F,20,A,A,B,B,A
1501,4599.0,8.4,30,0,0,F,20,A,A,B,B,A
1501,4600.0,12.9,0,0,0,F,20,A,A,B,B,A
1501,4601.0,30.6,10,0,20,F,20,A,A,B,B,A
1501,4602.0,14.0,35,0,25,F,20,A,A,C,C,B
1501,4603.0,12.9,0,0,0,F,20,A,B,C,C,B
1501,4604.0,9.5,10,0,25,F,20,A,B,C,D,B
1501,4605.0,22.0,0,15,0,F,20,A,B,D,D,B
1501,4606.0,16.5,30,0,20,F,20,A,B,D,D,B
1501,4607.0,4.8,35,20,0,F,20,A,B,D,D,B
1501,4608.0,5.6,0,20,0,F,20,A,D,D,D,B
1501,4609.0,22.4,0,0,0,F,20,A,D,D,D,B
1501,4610.0,10.1,20,0,0,F,20,A,D,D,D,B
1501,4611.0,3.2,10,25,0,F,20,A,D,D,D,B
1501,4612.0,35.0,0,0,0,F,20,A,D,D,D,B
1501,4613.0,7.5,70,10,30,M,20,A,D,D,D,B
1501,4614.0,8.5,0,0,0,M,20,A,D,D,D,B
1501,4615.0,20.1,0,100,0,M,20,A,D,D,D,C
1501,4616.0,9.5,0,0,0,M,20,B,D,D,D,C
1501,4617.0,8.5,0,0,0,M,20,B,D,D,E,E
1501,4618.0,8.5,0,0,0,M,20,B,D,D,E,E
1501,4619.0,0.0,70,60,30,M,20,E,F,D,F,E
1501,4620.0,2.0,0,0,0,M,20,,,,,
3202,4621.0,19.4,10,15,5,F,20,A,A,A,B,A
3202,4622.0,35.2,0,0,0,F,20,A,A,A,B,A
3202,4623.0,10.4,30,45,0,F,20,A,A,B,B,A
3202,4624.0,19.4,30,0,0,F,20,A,A,B,B,A
3202,4625.0,7.5,35,0,0,F,20,A,A,B,C,A
3202,4626.0,8.5,0,0,0,F,20,A,B,B,C,A
3202,4627.0,11.7,25,40,0,F,20,A,D,C,C,A
3202,4628.0,7.0,0,10,0,F,20,A,D,C,D,A
3202,4629.0,12.5,10,0,50,F,20,A,D,C,D,B
3202,4630.0,2.0,0,0,0,M,20,A,D,D,D,B
3202,4631.0,7.5,0,35,0,M,20,A,D,D,D,B
3202,4632.0,11.3,10,0,0,M,20,A,D,D,D,B
3202,4633.0,7.5,0,25,10,M,20,A,D,D,D,B
3202,4634.0,12.9,0,0,0,M,20,B,D,D,E,B
3202,4635.0,13.7,30,35,5,M,20,B,D,D,E,C
3202,4636.0,9.5,10,15,0,M,20,B,D,E,E,C
3202,4637.0,22.5,0,0,0,M,20,C,F,F,F,E
1602,4638.0,23.2,0,0,0,F,20,A,A,A,A,A
1602,4639.0,22.5,0,0,0,F,20,A,A,A,A,A
1602,4640.0,9.0,40,0,0,F,20,A,A,A,A,A
1602,4641.0,11.1,0,0,0,F,20,A,A,A,A,A
1602,4642.0,0.0,15,0,0,F,20,A,A,A,A,A
1602,4643.0,11.1,0,0,0,F,20,A,A,B,B,A
1602,4644.0,4.2,30,15,15,F,20,A,A,B,B,A
1602,4645.0,16.6,25,25,0,F,20,A,A,B,B,A
1602,4646.0,11.3,0,0,0,F,20,A,A,B,B,A
1602,4647.0,0.0,0,15,0,F,20,A,A,B,B,A
1602,4648.0,7.5,0,15,0,F,20,A,A,B,B,A
1602,4649.0,22.5,0,0,0,F,20,A,A,B,B,A
1602,4650.0,4.2,0,30,0,F,20,A,A,B,B,A
1602,4651.0,2.0,0,45,0,F,20,A,A,B,B,A
1602,4652.0,2.0,0,45,0,F,20,A,A,B,B,A
1602,4653.0,21.4,20,0,0,F,20,A,A,B,B,A
1602,4654.0,18.6,30,0,10,F,20,A,A,B,B,A
1602,4655.0,22.7,0,0,0,F,20,A,A,B,B,A
1602,4656.0,11.1,0,0,0,F,20,A,A,B,B,A
1602,4657.0,22.5,0,0,0,F,20,A,A,B,B,A
1602,4658.0,7.5,0,0,40,F,20,A,A,B,B,A
1602,4659.0,10.1,0,0,0,F,20,A,B,B,B,A
1602,4660.0,7.5,0,10,0,F,20,A,B,B,B,A
1602,4661.0,0.0,50,0,40,F,20,A,B,B,B,A
1602,4662.0,19.9,25,5,0,F,20,A,B,B,B,A
1602,4663.0,10.1,0,0,0,F,20,A,B,B,C,A
1602,4664.0,4.2,30,0,0,F,20,A,B,B,C,A
1602,4665.0,8.9,0,0,0,F,20,A,B,B,C,A
1602,4666.0,8.9,0,0,0,F,20,A,B,B,C,A
1602,4667.0,2.0,30,15,0,F,20,A,B,B,C,A
1602,4668.0,23.4,0,0,0,F,20,A,B,B,C,A
1602,4669.0,20.5,55,45,0,F,20,A,B,C,C,A
1602,4670.0,15.0,0,0,0,F,20,A,B,C,C,A
1602,4671.0,23.4,0,0,0,F,20,A,B,C,C,A
1602,4672.0,22.5,0,0,0,F,20,A,B,C,C,A
1602,4673.0,23.5,50,30,0,F,20,A,B,C,C,A
1602,4674.0,22.5,0,0,0,F,20,A,B,C,C,A
1602,4675.0,10.3,20,45,30,F,20,A,B,C,D,A
1602,4676.0,15.0,25,0,40,F,20,A,B,C,D,A
1602,4677.0,22.5,0,0,0,F,20,A,B,C,D,A
1602,4678.0,18.6,20,20,0,F,20,A,B,C,D,A
1602,4679.0,11.1,0,0,0,F,20,A,B,C,D,A
1602,4680.0,0.0,25,0,0,F,20,A,B,C,D,A
1602,4681.0,7.5,0,0,10,F,20,A,B,C,D,A
1602,4682.0,8.8,10,15,5,F,20,A,B,C,D,B
1602,4683.0,0.0,5,0,10,F,20,A,D,D,D,B
1602,4684.0,0.0,0,10,5,F,20,A,D,D,D,B
1602,4685.0,7.8,20,45,45,F,20,A,D,D,D,B
1602,4686.0,1.0,5,5,0,F,20,A,D,D,D,B
1602,4687.0,15.7,15,30,15,M,20,A,D,D,D,B
1602,4688.0,22.5,0,0,0,M,20,A,D,D,D,B
1602,4689.0,6.2,20,0,30,M,20,A,D,D,D,B
1602,4690.0,20.6,0,20,0,M,20,A,D,D,D,B
1602,4691.0,22.5,0,0,0,M,20,A,D,D,D,B
1602,4692.0,9.5,55,30,0,M,20,A,D,D,D,B
1602,4693.0,22.5,0,0,0,M,20,A,D,D,D,B
1602,4694.0,22.5,0,0,0,M,20,A,D,D,D,B
1602,4695.0,22.5,0,0,0,M,20,A,D,D,D,B
1602,4696.0,22.5,0,0,0,M,20,A,D,D,D,B
1602,4697.0,22.5,0,0,0,M,20,A,D,D,D,B
1602,4698.0,24.7,0,0,0,M,20,A,D,D,D,B
1602,4699.0,22.5,0,0,0,M,20,A,D,D,D,B
1602,4700.0,11.5,0,0,0,M,20,A,D,D,D,B
1602,4701.0,12.9,0,0,0,M,20,A,D,D,D,B
1602,4702.0,22.5,0,0,0,M,20,A,D,D,D,B
1602,4703.0,7.5,0,20,0,M,20,A,D,D,D,B
1602,4704.0,32.8,20,0,0,M,20,A,D,D,D,B
1602,4705.0,15.1,55,0,10,M,20,A,D,D,D,B
1602,4706.0,13.7,0,0,0,M,20,A,D,D,D,B
1602,4707.0,15.7,10,50,0,M,20,A,D,D,D,B
1602,4708.0,22.5,0,0,0,M,20,A,D,D,D,C
1602,4709.0,14.5,30,35,5,M,20,A,D,D,D,C
1602,4710.0,9.5,0,15,0,M,20,A,D,D,D,C
1602,4711.0,22.5,0,0,0,M,20,A,D,D,E,C
1602,4712.0,22.5,0,0,0,M,20,A,D,D,E,C
1602,4713.0,22.5,0,0,0,M,20,A,D,D,E,C
1602,4714.0,22.5,0,0,0,M,20,A,D,D,E,C
1602,4715.0,22.4,0,0,0,M,20,A,D,D,E,C
1602,4716.0,22.5,0,0,0,M,20,A,D,E,E,D
1602,4717.0,17.0,0,35,0,M,20,A,D,E,E,D
1602,4718.0,22.5,0,0,0,M,20,A,D,E,E,D
1602,4719.0,9.1,0,0,0,M,20,B,F,E,E,D
1602,4720.0,10.3,0,0,0,M,20,B,F,E,F,D
1602,4721.0,22.5,0,0,0,M,20,B,F,E,F,E
1602,4722.0,2.6,50,0,30,M,20,B,F,E,F,E
1602,4723.0,23.6,0,0,0,M,20,E,F,F,F,E
1602,4724.0,22.5,0,0,0,M,20,,,,,
1602,4725.0,22.5,0,0,0,M,20,,,,,
1602,4726.0,15.1,10,45,10,M,20,,,,,
1602,4727.0,21.0,0,15,0,M,20,,,,,
1602,4728.0,16.6,10,30,0,M,20,,,,,
1602,4729.0,9.1,0,0,0,M,20,,,,,
1602,4730.0,30.0,0,40,0,M,20,,,,,
1602,4731.0,15.0,50,0,0,M,20,,,,,
3002,4732.0,16.6,25,20,10,F,20,A,A,A,B,A
3002,4733.0,7.6,50,0,70,F,20,A,A,B,B,A
3002,4734.0,8.9,20,15,0,F,20,A,A,B,B,A
3002,4735.0,15.0,0,0,0,M,20,A,A,B,B,A
3002,4736.0,15.9,0,45,0,M,20,A,A,B,B,A
3002,4737.0,12.1,0,0,0,M,20,A,B,B,B,A
3002,4738.0,12.1,0,0,0,M,20,A,B,B,B,A
3002,4739.0,10.7,0,0,0,M,20,A,B,B,B,A
3002,4740.0,15.0,0,0,0,M,20,A,B,B,C,A
3002,4741.0,12.1,0,0,0,M,20,A,B,B,C,B
3002,4742.0,4.4,40,90,10,M,20,A,D,B,C,B
3002,4743.0,7.5,80,0,30,M,20,A,D,B,D,B
3002,4744.0,2.0,10,50,20,M,20,A,D,C,D,B
3002,4745.0,4.4,0,35,0,M,20,A,D,C,D,B
3002,4746.0,25.1,0,45,30,M,20,A,D,C,D,B
3002,4747.0,8.9,20,0,0,M,20,A,D,C,D,B
3002,4748.0,23.9,0,0,0,M,20,A,D,D,D,B
3002,4749.0,12.1,0,0,0,M,20,B,D,D,D,B
3002,4750.0,9.5,0,0,0,M,20,B,D,D,D,C
3002,4751.0,13.3,0,0,5,M,20,B,D,D,D,C
702,4752.0,14.7,0,0,0,F,20,A,D,B,C,A
702,4753.0,17.4,25,15,0,F,20,A,D,B,C,A
702,4754.0,5.4,15,45,0,F,20,A,D,B,D,B
702,4755.0,0.0,0,0,0,F,20,A,D,B,D,B
702,4756.0,3.2,0,45,0,F,20,A,D,C,D,B
702,4757.0,11.1,0,0,10,F,20,A,D,C,D,B
702,4758.0,0.0,0,0,0,F,20,A,D,C,D,B
702,4759.0,0.0,0,0,0,F,20,A,D,C,D,B
702,4760.0,12.5,0,0,0,F,20,A,D,C,D,B
702,4761.0,10.1,0,0,0,M,20,A,D,C,D,B
702,4762.0,10.1,0,0,0,M,20,A,D,C,D,B
702,4763.0,2.4,10,0,0,M,20,A,D,C,D,B
702,4764.0,10.5,0,35,50,M,20,A,D,C,D,B
702,4765.0,3.6,0,0,0,M,20,A,D,C,D,B
702,4766.0,21.4,25,0,0,M,20,A,D,C,D,B
702,4767.0,0.0,15,0,0,M,20,A,D,C,D,B
702,4768.0,7.5,0,10,15,M,20,A,D,D,D,C
702,4769.0,7.5,0,15,0,M,20,B,D,D,D,C
702,4770.0,4.8,0,0,0,M,20,B,D,D,D,C
702,4771.0,7.5,0,20,15,M,20,B,D,D,D,C
702,4772.0,0.0,0,0,0,M,20,B,D,D,D,C
702,4773.0,15.0,0,60,0,M,20,B,D,D,D,D
702,4774.0,11.7,25,0,0,M,20,B,D,D,D,D
702,4775.0,0.0,0,0,0,M,20,B,D,D,D,D
702,4776.0,20.4,0,20,0,M,20,B,D,D,E,D
702,4777.0,29.2,50,0,0,M,20,B,D,D,E,D
702,4778.0,7.0,30,20,0,M,20,B,D,E,E,D
702,4779.0,5.0,0,0,0,M,20,B,D,E,E,E
702,4780.0,13.1,10,0,0,M,20,B,D,E,F,E
702,4781.0,0.0,0,0,0,M,20,,,,,
702,4782.0,4.2,25,35,10,M,20,,,,,
3202,4783.0,11.7,40,15,40,F,20,A,A,A,B,A
3202,4784.0,18.0,0,50,0,F,20,A,A,A,B,A
3202,4785.0,14.5,0,0,0,F,20,A,A,A,B,A
3202,4786.0,23.4,0,0,0,F,20,A,A,A,B,A
3202,4787.0,0.0,0,25,0,F,20,A,A,B,B,A
3202,4788.0,11.3,0,0,0,F,20,A,A,B,B,A
3202,4789.0,7.5,0,15,0,F,20,A,A,B,C,A
3202,4790.0,8.5,10,0,0,F,20,A,B,B,C,A
3202,4791.0,26.1,0,0,0,F,20,A,C,B,C,A
3202,4792.0,25.8,0,0,0,F,20,A,D,B,C,A
3202,4793.0,0.0,0,0,0,F,20,A,D,B,D,A
3202,4794.0,10.4,25,75,0,F,20,A,D,C,D,A
3202,4795.0,0.0,0,0,0,F,20,A,D,C,D,A
3202,4796.0,10.1,10,0,20,F,20,A,D,C,D,B
3202,4797.0,12.4,0,0,0,F,20,A,D,C,D,B
3202,4798.0,7.0,10,0,40,F,20,A,D,D,D,B
3202,4799.0,10.0,0,0,0,F,20,A,D,D,D,B
3202,4800.0,10.1,0,0,0,F,20,A,D,D,D,B
3202,4801.0,0.0,0,0,0,M,20,A,D,D,D,B
3202,4802.0,15.0,20,0,50,M,20,A,D,D,D,B
3202,4803.0,11.1,10,15,0,M,20,A,D,D,D,B
3202,4804.0,0.0,0,0,0,M,20,B,D,D,D,B
3202,4805.0,24.6,0,0,0,M,20,B,D,D,D,B
3202,4806.0,7.0,30,0,20,M,20,B,D,D,D,B
3202,4807.0,15.0,0,0,0,M,20,B,D,D,D,B
3202,4808.0,3.4,0,30,15,M,20,B,D,D,E,C
3202,4809.0,23.2,10,0,0,M,20,D,D,E,E,D
3202,4810.0,15.0,0,0,0,M,20,E,D,F,E,D
3202,4811.0,15.0,0,0,0,M,20,,,,,
3202,4812.0,10.3,30,0,0,M,20,,,,,
3202,4813.0,15.0,0,0,0,M,20,,,,,
3202,4814.0,18.7,30,0,20,M,20,,,,,
3202,4815.0,15.0,0,0,0,M,20,,,,,
3202,4816.0,15.0,0,0,0,M,20,,,,,
3202,4817.0,15.0,0,0,0,M,20,,,,,
2001,4818.0,15.0,0,0,0,F,20,A,D,D,D,B
2001,4819.0,15.1,0,0,0,F,20,A,D,D,D,B
2001,4820.0,23.6,0,0,0,F,20,A,D,D,D,B
2001,4821.0,18.4,20,15,15,F,20,A,D,D,D,B
2001,4822.0,15.0,0,0,0,F,20,A,D,D,D,B
2001,4823.0,15.0,0,0,0,F,20,A,D,D,D,B
2001,4824.0,15.0,0,0,0,F,20,A,D,D,D,B
2001,4825.0,15.0,0,0,0,F,20,A,D,D,D,B
2001,4826.0,15.0,0,0,0,F,20,A,D,D,D,B
2001,4827.0,15.0,0,0,0,F,20,A,D,D,D,B
2001,4828.0,15.0,0,0,0,F,20,A,D,D,D,B
2001,4829.0,16.0,0,0,0,F,20,A,D,D,D,B
2001,4830.0,15.0,25,25,25,F,20,A,D,D,D,B
2001,4831.0,15.0,0,0,0,F,20,A,D,D,D,B
2001,4832.0,15.0,0,0,0,F,20,A,D,D,D,B
2001,4833.0,15.0,0,0,0,F,20,A,D,D,D,B
2001,4834.0,10.3,15,5,10,F,20,A,D,D,D,B
2001,4835.0,9.5,0,0,5,F,20,A,D,D,D,B
2001,4836.0,2.6,0,0,10,F,20,A,D,D,D,B
2001,4837.0,24.4,40,25,20,F,20,A,D,D,D,B
2001,4838.0,15.0,0,0,0,F,20,A,D,D,D,B
2001,4839.0,15.0,0,0,0,F,20,A,D,D,D,B
2001,4840.0,11.9,20,0,0,F,20,A,D,D,D,B
2001,4841.0,1.4,40,50,0,F,20,B,D,D,D,B
2001,4842.0,15.0,0,0,0,F,20,B,D,D,D,C
2001,4843.0,15.0,0,0,0,M,20,B,D,D,D,C
2001,4844.0,15.0,0,0,0,M,20,B,D,E,D,C
2001,4845.0,15.0,0,0,0,M,20,B,D,E,D,C
2001,4846.0,10.0,0,25,0,M,20,B,D,E,D,C
2001,4847.0,15.0,0,0,0,M,20,B,D,E,D,D
2001,4848.0,15.0,0,0,0,M,20,B,D,E,D,D
2001,4849.0,15.0,30,45,0,M,20,B,D,E,E,D
2001,4850.0,15.0,0,0,0,M,20,C,D,E,E,D
2001,4851.0,15.0,0,0,0,M,20,E,D,E,E,D
2001,4852.0,10.5,30,0,0,M,20,E,D,E,E,D
2001,4853.0,15.0,0,0,0,M,20,E,E,F,E,E
2001,4854.0,22.5,0,25,0,M,20,E,F,F,F,F
2001,4855.0,13.9,15,30,35,M,20,,,,,
2001,4856.0,13.3,65,0,20,M,20,,,,,
2001,4857.0,15.0,0,0,0,M,20,,,,,
2001,4858.0,15.0,0,0,0,M,20,,,,,
2001,4859.0,15.0,0,0,0,M,20,,,,,
2001,4860.0,15.0,0,0,0,M,20,,,,,
2001,4861.0,15.0,0,0,0,M,20,,,,,
2001,4862.0,15.0,0,0,0,M,20,,,,,
1502,4863.0,15.0,0,0,0,F,20,A,A,A,B,A
1502,4864.0,15.0,0,0,0,F,20,A,A,A,B,A
1502,4865.0,15.0,0,0,0,F,20,A,A,B,B,A
1502,4866.0,15.0,0,0,0,F,20,A,A,B,B,A
1502,4867.0,15.0,0,0,0,F,20,A,B,B,B,A
1502,4868.0,15.0,0,0,0,F,20,A,B,B,C,A
1502,4869.0,11.7,0,0,25,F,20,A,B,C,C,A
1502,4870.0,12.5,75,0,0,F,20,A,C,C,C,B
1502,4871.0,24.5,0,0,0,F,20,A,C,C,C,B
1502,4872.0,37.4,0,0,0,F,20,A,D,C,C,B
1502,4873.0,5.6,0,0,0,F,20,A,D,C,C,B
1502,4874.0,37.5,0,0,0,F,20,A,D,C,D,B
1502,4875.0,20.4,55,60,0,F,20,A,D,D,D,B
1502,4876.0,2.0,0,0,15,F,20,A,D,D,D,B
1502,4877.0,25.4,0,0,0,F,20,A,D,D,D,B
1502,4878.0,37.5,0,0,0,F,20,A,D,D,D,B
1502,4879.0,37.5,0,0,0,F,20,A,D,D,D,B
1502,4880.0,13.3,0,0,0,M,20,A,D,D,D,B
1502,4881.0,8.5,0,0,15,M,20,A,D,D,D,B
1502,4882.0,9.1,55,45,0,M,20,A,D,D,D,B
1502,4883.0,17.0,0,0,0,M,20,A,D,D,E,C
1502,4884.0,12.5,50,35,10,M,20,A,D,D,E,C
1502,4885.0,10.7,0,0,0,M,20,A,D,D,E,C
1502,4886.0,11.9,0,0,0,M,20,A,D,D,E,C
1502,4887.0,11.0,0,0,0,M,20,B,D,D,E,C
1502,4888.0,10.9,0,0,0,M,20,B,D,D,E,C
1502,4889.0,18.3,30,0,25,M,20,B,D,D,E,D
1502,4890.0,4.8,50,0,20,M,20,B,D,E,E,E
1502,4891.0,33.2,30,0,0,M,20,B,D,E,F,E
1502,4892.0,3.0,10,0,0,M,20,B,D,E,F,F
1502,4893.0,11.0,25,70,10,M,20,D,F,F,F,G
3502,4894.0,22.0,0,25,5,F,20,A,A,A,A,A
3502,4895.0,4.4,0,0,0,F,20,A,A,A,B,A
3502,4896.0,12.2,20,0,0,F,20,A,A,A,B,A
3502,4897.0,32.9,0,30,0,F,20,A,A,B,B,A
3502,4898.0,25.1,0,0,0,F,20,A,A,B,B,A
3502,4899.0,22.7,90,10,0,F,20,A,A,B,B,A
3502,4900.0,8.9,20,25,0,F,20,A,A,B,B,A
3502,4901.0,15.5,0,0,0,F,20,A,A,B,B,A
3502,4902.0,12.7,25,35,15,F,20,A,A,B,B,A
3502,4903.0,15.9,25,5,40,F,20,A,A,B,B,A
3502,4904.0,12.0,0,0,0,F,20,A,A,B,B,A
3502,4905.0,10.9,0,0,0,F,20,A,A,B,C,A
3502,4906.0,24.2,0,0,0,F,20,A,A,C,C,A
3502,4907.0,9.5,0,10,0,F,20,A,A,C,C,A
3502,4908.0,4.2,0,0,0,F,20,A,A,C,C,A
3502,4909.0,5.6,0,0,0,F,20,A,B,C,C,A
3502,4910.0,10.9,0,0,0,F,20,A,B,C,D,A
3502,4911.0,22.4,0,10,0,F,20,A,B,C,D,A
3502,4912.0,9.2,35,5,0,F,20,A,B,C,D,B
3502,4913.0,21.5,0,15,0,F,20,A,C,C,D,B
3502,4914.0,10.9,0,0,0,F,20,A,C,C,D,B
3502,4915.0,4.4,30,30,0,F,20,A,D,C,D,B
3502,4916.0,11.9,0,0,0,F,20,A,D,C,D,B
3502,4917.0,15.2,0,0,0,M,20,A,D,C,D,B
3502,4918.0,20.5,30,0,10,M,20,A,D,C,D,B
3502,4919.0,3.0,10,0,0,M,20,A,D,D,D,B
3502,4920.0,14.5,40,0,40,M,20,A,D,D,D,B
3502,4921.0,15.0,0,0,0,M,20,A,D,D,D,B
3502,4922.0,22.0,0,15,0,M,20,A,D,D,D,B
3502,4923.0,11.1,10,0,0,M,20,A,D,D,D,B
3502,4924.0,7.5,0,45,10,M,20,A,D,D,D,B
3502,4925.0,4.8,0,0,0,M,20,A,D,D,D,B
3502,4926.0,15.0,0,0,0,M,20,A,D,D,D,B
3502,4927.0,16.5,25,0,45,M,20,A,D,D,D,B
3502,4928.0,15.6,0,0,0,M,20,A,D,D,D,B
3502,4929.0,11.1,0,0,0,M,20,A,D,D,D,B
3502,4930.0,7.5,0,0,0,M,20,A,D,D,D,B
3502,4931.0,7.5,0,0,0,M,20,A,D,D,D,C
3502,4932.0,15.0,0,0,0,M,20,A,D,D,D,C
3502,4933.0,15.3,30,90,30,M,20,A,D,D,D,C
3502,4934.0,15.9,0,0,0,M,20,A,D,D,D,C
3502,4935.0,13.5,0,0,0,M,20,B,D,D,E,C
3502,4936.0,13.7,0,0,0,M,20,B,D,D,E,C
3502,4937.0,0.0,0,0,0,M,20,B,D,E,E,C
3502,4938.0,3.0,0,0,0,M,20,B,D,E,E,D
3502,4939.0,15.0,0,0,0,M,20,B,D,E,E,D
3502,4940.0,5.8,25,10,0,M,20,B,D,E,E,D
3502,4941.0,7.5,40,0,0,M,20,B,D,E,E,D
3502,4942.0,15.0,0,5,0,M,20,B,D,E,F,D
3502,4943.0,3.4,10,0,0,M,20,B,D,E,F,D
3502,4944.0,15.9,0,0,0,M,20,B,D,E,F,E
3502,4945.0,2.6,5,0,10,M,20,B,D,E,F,E
3502,4946.0,15.0,0,0,0,M,20,C,D,E,F,E
3502,4947.0,16.5,20,20,30,M,20,E,D,F,F,F
3502,4948.0,10.9,0,25,0,M,20,E,F,F,F,F
3502,4949.0,21.0,0,0,40,M,20,,,,,
3502,4950.0,0.0,30,0,0,M,20,,,,,
3502,4951.0,13.5,0,0,0,M,20,,,,,
3502,4952.0,15.0,0,0,0,M,20,,,,,
1402,4953.0,7.5,0,0,0,F,20,A,A,A,B,A
1402,4954.0,19.8,10,20,0,F,20,A,A,A,B,A
1402,4955.0,12.7,50,0,50,F,20,A,A,B,B,A
1402,4956.0,15.0,0,0,0,F,20,A,D,B,C,A
1402,4957.0,11.1,0,0,0,F,20,A,D,B,C,A
1402,4958.0,3.6,20,50,10,F,20,A,D,C,C,B
1402,4959.0,12.9,20,70,5,F,20,A,D,C,C,B
1402,4960.0,0.0,30,45,0,F,20,A,D,C,C,B
1402,4961.0,15.0,0,0,0,F,20,A,D,C,C,B
1402,4962.0,2.4,0,60,0,F,20,A,D,C,D,B
1402,4963.0,11.3,0,0,0,F,20,A,D,C,D,B
1402,4964.0,26.4,20,0,55,M,20,A,D,D,D,B
1402,4965.0,15.0,60,15,5,M,20,A,D,D,D,B
1402,4966.0,10.5,10,15,10,M,20,A,D,D,D,B
1402,4967.0,21.0,0,30,10,M,20,A,D,D,D,B
1402,4968.0,2.4,15,0,0,M,20,B,D,D,D,B
1402,4969.0,17.7,50,0,10,M,20,B,D,D,D,D
1402,4970.0,15.0,0,5,0,M,20,B,D,D,D,D
1402,4971.0,15.0,0,0,0,M,20,B,D,E,D,E
1402,4972.0,16.0,0,45,15,M,20,B,D,E,E,E
1402,4973.0,14.1,0,0,0,M,20,B,F,E,E,E
1402,4974.0,0.0,0,0,0,M,20,B,F,E,F,F
1602,4975.0,0.0,0,0,0,F,20,A,A,A,B,A
1602,4976.0,10.6,10,10,15,F,20,A,A,B,B,A
1602,4977.0,11.1,20,0,0,F,20,A,A,B,B,A
1602,4978.0,26.2,0,0,0,F,20,A,A,B,B,A
1602,4979.0,27.1,0,0,0,F,20,A,A,B,B,A
1602,4980.0,13.5,25,0,0,F,20,A,A,C,B,A
1602,4981.0,2.0,10,0,10,F,20,A,A,C,B,A
1602,4982.0,30.8,0,50,0,F,20,A,A,C,C,A
1602,4983.0,4.0,10,0,0,F,20,A,A,D,D,A
1602,4984.0,11.5,0,0,0,F,20,A,A,D,D,A
1602,4985.0,8.8,0,20,0,F,20,A,A,D,D,A
1602,4986.0,5.0,0,0,0,F,20,A,A,D,D,A
1602,4987.0,0.0,0,0,0,F,20,A,B,D,D,B
1602,4988.0,25.1,0,15,0,F,20,A,B,D,D,B
1602,4989.0,0.0,0,15,20,F,20,A,D,D,D,B
1602,4990.0,25.0,40,0,50,F,20,A,D,D,D,B
1602,4991.0,1.0,0,5,0,F,20,A,D,D,D,B
1602,4992.0,21.8,0,20,0,F,20,A,D,D,D,B
1602,4993.0,10.3,30,0,10,F,20,A,D,D,D,B
1602,4994.0,26.2,0,0,0,F,20,A,D,D,D,B
1602,4995.0,16.0,0,0,0,F,20,A,D,D,D,B
1602,4996.0,0.0,0,0,0,F,20,A,D,D,D,B
1602,4997.0,4.6,0,45,0,F,20,A,D,D,D,B
1602,4998.0,16.0,0,0,0,F,20,A,D,D,D,B
1602,4999.0,0.0,0,0,0,F,20,A,D,D,D,C
1602,5000.0,0.0,0,0,0,F,20,A,D,D,E,C
1602,5001.0,23.8,30,0,0,F,20,A,D,E,E,C
1602,5002.0,11.5,0,0,0,F,20,A,D,E,E,C
1602,5003.0,2.8,0,45,15,F,20,A,D,E,E,C
1602,5004.0,18.1,50,0,10,F,20,A,D,E,F,D
1602,5005.0,15.4,50,15,10,M,20,B,D,F,F,D
1602,5006.0,16.0,0,0,0,M,20,B,D,F,F,D
1602,5007.0,9.2,0,15,0,M,20,B,D,F,F,E
1602,5008.0,16.0,0,0,0,M,20,E,E,F,F,E
2402,5009.0,4.0,0,50,0,F,20,A,A,A,B,A
2402,5010.0,0.0,0,0,0,F,20,A,A,A,B,A
2402,5011.0,3.6,10,60,15,F,20,A,A,A,B,A
2402,5012.0,20.4,50,60,10,F,20,A,A,A,B,A
2402,5013.0,4.2,40,35,5,F,20,A,A,A,B,A
2402,5014.0,16.1,0,0,0,F,20,A,A,B,B,A
2402,5015.0,0.0,35,0,0,F,20,A,A,B,B,A
2402,5016.0,11.1,5,0,0,F,20,A,A,B,B,A
2402,5017.0,16.9,30,25,0,F,20,A,A,B,B,A
2402,5018.0,14.9,10,0,0,F,20,A,A,B,B,A
2402,5019.0,26.3,0,0,20,F,20,A,A,B,B,A
2402,5020.0,16.6,20,30,25,F,20,A,A,B,C,A
2402,5021.0,16.4,0,0,0,F,20,A,A,B,C,A
2402,5022.0,7.5,0,30,0,F,20,A,A,B,C,A
2402,5023.0,35.0,0,0,25,F,20,A,A,B,C,A
2402,5024.0,34.3,0,30,0,F,20,A,A,B,C,A
2402,5025.0,21.4,0,25,10,F,20,A,A,B,C,A
2402,5026.0,14.5,0,0,0,F,20,A,A,B,C,A
2402,5027.0,26.4,0,0,0,F,20,A,A,B,C,A
2402,5028.0,11.9,0,0,0,F,20,A,A,C,C,A
2402,5029.0,11.9,0,0,0,F,20,A,A,C,C,A
2402,5030.0,11.9,0,0,0,F,20,A,A,C,C,A
2402,5031.0,16.4,30,45,0,F,20,A,A,C,D,A
2402,5032.0,23.6,0,25,0,F,20,A,B,C,D,A
2402,5033.0,14.3,0,0,0,F,20,A,B,C,D,A
2402,5034.0,22.6,40,0,0,F,20,A,B,C,D,A
2402,5035.0,2.4,20,0,0,F,20,A,B,D,D,B
2402,5036.0,3.0,0,60,0,F,20,A,B,D,D,B
2402,5037.0,24.5,5,15,0,F,20,A,D,D,D,B
2402,5038.0,10.5,10,0,0,F,20,A,D,D,D,B
2402,5039.0,15.0,0,0,10,F,20,A,D,D,D,B
2402,5040.0,12.1,15,0,15,F,20,A,D,D,D,B
2402,5041.0,16.6,0,0,0,F,20,A,D,D,D,B
2402,5042.0,4.4,30,50,0,F,20,A,D,D,D,B
2402,5043.0,16.1,50,0,30,F,20,A,D,D,D,B
2402,5044.0,7.5,45,15,0,F,20,A,D,D,D,B
2402,5045.0,13.3,0,0,0,F,20,A,D,D,D,B
2402,5046.0,7.5,0,30,0,F,20,A,D,D,D,B
2402,5047.0,2.0,0,0,0,F,20,A,D,D,D,B
2402,5048.0,7.5,0,30,0,F,20,A,D,D,D,B
2402,5049.0,14.5,0,0,0,M,20,A,D,D,D,B
2402,5050.0,7.5,0,30,0,M,20,A,D,D,D,B
2402,5051.0,9.5,0,25,0,M,20,A,D,D,D,B
2402,5052.0,9.5,0,25,0,M,20,A,D,D,D,B
2402,5053.0,16.7,30,40,5,M,20,A,D,D,D,B
2402,5054.0,17.5,0,0,0,M,20,A,D,D,D,B
2402,5055.0,15.2,20,0,0,M,20,A,D,D,D,B
2402,5056.0,25.4,0,0,0,M,20,A,D,D,D,B
2402,5057.0,12.1,0,30,0,M,20,A,D,D,D,B
2402,5058.0,25.2,0,0,0,M,20,A,D,D,D,C
2402,5059.0,15.0,10,0,0,M,20,A,D,D,D,C
2402,5060.0,15.0,0,0,10,M,20,A,D,D,D,C
2402,5061.0,8.5,0,45,10,M,20,A,D,D,E,C
2402,5062.0,15.0,0,0,0,M,20,A,D,D,E,C
2402,5063.0,7.5,0,0,0,M,20,A,D,D,E,C
2402,5064.0,15.0,0,0,0,M,20,A,D,D,E,C
2402,5065.0,23.1,0,10,10,M,20,A,D,D,E,C
2402,5066.0,7.5,0,0,0,M,20,A,D,E,E,C
2402,5067.0,14.9,0,0,0,M,20,A,D,E,E,C
2402,5068.0,7.5,0,0,0,M,20,A,D,E,E,C
2402,5069.0,15.0,0,0,0,M,20,A,D,E,E,D
2402,5070.0,15.0,0,0,0,M,20,A,D,E,E,D
2402,5071.0,15.0,0,0,0,M,20,A,D,E,F,D
2402,5072.0,14.7,0,0,0,M,20,A,D,E,F,D
2402,5073.0,15.0,0,0,0,M,20,A,D,E,F,D
2402,5074.0,15.0,0,0,0,M,20,A,D,E,F,D
2402,5075.0,15.0,0,0,0,M,20,B,D,E,F,D
2402,5076.0,15.0,0,0,15,M,20,B,D,E,F,E
2402,5077.0,15.0,0,0,0,M,20,B,D,E,F,E
2402,5078.0,15.0,0,0,0,M,20,B,D,E,F,E
2402,5079.0,15.0,0,0,0,M,20,B,D,E,F,E
2402,5080.0,15.0,0,0,0,M,20,B,E,E,F,E
2402,5081.0,15.0,0,0,0,M,20,C,E,F,F,E
2402,5082.0,16.9,30,35,10,M,20,E,E,F,F,E
2402,5083.0,14.7,0,0,0,M,20,E,E,F,F,E
2402,5084.0,7.5,0,0,0,M,20,E,F,F,F,F
2402,5085.0,18.0,0,0,0,M,20,E,F,F,F,F
2402,5086.0,15.0,0,0,0,M,20,E,F,F,F,F
2402,5087.0,9.5,20,30,0,M,20,,,,,
2402,5088.0,28.1,0,0,0,M,20,,,,,
3002,5089.0,15.0,0,0,0,F,20,A,A,A,A,A
3002,5090.0,7.0,70,65,5,F,20,A,A,A,A,A
3002,5091.0,7.5,0,0,0,F,20,A,A,A,B,A
3002,5092.0,7.5,0,0,0,F,20,A,A,A,B,A
3002,5093.0,15.0,0,0,0,F,20,A,A,A,B,A
3002,5094.0,16.0,0,0,0,F,20,A,A,B,B,A
3002,5095.0,0.0,30,0,10,F,20,A,A,B,B,A
3002,5096.0,4.8,80,0,0,F,20,A,A,B,B,A
3002,5097.0,0.0,15,25,0,F,20,A,A,B,C,A
3002,5098.0,11.1,0,25,0,F,20,A,B,B,C,A
3002,5099.0,31.2,45,0,10,F,20,A,B,B,C,A
3002,5100.0,7.0,30,35,0,F,20,A,B,B,C,A
3002,5101.0,2.6,50,15,0,F,20,A,B,B,C,A
3002,5102.0,13.2,0,10,15,F,20,A,B,B,C,A
3002,5103.0,15.0,0,0,0,F,20,A,C,C,C,A
3002,5104.0,15.0,0,0,0,M,20,A,C,C,C,A
3002,5105.0,15.0,0,0,0,M,20,A,D,C,C,A
3002,5106.0,16.0,0,0,0,M,20,A,D,C,C,A
3002,5107.0,26.4,0,0,10,M,20,A,D,C,D,A
3002,5108.0,14.9,0,0,0,M,20,A,D,C,D,B
3002,5109.0,15.0,0,0,0,M,20,A,D,C,D,B
3002,5110.0,10.9,30,5,5,M,20,A,D,C,D,B
3002,5111.0,15.0,0,0,0,M,20,A,D,C,D,B
3002,5112.0,39.2,0,0,0,M,20,A,D,D,D,B
3002,5113.0,7.2,20,15,30,M,20,A,D,D,D,B
3002,5114.0,14.7,0,0,0,M,20,A,D,D,D,B
3002,5115.0,26.9,0,0,0,M,20,A,D,D,D,B
3002,5116.0,15.0,0,0,0,M,20,A,D,D,D,B
3002,5117.0,0.0,50,0,0,M,20,A,D,D,D,B
3002,5118.0,16.0,0,0,0,M,20,A,D,D,D,B
3002,5119.0,15.0,0,0,0,M,20,A,D,D,D,B
3002,5120.0,11.1,15,15,10,M,20,A,D,D,E,B
3002,5121.0,15.0,0,10,5,M,20,A,D,D,E,B
3002,5122.0,6.4,15,45,10,M,20,A,D,D,E,C
3002,5123.0,10.5,50,0,0,M,20,B,D,D,E,C
3002,5124.0,5.4,0,45,0,M,20,B,D,D,E,C
3002,5125.0,2.6,0,0,0,M,20,B,D,D,E,D
3002,5126.0,9.6,0,45,5,M,20,B,D,D,E,D
3002,5127.0,7.5,0,0,0,M,20,B,D,D,E,D
3002,5128.0,15.0,0,0,0,M,20,B,D,D,F,E
3002,5129.0,13.5,10,0,0,M,20,B,D,E,F,E
3002,5130.0,17.0,0,0,0,M,20,C,E,F,F,E
3002,5131.0,9.5,10,30,10,M,20,E,E,F,F,F
3002,5132.0,2.6,0,0,0,M,20,,,,,
5401,5133.0,15.0,0,0,0,F,20,A,A,A,A,A
5401,5134.0,15.0,0,0,0,F,20,A,A,A,A,A
5401,5135.0,15.0,0,0,0,F,20,A,A,B,B,A
5401,5136.0,15.0,0,0,0,F,20,A,A,B,B,A
5401,5137.0,15.0,0,0,0,F,20,A,A,B,B,A
5401,5138.0,14.4,80,10,0,F,20,A,A,B,C,A
5401,5139.0,6.6,40,20,10,F,20,A,A,C,C,A
5401,5140.0,1.4,5,25,0,F,20,A,B,C,C,B
5401,5141.0,15.0,0,15,0,F,20,A,B,D,C,B
5401,5142.0,7.5,0,0,0,F,20,A,B,D,D,B
5401,5143.0,14.9,0,0,0,F,20,A,B,D,D,B
5401,5144.0,27.1,0,0,0,F,20,A,D,D,D,B
5401,5145.0,16.6,0,0,0,F,20,A,D,D,D,B
5401,5146.0,12.7,0,0,0,F,20,A,D,D,D,B
5401,5147.0,9.9,20,20,10,F,20,A,D,D,D,B
5401,5148.0,7.5,0,0,65,F,20,A,D,D,D,B
5401,5149.0,15.1,0,0,0,M,20,A,D,D,D,B
5401,5150.0,6.4,0,0,0,M,20,A,D,D,D,B
5401,5151.0,27.0,10,0,0,M,20,A,D,D,D,C
5401,5152.0,15.1,0,0,0,M,20,B,D,E,D,D
5401,5153.0,6.0,0,45,0,M,20,B,D,E,E,D
5401,5154.0,20.2,0,25,15,M,20,B,D,E,E,D
5401,5155.0,8.5,25,0,40,M,20,B,D,E,E,D
5401,5156.0,12.9,0,0,0,M,20,B,D,E,E,E
5401,5157.0,7.5,0,35,0,M,20,B,F,F,F,E
5401,5158.0,1.0,0,0,0,M,20,D,F,F,F,E
5401,5159.0,20.8,40,10,0,M,20,E,F,F,F,F
3502,5160.0,13.9,20,0,5,F,20,A,A,B,B,A
3502,5161.0,25.1,25,0,0,F,20,A,A,B,B,A
3502,5162.0,7.5,0,35,0,F,20,A,A,B,B,A
3502,5163.0,14.1,0,0,0,F,20,A,A,B,B,A
3502,5164.0,6.4,50,20,5,F,20,A,A,B,C,A
3502,5165.0,16.0,0,0,10,F,20,A,A,B,C,A
3502,5166.0,26.1,0,0,0,F,20,A,A,B,C,A
3502,5167.0,32.5,30,15,0,F,20,A,A,B,C,A
3502,5168.0,10.7,30,5,10,F,20,A,A,B,C,A
3502,5169.0,22.5,30,10,0,F,20,A,B,B,C,A
3502,5170.0,1.0,25,0,10,F,20,A,B,C,C,A
3502,5171.0,14.1,0,0,0,F,20,A,B,C,C,A
3502,5172.0,4.0,90,35,40,F,20,A,B,C,C,A
3502,5173.0,15.3,0,0,0,F,20,A,B,C,C,A
3502,5174.0,14.9,30,20,40,F,20,A,B,C,C,A
3502,5175.0,0.0,0,0,10,F,20,A,B,C,D,A
3502,5176.0,8.2,30,30,0,F,20,A,B,C,D,A
3502,5177.0,11.9,20,15,0,F,20,A,B,C,D,A
3502,5178.0,1.6,20,0,10,F,20,A,B,C,D,A
3502,5179.0,10.9,35,0,10,M,20,A,C,C,D,A
3502,5180.0,6.8,55,80,10,M,20,A,C,C,D,A
3502,5181.0,6.8,40,10,20,M,20,A,D,C,D,B
3502,5182.0,16.0,30,45,10,M,20,A,D,C,D,B
3502,5183.0,4.0,0,5,10,M,20,A,D,C,D,B
3502,5184.0,24.9,10,15,0,M,20,A,D,C,D,B
3502,5185.0,11.5,0,40,0,M,20,A,D,C,D,B
3502,5186.0,15.5,15,60,15,M,20,A,D,D,D,B
3502,5187.0,13.1,10,0,20,M,20,A,D,D,D,B
3502,5188.0,4.6,0,5,10,M,20,A,D,D,D,B
3502,5189.0,1.6,0,0,0,M,20,A,D,D,D,B
3502,5190.0,5.0,0,0,0,M,20,A,D,D,D,B
3502,5191.0,14.0,0,10,0,M,20,A,D,D,D,B
3502,5192.0,25.4,30,15,50,M,20,A,D,D,D,B
3502,5193.0,5.8,40,35,80,M,20,A,D,D,E,C
3502,5194.0,8.2,0,0,0,M,20,A,D,D,E,C
3502,5195.0,18.2,65,0,0,M,20,A,D,D,E,C
3502,5196.0,11.7,0,0,10,M,20,A,D,D,E,C
3502,5197.0,11.9,25,5,10,M,20,A,D,D,E,C
3502,5198.0,16.2,80,5,0,M,20,A,D,D,E,C
3502,5199.0,25.2,0,25,0,M,20,A,D,D,E,C
3502,5200.0,14.9,15,0,5,M,20,A,D,D,E,C
3502,5201.0,10.3,20,30,0,M,20,A,D,D,E,C
3502,5202.0,13.7,0,15,0,M,20,A,D,D,E,C
3502,5203.0,26.5,0,0,0,M,20,A,D,D,E,C
3502,5204.0,11.7,40,0,0,M,20,A,D,D,E,C
3502,5205.0,13.9,30,30,40,M,20,A,D,E,E,C
3502,5206.0,21.2,0,40,10,M,20,B,D,E,E,C
3502,5207.0,14.7,40,15,40,M,20,B,D,E,E,C
3502,5208.0,5.8,50,5,25,M,20,B,D,E,E,C
3502,5209.0,7.5,75,0,0,M,20,B,D,E,F,D
3502,5210.0,12.1,0,15,0,M,20,C,D,E,F,D
3502,5211.0,14.3,10,0,15,M,20,E,D,E,F,D
3502,5212.0,8.9,0,30,0,M,20,E,F,F,F,E
3502,5213.0,27.1,0,0,0,M,20,E,F,F,F,E
3502,5214.0,23.4,0,20,0,M,20,,,,,
3502,5215.0,6.6,0,0,0,M,20,,,,,
3502,5216.0,3.4,0,0,0,M,20,,,,,
3502,5217.0,16.7,0,0,0,M,20,,,,,
3502,5218.0,0.0,0,0,0,M,20,,,,,
3502,5219.0,8.6,0,0,0,M,20,,,,,
3502,5220.0,10.2,30,30,0,M,20,,,,,
3502,5221.0,15.0,0,0,0,M,20,,,,,
3502,5222.0,0.0,0,0,0,M,20,,,,,
3502,5223.0,0.0,0,0,0,M,20,,,,,
3502,5224.0,15.0,0,0,0,M,20,,,,,
3502,5225.0,15.0,50,0,45,M,20,,,,,
3502,5226.0,15.0,0,0,0,M,20,,,,,
2402,5227.0,3.6,0,0,0,F,20,A,A,A,A,A
2402,5228.0,22.5,50,0,70,F,20,A,A,A,A,A
2402,5229.0,0.0,70,50,0,F,20,A,A,A,A,A
2402,5230.0,15.0,0,0,20,F,20,A,A,A,A,A
2402,5231.0,15.0,0,0,0,F,20,A,A,B,B,A
2402,5232.0,7.5,10,60,0,F,20,A,A,B,B,A
2402,5233.0,14.5,0,0,25,F,20,A,A,B,B,A
2402,5234.0,17.8,0,30,30,F,20,A,A,B,B,A
2402,5235.0,26.7,0,0,0,F,20,A,A,B,B,A
2402,5236.0,0.0,0,0,0,F,20,A,A,B,B,A
2402,5237.0,0.0,0,25,0,F,20,A,A,B,B,A
2402,5238.0,0.0,0,0,0,F,20,A,A,B,B,A
2402,5239.0,11.5,50,0,0,F,20,A,A,B,C,A
2402,5240.0,17.4,0,0,0,F,20,A,A,B,C,A
2402,5241.0,9.9,0,0,0,F,20,A,B,B,C,A
2402,5242.0,16.0,0,0,0,F,20,A,B,B,C,B
2402,5243.0,15.0,0,0,0,F,20,A,B,C,C,B
2402,5244.0,11.4,40,60,25,F,20,A,B,C,C,B
2402,5245.0,15.0,0,0,0,F,20,A,B,C,C,B
2402,5246.0,0.0,0,0,0,F,20,A,B,C,D,B
2402,5247.0,12.4,0,0,15,F,20,A,B,C,D,B
2402,5248.0,13.3,0,0,25,F,20,A,B,C,D,B
2402,5249.0,27.9,0,0,0,F,20,A,C,C,D,B
2402,5250.0,18.0,0,0,0,F,20,A,C,C,D,B
2402,5251.0,15.0,20,0,0,F,20,A,D,D,D,B
2402,5252.0,15.0,20,0,0,F,20,A,D,D,D,B
2402,5253.0,4.2,20,0,0,F,20,A,D,D,D,B
2402,5254.0,0.0,0,0,0,F,20,A,D,D,D,B
2402,5255.0,0.0,0,0,0,F,20,A,D,D,D,B
2402,5256.0,0.0,0,0,0,F,20,A,D,D,D,B
2402,5257.0,0.0,0,0,0,F,20,A,D,D,D,B
2402,5258.0,15.0,0,0,0,F,20,A,D,D,D,B
2402,5259.0,0.0,0,0,0,F,20,A,D,D,D,B
2402,5260.0,0.0,0,0,0,F,20,A,D,D,D,B
2402,5261.0,15.0,0,0,0,F,20,A,D,D,D,B
2402,5262.0,0.0,0,0,0,F,20,A,D,D,D,B
2402,5263.0,0.0,0,0,0,F,20,A,D,D,D,B
2402,5264.0,22.5,0,45,0,F,20,A,D,D,D,B
2402,5265.0,15.0,0,0,0,M,20,A,D,E,E,C
2402,5266.0,0.0,0,0,0,M,20,A,D,E,E,D
2402,5267.0,0.0,0,0,0,M,20,A,D,E,E,D
2402,5268.0,0.0,0,0,0,M,20,B,D,E,E,D
2402,5269.0,3.6,0,0,0,M,20,B,D,E,E,D
2402,5270.0,16.0,0,0,0,M,20,B,D,E,E,D
2402,5271.0,0.0,0,0,0,M,20,B,D,E,E,E
2402,5272.0,14.1,0,15,0,M,20,B,F,F,F,E
2402,5273.0,0.0,0,0,0,M,20,C,F,F,F,E
2402,5274.0,19.2,0,0,0,M,20,E,F,F,F,F
2402,5275.0,0.0,0,0,0,M,20,,,,,
2402,5276.0,0.0,0,0,0,M,20,,,,,
2402,5277.0,0.0,0,0,0,M,20,,,,,
2402,5278.0,0.0,0,0,0,M,20,,,,,
2402,5279.0,0.0,0,0,0,M,20,,,,,
2402,5280.0,15.0,0,0,0,M,20,,,,,
2402,5281.0,0.0,0,0,0,M,20,,,,,
2402,5282.0,0.0,0,0,0,M,20,,,,,
2402,5283.0,0.0,0,0,0,M,20,,,,,
2402,5284.0,0.0,0,0,0,M,20,,,,,
2402,5285.0,16.0,0,0,0,M,20,,,,,
2402,5286.0,0.0,0,0,0,M,20,,,,,
2402,5287.0,15.0,15,5,0,M,20,,,,,
2402,5288.0,9.1,20,0,40,M,20,,,,,
2402,5289.0,9.2,45,75,15,M,20,,,,,
2402,5290.0,6.0,0,0,10,M,20,,,,,
2402,5291.0,17.0,40,45,70,M,20,,,,,
2402,5292.0,7.5,0,0,0,M,20,,,,,
2402,5293.0,7.5,0,0,0,M,20,,,,,
2402,5294.0,7.5,0,0,0,M,20,,,,,
2402,5295.0,17.5,0,0,0,M,20,,,,,
2402,5296.0,7.5,0,0,0,M,20,,,,,
2402,5297.0,7.5,0,0,0,M,20,,,,,
2402,5298.0,7.5,0,0,0,M,20,,,,,
2402,5299.0,20.7,20,0,40,M,20,,,,,
2402,5300.0,7.5,0,0,0,M,20,,,,,
2402,5301.0,7.5,0,0,0,M,20,,,,,
2402,5302.0,16.4,0,0,0,M,20,,,,,
2402,5303.0,19.3,0,0,0,M,20,,,,,
2402,5304.0,7.5,0,0,0,M,20,,,,,
2402,5305.0,0.0,10,0,40,M,20,,,,,
2402,5306.0,7.5,0,0,0,M,20,,,,,
2402,5307.0,7.5,0,0,0,M,20,,,,,
2402,5308.0,7.5,0,0,0,M,20,,,,,
2402,5309.0,7.5,0,0,0,M,20,,,,,
2402,5310.0,7.5,0,0,0,M,20,,,,,
2402,5311.0,7.5,0,0,0,M,20,,,,,
2402,5312.0,7.5,30,0,45,M,20,,,,,
2402,5313.0,7.5,50,0,30,M,20,,,,,
2402,5314.0,7.5,0,0,0,M,20,,,,,
2402,5315.0,7.5,0,0,0,M,20,,,,,
2402,5316.0,7.5,0,0,0,M,20,,,,,
2402,5317.0,7.5,0,0,0,M,20,,,,,
3002,5318.0,13.9,0,0,0,F,20,A,A,A,A,A
3002,5319.0,6.4,0,50,0,F,20,A,A,A,A,A
3002,5320.0,9.5,0,50,10,F,20,A,A,A,A,A
3002,5321.0,6.4,0,10,0,F,20,A,A,A,A,A
3002,5322.0,7.5,0,0,0,F,20,A,A,A,A,A
3002,5323.0,7.5,0,0,0,F,20,A,A,A,A,A
3002,5324.0,0.0,0,0,0,F,20,A,A,A,B,A
3002,5325.0,7.5,0,0,0,F,20,A,A,B,B,A
3002,5326.0,7.5,0,0,0,F,20,A,A,B,B,A
3002,5327.0,7.5,0,0,0,F,20,A,A,B,B,A
3002,5328.0,7.5,0,0,0,F,20,A,A,B,B,A
3002,5329.0,17.6,0,0,0,F,20,A,B,B,B,A
3002,5330.0,16.8,50,90,20,F,20,A,B,B,B,A
3002,5331.0,7.5,0,0,0,F,20,A,B,B,B,A
3002,5332.0,9.1,10,0,0,F,20,A,B,B,B,A
3002,5333.0,27.4,30,25,35,F,20,A,B,B,C,A
3002,5334.0,0.0,0,0,0,F,20,A,B,B,C,A
3002,5335.0,7.5,0,0,0,F,20,A,B,B,C,A
3002,5336.0,12.7,50,60,0,F,20,A,B,B,C,A
3002,5337.0,0.0,0,0,0,F,20,A,C,B,C,A
3002,5338.0,7.5,0,0,0,F,20,A,C,B,C,A
3002,5339.0,7.5,0,0,0,F,20,A,C,B,C,A
3002,5340.0,7.5,0,0,0,F,20,A,D,B,C,A
3002,5341.0,7.5,0,0,0,F,20,A,D,B,C,A
3002,5342.0,7.5,0,0,0,F,20,A,D,C,C,A
3002,5343.0,7.5,0,0,0,F,20,A,D,C,C,A
3002,5344.0,7.5,0,0,0,F,20,A,D,C,C,A
3002,5345.0,7.5,0,0,0,F,20,A,D,C,C,A
3002,5346.0,7.5,0,0,0,F,20,A,D,C,C,A
3002,5347.0,14.3,15,0,0,M,20,A,D,C,D,A
3002,5348.0,7.5,0,0,0,M,20,A,D,C,D,B
3002,5349.0,7.5,0,0,0,M,20,A,D,C,D,B
3002,5350.0,7.5,0,0,0,M,20,A,D,D,D,B
3002,5351.0,7.5,0,0,0,M,20,A,D,D,D,B
3002,5352.0,7.5,0,0,0,M,20,A,D,D,D,B
3002,5353.0,17.0,10,0,0,M,20,A,D,D,D,B
3002,5354.0,7.5,0,0,0,M,20,A,D,D,D,B
3002,5355.0,17.5,25,55,0,M,20,A,D,D,D,B
3002,5356.0,7.5,0,0,0,M,20,A,D,D,D,B
3002,5357.0,7.5,0,0,0,M,20,A,D,D,D,B
3002,5358.0,7.5,0,0,0,M,20,A,D,D,D,B
3002,5359.0,7.5,0,0,0,M,20,A,D,D,D,B
3002,5360.0,7.5,0,0,0,M,20,A,D,D,D,B
3002,5361.0,7.5,0,0,0,M,20,A,D,D,D,B
3002,5362.0,3.0,20,0,10,M,20,A,D,D,D,B
3002,5363.0,7.5,0,0,0,M,20,A,D,D,D,B
3002,5364.0,7.5,0,0,0,M,20,A,D,D,D,B
3002,5365.0,7.5,0,0,0,M,20,A,D,D,D,B
3002,5366.0,7.5,0,0,0,M,20,A,D,D,D,B
3002,5367.0,7.5,0,0,0,M,20,A,D,D,D,B
3002,5368.0,7.5,0,0,0,M,20,A,D,D,D,B
3002,5369.0,0.0,30,0,20,M,20,A,D,D,D,B
3002,5370.0,7.5,0,0,0,M,20,B,D,D,D,B
3002,5371.0,7.5,0,0,0,M,20,B,D,D,D,B
3002,5372.0,0.0,10,30,10,M,20,B,D,D,D,B
3002,5373.0,18.4,0,0,0,M,20,B,D,D,D,B
3002,5374.0,7.5,0,0,0,M,20,B,D,D,D,B
3002,5375.0,7.5,0,0,0,M,20,B,D,D,D,C
3202,5376.0,9.5,30,0,0,F,20,A,A,A,A,A
3202,5377.0,7.5,0,0,0,F,20,A,A,B,B,A
3202,5378.0,7.4,0,0,0,F,20,A,A,B,B,A
3202,5379.0,7.5,0,0,0,F,20,A,A,B,B,A
3202,5380.0,7.5,0,0,0,F,20,A,A,B,B,A
3202,5381.0,7.5,0,0,0,F,20,A,B,B,B,A
3202,5382.0,7.5,0,0,0,F,20,A,B,B,B,A
3202,5383.0,9.5,10,20,30,F,20,A,B,B,B,A
3202,5384.0,7.5,0,0,0,F,20,A,B,B,C,A
3202,5385.0,7.5,0,0,0,F,20,A,B,B,C,A
3202,5386.0,7.5,0,0,0,F,20,A,D,C,D,A
3202,5387.0,22.2,10,25,15,F,20,A,D,C,D,A
3202,5388.0,7.5,0,0,0,F,20,A,D,C,D,B
3202,5389.0,7.5,50,5,20,M,20,A,D,C,D,B
3202,5390.0,7.5,0,0,0,M,20,A,D,C,D,B
3202,5391.0,7.5,0,0,0,M,20,A,D,C,D,B
3202,5392.0,15.3,50,30,0,M,20,,,,,
3202,5393.0,7.5,0,0,0,M,20,,,,,
3202,5394.0,7.5,0,0,0,M,20,,,,,
5401,5395.0,7.5,0,0,0,F,20,A,A,A,C,A
5401,5396.0,7.5,0,0,0,F,20,A,A,B,C,B
5401,5397.0,23.5,20,15,5,F,20,A,A,B,D,B
5401,5398.0,7.5,0,0,0,F,20,A,A,C,D,B
5401,5399.0,7.5,0,0,0,F,20,A,B,C,D,B
5401,5400.0,7.5,0,0,0,F,20,A,D,D,D,B
5401,5401.0,7.5,0,0,0,F,20,A,D,D,D,B
5401,5402.0,7.5,20,40,15,F,20,A,D,D,D,C
5401,5403.0,7.5,0,0,0,F,20,A,D,D,D,D
5401,5404.0,7.5,0,0,0,F,20,A,D,D,D,D
4004,5405.0,7.5,0,0,0,M,20,A,A,B,D,B
4004,5406.0,7.5,0,0,0,M,20,A,A,C,D,B
4004,5407.0,7.5,0,0,0,M,20,A,A,C,D,B
4004,5408.0,7.5,0,0,0,M,20,A,A,C,D,B
4004,5409.0,7.5,0,0,0,M,20,A,A,C,D,B
4004,5410.0,7.5,0,0,0,M,20,A,A,C,D,B
4004,5411.0,7.5,0,0,0,M,20,A,A,D,D,B
4004,5412.0,7.5,0,0,0,M,20,A,A,D,D,B
4004,5413.0,7.5,0,0,0,M,20,A,A,D,D,B
4004,5414.0,7.5,0,0,0,M,20,A,A,D,D,B
4004,5415.0,7.5,0,0,0,M,20,A,A,D,D,B
4004,5416.0,7.5,0,0,0,M,20,A,B,D,D,B
4004,5417.0,7.5,0,0,0,M,20,A,B,D,D,B
4004,5418.0,8.5,20,30,15,M,20,A,B,D,D,B
4004,5419.0,7.5,0,0,0,M,20,A,B,D,D,C
4004,5420.0,7.5,0,0,0,M,20,A,D,D,D,C
4004,5421.0,0.0,0,0,0,M,20,A,D,D,D,C
4004,5422.0,7.5,0,0,0,M,20,A,D,D,E,C
4004,5423.0,4.4,0,0,0,M,20,A,D,D,E,C
4004,5424.0,18.0,0,0,0,M,20,A,D,D,E,D
4004,5425.0,13.1,30,0,10,M,20,A,D,D,E,D
4004,5426.0,1.6,0,20,0,M,20,A,D,E,E,D
4004,5427.0,1.0,0,0,0,M,20,A,D,E,E,E
4004,5428.0,17.0,0,0,0,M,20,A,D,E,E,E
4004,5429.0,10.1,50,10,0,M,20,A,D,E,E,E
4004,5430.0,12.7,30,0,25,M,20,A,D,E,E,E
4004,5431.0,17.0,0,0,0,M,20,A,D,E,E,E
4004,5432.0,4.6,0,0,0,M,20,A,D,E,F,E
4004,5433.0,35.6,0,35,0,M,20,A,D,E,F,E
4004,5434.0,17.0,0,0,0,M,20,A,D,E,F,E
4004,5435.0,17.0,0,0,0,M,20,A,D,E,F,E
4004,5436.0,15.5,10,15,0,M,20,A,D,E,F,F
4004,5437.0,20.0,0,0,0,M,20,B,D,F,F,F
4004,5438.0,7.8,10,0,0,M,20,B,D,F,F,F
4004,5439.0,28.9,0,0,0,M,20,B,E,F,F,F
4004,5440.0,3.4,0,0,30,M,20,E,F,F,F,G
1501,5441.0,35.2,25,15,0,F,20,A,A,A,B,A
1501,5442.0,8.0,0,0,0,F,20,A,A,A,B,A
1501,5443.0,24.0,0,35,5,F,20,A,A,A,B,A
1501,5444.0,4.4,10,15,0,F,20,A,A,B,B,A
1501,5445.0,30.0,0,0,0,F,20,A,A,B,C,A
1501,5446.0,7.5,0,45,0,F,20,A,A,B,C,A
1501,5447.0,9.5,0,0,0,F,20,A,A,B,D,A
1501,5448.0,17.1,0,0,25,F,20,A,B,B,D,A
1501,5449.0,6.8,30,50,0,F,20,A,B,B,D,A
1501,5450.0,30.0,0,0,0,F,20,A,B,C,D,A
1501,5451.0,13.5,90,0,20,F,20,A,B,D,D,B
1501,5452.0,3.2,100,0,5,F,20,A,B,D,D,B
1501,5453.0,14.5,0,0,0,F,20,A,D,D,D,B
1501,5454.0,1.0,0,0,0,F,20,A,D,D,D,B
1501,5455.0,7.5,0,45,0,F,20,A,D,D,D,B
1501,5456.0,17.0,0,0,0,F,20,A,D,D,D,B
1501,5457.0,13.7,0,20,0,F,20,A,D,D,D,B
1501,5458.0,1.0,0,0,0,M,20,A,D,D,D,B
1501,5459.0,14.3,0,0,0,M,20,A,D,D,D,B
1501,5460.0,23.6,25,20,0,M,20,A,D,D,D,B
1501,5461.0,16.1,75,0,0,M,20,A,D,D,D,B
1501,5462.0,12.5,50,50,0,M,20,A,D,D,D,C
1501,5463.0,1.0,0,0,0,M,20,A,D,D,E,C
1501,5464.0,7.5,0,45,0,M,20,A,D,D,E,C
1501,5465.0,14.1,0,10,0,M,20,A,D,E,F,C
1501,5466.0,18.8,0,0,0,M,20,B,D,E,F,C
1501,5467.0,30.0,0,0,0,M,20,E,F,E,F,F
1501,5468.0,11.3,10,30,10,M,20,,,,,
1601,5469.0,29.9,0,0,0,F,20,A,A,B,B,A
1601,5470.0,17.0,0,0,0,F,20,A,A,C,B,A
1601,5471.0,3.2,20,0,10,F,20,A,A,C,C,A
1601,5472.0,17.0,15,0,0,F,20,A,A,C,C,A
1601,5473.0,4.0,20,60,20,F,20,A,A,C,C,A
1601,5474.0,3.2,30,0,0,F,20,A,A,C,C,B
1601,5475.0,15.0,0,0,0,F,20,A,A,C,D,B
1601,5476.0,12.3,0,25,0,F,20,A,A,D,D,B
1601,5477.0,15.0,0,0,0,F,20,A,B,D,D,B
1601,5478.0,7.0,0,40,20,F,20,A,B,D,D,B
1601,5479.0,24.5,10,20,10,F,20,A,B,D,D,B
1601,5480.0,11.3,30,20,5,F,20,A,D,D,D,B
1601,5481.0,15.0,0,0,0,M,20,A,D,D,D,C
1601,5482.0,4.8,0,0,0,M,20,A,D,D,D,C
1601,5483.0,15.7,70,20,0,M,20,A,D,D,E,C
1601,5484.0,14.3,0,20,0,M,20,A,D,E,E,D
1601,5485.0,15.0,0,0,0,M,20,A,D,E,E,E
2402,5486.0,17.1,0,0,0,F,20,A,A,D,D,B
2402,5487.0,15.0,0,0,0,F,20,A,A,D,D,B
2402,5488.0,15.0,0,0,0,F,20,A,A,D,D,B
2402,5489.0,5.0,0,0,0,F,20,A,A,D,D,C
2402,5490.0,15.0,0,0,0,M,20,A,A,D,D,C
2402,5491.0,3.8,20,5,5,M,20,A,A,D,D,C
2402,5492.0,7.5,5,0,0,M,20,A,A,E,E,C
2402,5493.0,33.6,25,30,0,M,20,A,A,E,E,C
2402,5494.0,3.6,30,0,0,M,21,A,B,E,E,C
904,5495.0,15.0,0,0,0,F,20,A,A,B,B,A
904,5496.0,15.0,0,0,0,F,20,A,A,B,B,A
904,5497.0,15.0,0,0,0,F,20,A,A,B,B,A
904,5498.0,12.3,0,15,0,F,20,A,A,B,B,A
904,5499.0,15.0,0,0,0,F,20,A,A,B,B,A
904,5500.0,15.0,0,0,0,F,20,A,A,B,B,A
904,5501.0,10.4,0,30,0,F,20,A,A,B,B,A
904,5502.0,15.0,0,0,0,F,20,A,A,B,B,A
904,5503.0,15.0,0,0,0,F,20,A,A,B,C,A
904,5504.0,15.0,0,0,0,F,20,A,A,B,C,B
904,5505.0,15.0,0,15,0,F,20,A,A,B,C,B
904,5506.0,15.0,0,0,0,F,20,A,A,B,C,B
904,5507.0,15.0,0,0,0,F,20,A,A,B,C,B
904,5508.0,17.3,0,0,0,F,20,A,A,C,C,B
904,5509.0,4.8,0,0,0,F,20,A,A,C,C,B
904,5510.0,2.4,40,0,0,F,20,A,A,C,D,B
904,5511.0,10.5,0,30,0,F,20,A,B,C,D,B
904,5512.0,7.5,5,0,0,M,20,C,D,E,F,D
904,5513.0,15.0,0,0,0,M,20,C,D,E,F,D
904,5514.0,6.0,10,0,5,M,20,D,D,E,F,E
904,5515.0,14.7,30,0,0,M,20,E,D,E,F,E
904,5516.0,16.3,30,60,5,M,20,E,D,E,F,E
904,5517.0,16.4,10,0,10,M,20,E,F,E,F,E
904,5518.0,3.6,20,0,10,M,20,E,F,E,F,E
904,5519.0,16.5,40,45,10,M,20,,,,,
904,5520.0,11.1,35,20,0,M,20,,,,,
904,5521.0,7.5,0,0,5,M,20,,,,,
4004,5522.0,13.3,0,20,0,M,20,A,A,C,D,C
4004,5523.0,15.0,0,0,10,M,20,A,A,C,D,C
4004,5524.0,30.9,0,0,0,M,20,A,A,C,D,C
4004,5525.0,15.0,80,80,20,M,20,A,A,C,D,D
4004,5526.0,7.5,0,10,0,M,20,A,A,C,D,D
4004,5527.0,12.3,0,20,0,M,20,A,A,D,D,D
4004,5528.0,18.6,0,35,30,M,20,A,A,D,D,D
4004,5529.0,11.7,30,15,10,M,20,A,A,D,D,D
4004,5530.0,10.3,0,0,0,M,20,A,A,D,D,D
4004,5531.0,15.0,25,0,0,M,20,A,A,D,D,D
4004,5532.0,13.9,0,0,15,M,20,A,A,D,D,D
4004,5533.0,8.1,0,5,0,M,20,A,D,D,E,E
4004,5534.0,8.5,0,0,0,M,20,A,D,D,E,E
4004,5535.0,19.6,0,0,0,M,20,A,D,D,E,E
4004,5536.0,1.0,25,5,20,M,20,A,D,E,E,E
4004,5537.0,31.2,0,0,0,M,20,A,D,E,E,E
4004,5538.0,10.7,30,20,10,M,20,A,D,E,E,F
4004,5539.0,8.6,50,0,10,M,20,A,F,E,F,F
4004,5540.0,5.2,0,0,0,M,20,B,F,F,F,F
4004,5541.0,30.1,80,0,0,M,20,B,F,F,F,F
3202,5542.0,16.1,25,0,0,M,20,,,,,
4004,5543.0,17.7,0,0,0,F,20,A,A,A,B,A
4004,5544.0,8.5,0,45,0,F,20,A,A,A,B,A
4004,5545.0,8.5,0,0,0,F,20,A,A,B,B,A
4004,5546.0,16.3,25,0,0,F,20,A,A,B,B,A
4004,5547.0,15.1,0,0,0,F,20,A,A,B,B,B
4004,5548.0,15.1,0,0,0,F,20,A,A,B,C,B
4004,5549.0,8.2,0,45,0,F,20,A,A,B,C,B
4004,5550.0,2.0,45,0,0,F,20,A,A,B,C,B
4004,5551.0,7.5,0,0,0,M,20,A,A,D,D,C
4004,5552.0,8.9,0,0,0,M,20,A,A,D,D,C
4004,5553.0,5.0,30,70,0,M,20,A,A,D,D,C
4004,5554.0,7.5,0,0,0,M,20,A,A,D,D,C
4004,5555.0,7.5,0,0,0,M,20,A,A,D,D,C
4004,5556.0,30.0,0,0,0,M,20,A,A,D,D,C
4004,5557.0,7.5,0,0,0,M,20,A,A,D,D,C
4004,5558.0,7.5,0,0,0,M,20,A,A,D,D,C
4004,5559.0,8.9,50,25,0,M,20,A,A,D,D,C
4004,5560.0,10.7,0,0,0,M,20,A,A,D,D,C
4004,5561.0,31.4,0,0,0,M,20,A,A,D,D,C
4004,5562.0,5.8,0,0,0,M,20,A,A,D,D,C
4004,5563.0,10.1,0,35,0,M,20,A,A,D,E,D
4004,5564.0,30.0,0,0,0,M,20,A,A,D,E,D
4004,5565.0,18.2,0,0,0,M,20,A,A,D,E,D
4004,5566.0,17.9,0,0,0,M,20,A,A,D,E,D
4004,5567.0,30.0,0,0,0,M,20,A,A,D,E,D
4004,5568.0,9.1,0,0,0,M,20,A,A,D,E,E
4004,5569.0,18.6,0,0,10,M,20,A,A,D,E,E
4004,5570.0,8.5,0,0,5,M,20,A,A,D,E,E
4004,5571.0,1.4,10,0,40,M,20,A,A,D,E,E
4004,5572.0,4.0,35,0,0,M,20,A,B,E,E,E
4004,5573.0,14.7,35,0,0,M,20,A,B,E,E,E
4004,5574.0,12.8,50,0,0,M,20,A,C,E,E,E
4004,5575.0,11.7,30,70,30,M,20,A,C,E,E,E
4004,5576.0,18.0,0,0,0,M,20,A,C,E,E,E
4004,5577.0,19.2,50,0,30,M,20,A,C,E,E,E
4004,5578.0,1.4,50,0,0,M,20,A,C,E,E,E
4004,5579.0,17.5,25,0,0,M,20,A,C,E,E,E
4004,5580.0,30.0,0,0,0,M,20,A,C,E,E,E
4004,5581.0,7.5,0,0,0,M,20,A,D,E,E,F
4004,5582.0,11.9,0,25,0,M,20,A,D,E,E,F
4004,5583.0,9.7,10,30,0,M,20,A,D,E,E,F
4004,5584.0,13.3,0,15,0,M,20,A,D,E,E,F
4004,5585.0,2.0,0,0,0,M,20,A,D,E,E,F
1602,5586.0,3.2,10,0,0,F,20,A,A,C,D,B
1602,5587.0,11.7,0,0,30,F,20,A,A,C,D,B
1602,5588.0,17.6,20,0,0,F,20,A,A,C,D,B
1602,5589.0,15.0,0,35,0,F,20,A,A,C,D,B
1602,5590.0,30.0,0,0,0,F,20,A,A,C,D,B
1602,5591.0,4.4,30,5,0,F,20,A,A,C,D,B
1602,5592.0,10.5,0,20,15,F,20,A,A,C,D,B
1602,5593.0,30.5,0,0,0,F,20,A,A,C,D,B
1602,5594.0,7.5,30,0,0,F,20,A,A,D,D,B
1602,5595.0,9.5,0,0,0,F,20,A,A,D,D,B
1602,5596.0,5.0,0,0,0,F,20,A,A,D,D,B
1602,5597.0,2.6,0,0,0,F,20,A,A,D,D,B
1602,5598.0,31.6,0,0,0,F,20,A,A,D,D,B
1602,5599.0,0.0,0,0,0,F,20,A,A,D,D,B
1602,5600.0,2.8,0,45,0,F,20,A,A,D,D,C
1602,5601.0,29.8,0,0,0,F,20,A,A,D,D,C
1602,5602.0,6.0,40,0,0,F,20,A,A,D,D,C
1602,5603.0,14.5,30,60,25,F,20,A,A,D,D,C
1602,5604.0,6.4,20,0,0,F,20,A,A,D,D,C
1602,5605.0,14.5,5,25,10,F,20,A,A,D,E,C
1602,5606.0,26.5,30,5,0,F,20,A,A,D,E,C
1602,5607.0,13.3,25,0,30,F,20,A,A,D,E,C
1602,5608.0,13.5,70,50,0,F,20,A,B,D,E,D
1602,5609.0,23.4,10,45,0,F,20,A,B,E,E,D
1602,5610.0,24.2,0,40,0,F,20,A,B,E,E,D
1602,5611.0,0.0,0,0,0,F,20,A,C,E,E,D
1602,5612.0,19.3,10,65,0,M,20,A,C,E,E,D
1602,5613.0,9.4,0,0,0,M,20,A,D,E,E,D
1602,5614.0,31.5,0,0,0,M,20,A,D,E,E,D
1602,5615.0,18.6,0,0,0,M,20,A,D,E,E,D
1602,5616.0,8.4,75,35,30,M,20,A,D,E,E,E
1602,5617.0,9.5,0,0,0,M,20,A,D,E,E,E
1602,5618.0,20.8,75,0,0,M,20,A,D,F,E,E
1602,5619.0,27.7,10,0,0,M,20,B,D,F,F,F
1602,5620.0,3.6,10,0,30,M,20,E,E,F,F,F
1602,5621.0,8.4,50,0,30,M,20,,,,,
1602,5622.0,2.4,0,0,0,M,20,,,,,
1602,5623.0,7.5,15,0,0,M,20,,,,,
1602,5624.0,15.7,0,0,10,M,20,,,,,
1602,5625.0,29.1,0,0,0,M,20,,,,,
1402,5626.0,20.6,0,0,0,M,20,A,A,D,D,B
1402,5627.0,6.2,0,0,0,M,20,A,A,D,D,B
1402,5628.0,30.3,0,0,0,M,20,A,A,D,D,B
1402,5629.0,18.6,0,0,0,M,20,A,A,D,D,B
1402,5630.0,18.4,0,0,0,M,20,A,A,D,D,B
1402,5631.0,20.4,30,35,10,M,20,A,A,D,D,B
1402,5632.0,23.5,15,30,10,M,20,A,B,D,D,B
1402,5633.0,18.0,10,60,20,M,20,A,B,D,D,C
1402,5634.0,5.0,20,0,10,M,20,A,B,D,D,C
1402,5635.0,7.5,0,15,0,M,20,A,B,E,E,C
1402,5636.0,20.6,0,0,0,M,20,A,D,E,E,D
1402,5637.0,9.5,0,0,0,M,20,A,D,E,E,D
702,5638.0,7.5,15,0,0,F,20,A,A,B,B,A
702,5639.0,17.5,0,0,0,F,20,A,A,B,B,B
702,5640.0,2.4,15,20,15,F,20,A,A,B,B,B
702,5641.0,1.4,10,0,0,F,20,A,A,B,B,B
702,5642.0,19.0,0,0,0,F,20,A,A,C,C,B
702,5643.0,16.9,15,0,0,F,20,A,A,C,C,B
702,5644.0,21.0,0,0,0,F,20,A,A,C,D,B
702,5645.0,9.9,0,0,0,F,20,A,A,D,D,B
702,5646.0,6.6,0,0,0,F,20,A,A,D,D,B
702,5647.0,27.8,0,20,0,F,20,A,A,D,D,B
702,5648.0,0.0,0,20,0,F,20,A,A,D,D,B
702,5649.0,15.0,0,0,10,F,20,A,A,D,D,B
702,5650.0,2.4,30,0,20,F,20,A,A,D,D,C
702,5651.0,4.2,20,20,0,F,20,A,A,D,D,C
702,5652.0,7.4,25,0,0,M,20,A,A,D,D,C
702,5653.0,16.3,30,0,0,M,20,A,B,D,D,C
702,5654.0,30.9,0,0,0,M,20,A,D,E,E,E
702,5655.0,28.9,25,0,0,M,20,A,D,F,E,E
702,5656.0,18.3,25,0,0,M,20,A,D,F,F,F
702,5657.0,11.5,0,0,0,M,20,A,F,F,F,F
702,5658.0,30.9,0,0,0,M,20,,,,,
5401,5659.0,15.0,25,15,0,F,20,A,A,A,B,A
5401,5660.0,6.4,0,0,0,F,20,A,A,B,B,A
5401,5661.0,21.3,20,40,0,F,20,A,A,B,B,A
5401,5662.0,8.5,0,0,0,F,20,A,A,B,B,A
5401,5663.0,19.4,30,15,40,F,20,A,A,B,B,A
5401,5664.0,7.5,0,60,0,F,20,A,A,B,B,A
5401,5665.0,24.6,50,0,0,F,20,A,A,B,B,A
5401,5666.0,12.7,10,5,40,F,20,A,A,B,C,A
5401,5667.0,26.0,40,0,0,F,20,A,A,B,C,A
5401,5668.0,11.2,0,45,20,F,20,A,A,B,C,A
5401,5669.0,27.1,40,45,20,F,20,A,A,B,C,A
5401,5670.0,7.5,25,0,0,F,20,A,A,B,C,A
5401,5671.0,18.7,0,0,0,F,20,A,A,B,C,A
5401,5672.0,17.8,0,0,0,F,20,A,A,B,C,A
5401,5673.0,15.0,0,0,0,F,20,A,A,B,C,A
5401,5674.0,8.5,0,0,10,F,20,A,A,C,C,A
5401,5675.0,15.0,0,40,0,F,20,A,A,C,C,A
5401,5676.0,16.4,0,0,0,F,20,A,A,C,C,A
5401,5677.0,17.6,0,0,0,F,20,A,A,C,C,A
5401,5678.0,15.0,0,10,0,F,20,A,A,C,D,A
5401,5679.0,16.6,0,0,0,F,20,A,A,C,D,A
5401,5680.0,8.9,70,0,10,F,20,A,A,C,D,A
5401,5681.0,21.0,0,0,0,F,20,A,A,C,D,A
5401,5682.0,26.5,40,0,0,F,20,A,A,D,D,C
5401,5683.0,19.4,0,0,0,F,20,A,A,D,D,C
5401,5684.0,7.0,0,0,0,F,20,A,A,D,D,C
5401,5685.0,30.0,0,0,0,F,20,A,A,D,D,C
5401,5686.0,19.4,0,0,0,F,20,A,A,D,D,C
5401,5687.0,3.4,0,0,0,F,20,A,A,D,E,C
5401,5688.0,3.2,0,0,0,F,20,A,A,D,E,C
5401,5689.0,16.3,0,20,0,F,20,A,A,D,E,C
5401,5690.0,19.4,0,0,0,F,20,A,A,D,E,C
5401,5691.0,11.9,0,0,0,F,20,A,A,D,E,C
5401,5692.0,10.4,0,0,0,F,20,A,A,D,E,C
5401,5693.0,11.7,0,0,0,F,20,A,A,D,E,C
5401,5694.0,11.9,0,0,0,F,20,A,A,D,E,C
5401,5695.0,10.1,0,0,0,F,20,A,A,D,E,D
5401,5696.0,18.8,30,0,0,F,20,A,A,D,E,D
5401,5697.0,2.6,10,0,40,M,20,A,B,E,E,D
5401,5698.0,15.3,40,0,0,M,20,A,B,E,E,D
5401,5699.0,30.1,0,0,0,M,20,A,B,E,E,D
5401,5700.0,30.0,0,0,0,M,20,A,B,E,E,D
5401,5701.0,10.4,0,0,0,M,20,A,B,E,E,D
5401,5702.0,7.4,5,0,15,M,20,A,B,E,E,D
5401,5703.0,30.0,0,0,0,M,20,A,B,E,E,E
5401,5704.0,25.5,0,30,0,M,20,A,C,E,E,E
5401,5705.0,12.5,0,30,0,M,33,A,C,E,E,E
5401,5706.0,30.0,0,0,0,M,20,A,D,E,F,E
5401,5707.0,9.5,0,0,5,M,20,A,D,E,F,E
5401,5708.0,22.5,0,40,10,M,20,A,D,E,F,E
5401,5709.0,19.9,10,0,0,M,20,A,D,E,F,E
5401,5710.0,10.1,0,30,15,M,20,A,D,E,F,E
5401,5711.0,32.1,0,0,0,M,20,A,D,E,F,F
5401,5712.0,30.0,0,0,0,M,20,A,D,E,F,F
5401,5713.0,10.7,20,45,5,M,20,A,D,E,F,F
5401,5714.0,13.1,10,15,0,M,20,A,D,E,F,F
5401,5715.0,30.0,0,0,0,M,20,B,D,F,F,F
5401,5716.0,8.5,0,55,0,M,20,B,D,F,F,F
5401,5717.0,30.0,0,0,0,M,20,E,D,F,F,F
5401,5718.0,2.6,0,45,5,M,20,E,D,F,F,F
5401,5719.0,2.6,40,0,10,M,20,E,D,F,F,F
5401,5720.0,30.6,0,0,0,M,20,E,F,F,F,G
5401,5721.0,17.0,0,0,0,M,20,E,F,F,F,G
5401,5722.0,12.5,30,0,0,M,20,,,,,
5401,5723.0,19.4,0,0,0,M,20,,,,,
5401,5724.0,21.5,35,10,30,M,20,,,,,
5401,5725.0,18.4,0,0,0,M,20,,,,,
5401,5726.0,31.6,0,0,0,M,20,,,,,
5401,5727.0,5.4,0,25,0,M,20,,,,,
5401,5728.0,7.5,0,0,0,M,20,,,,,
5401,5729.0,9.5,0,0,10,M,20,,,,,
3502,5730.0,4.4,55,30,0,F,20,A,A,A,B,A
3502,5731.0,10.7,0,0,0,F,20,A,A,B,B,A
3502,5732.0,10.7,0,0,0,F,20,A,A,B,B,A
3502,5733.0,7.5,0,0,0,F,20,A,A,B,B,A
3502,5734.0,30.0,20,0,0,F,20,A,A,B,C,A
3502,5735.0,9.1,0,0,0,F,20,A,A,B,C,A
3502,5736.0,7.5,0,0,0,F,20,A,A,C,C,B
3502,5737.0,7.5,0,0,0,F,20,A,A,C,C,B
3502,5738.0,7.5,0,0,0,F,20,A,A,C,C,B
3502,5739.0,7.5,0,0,0,F,20,A,A,C,C,B
3502,5740.0,15.0,0,30,0,F,20,A,A,C,C,B
3502,5741.0,7.5,0,0,0,F,20,A,A,C,D,B
3502,5742.0,7.5,0,0,0,F,20,A,A,D,D,B
3502,5743.0,7.5,0,0,0,F,20,A,A,D,D,B
3502,5744.0,7.5,0,0,0,F,20,A,A,D,D,B
3502,5745.0,0.0,0,20,20,M,20,A,A,D,D,B
3502,5746.0,7.5,0,0,0,M,20,A,A,D,D,B
3502,5747.0,16.5,5,0,0,M,20,A,A,D,D,B
3502,5748.0,26.4,25,0,0,M,20,A,A,D,D,B
3502,5749.0,7.5,0,0,0,M,20,A,A,D,D,C
3502,5750.0,7.5,0,0,0,M,20,A,A,D,D,C
3502,5751.0,7.5,0,0,0,M,20,A,A,D,D,C
3502,5752.0,19.6,0,0,0,M,20,A,B,D,D,C
3502,5753.0,7.5,0,0,0,M,20,A,B,D,D,C
3502,5754.0,15.0,30,0,0,M,20,A,B,D,E,C
3502,5755.0,7.5,0,0,0,M,20,A,B,D,E,C
3502,5756.0,15.0,50,0,0,M,20,A,B,E,E,C
3502,5757.0,10.5,0,0,0,M,20,A,B,E,E,C
3502,5758.0,6.0,20,0,10,M,20,A,D,E,E,D
3502,5759.0,15.5,0,20,0,M,20,A,D,E,E,D
3502,5760.0,7.5,0,0,0,M,20,B,D,E,F,E
3502,5761.0,7.5,0,0,0,M,20,B,D,E,F,E
3502,5762.0,7.5,0,0,0,M,20,C,D,E,F,E
3502,5763.0,7.5,20,55,20,M,20,C,D,F,F,F
3502,5764.0,18.3,0,0,0,M,20,E,D,F,F,F
3502,5765.0,7.5,20,0,0,M,20,,,,,
3502,5766.0,11.1,0,20,20,M,20,,,,,
702,5767.0,30.0,0,0,10,F,20,A,A,A,B,A
702,5768.0,19.8,0,0,0,F,20,A,A,B,B,B
702,5769.0,14.3,0,20,0,F,20,A,A,B,B,B
702,5770.0,7.5,20,0,0,F,20,A,A,B,B,B
702,5771.0,19.8,0,40,30,F,20,A,A,B,C,B
702,5772.0,9.2,0,0,0,F,20,A,A,B,C,B
702,5773.0,10.8,0,0,0,F,20,A,A,B,C,B
702,5774.0,21.6,0,60,0,F,20,A,A,C,C,B
702,5775.0,7.5,0,0,0,F,20,A,A,C,C,B
702,5776.0,7.5,0,0,0,F,20,A,A,C,D,B
702,5777.0,7.5,0,0,0,F,20,A,A,D,D,C
702,5778.0,7.5,0,0,0,F,20,A,A,D,D,C
702,5779.0,7.5,0,0,0,M,20,A,A,D,D,C
702,5780.0,42.4,10,0,0,M,20,A,A,D,D,C
702,5781.0,7.5,0,0,0,M,20,A,A,D,D,C
702,5782.0,7.5,0,0,20,M,20,A,A,D,D,C
702,5783.0,7.5,0,0,20,M,20,A,A,D,D,C
702,5784.0,10.1,0,0,5,M,20,A,A,D,D,D
1602,5785.0,12.0,0,35,0,F,20,A,A,B,C,A
1602,5786.0,9.5,10,0,0,F,20,A,A,B,C,A
1602,5787.0,13.5,10,15,0,F,20,A,A,B,C,A
1602,5788.0,7.5,0,0,0,F,20,A,A,C,C,B
1602,5789.0,7.5,0,0,0,F,20,A,A,C,C,B
1602,5790.0,2.6,0,20,0,F,20,A,A,C,C,B
1602,5791.0,25.8,0,30,0,F,20,A,A,C,C,B
1602,5792.0,0.0,25,0,0,F,20,A,A,C,C,B
1602,5793.0,17.4,0,0,30,F,20,A,A,C,C,B
1602,5794.0,18.9,25,0,0,F,20,A,A,D,D,B
1602,5795.0,11.9,20,15,30,F,20,A,A,D,D,B
1602,5796.0,7.5,20,0,0,F,20,A,A,D,D,B
1602,5797.0,8.2,50,0,40,F,20,A,A,D,D,B
1602,5798.0,14.1,30,0,20,F,20,A,A,D,D,B
1602,5799.0,7.5,0,0,0,F,20,A,B,D,D,B
1602,5800.0,7.5,0,0,0,F,20,A,B,D,D,B
1602,5801.0,3.2,0,0,0,F,20,A,B,D,D,B
1602,5802.0,6.2,50,45,10,F,20,A,B,D,D,B
1602,5803.0,16.3,40,45,25,F,20,A,B,D,D,B
1602,5804.0,6.8,35,50,15,F,20,A,C,D,D,B
1602,5805.0,16.5,70,30,10,F,20,A,C,D,D,C
1602,5806.0,7.5,0,0,0,M,20,A,C,D,E,C
1602,5807.0,17.1,0,0,0,M,20,A,D,D,E,C
1602,5808.0,17.1,0,0,0,M,20,A,D,D,E,C
1602,5809.0,10.7,0,0,0,M,20,A,D,D,E,C
1602,5810.0,12.3,75,45,0,M,20,A,D,D,E,C
1602,5811.0,24.4,60,0,0,M,20,,,,,
1602,5812.0,0.0,0,0,0,M,20,,,,,
1602,5813.0,0.0,0,0,0,M,20,,,,,
3502,5814.0,0.0,0,0,0,F,20,A,A,A,A,A
3502,5815.0,0.0,0,0,0,F,20,A,A,A,A,A
3502,5816.0,0.0,0,0,0,F,20,A,A,B,B,A
3502,5817.0,0.0,0,0,0,F,20,A,A,B,C,B
3502,5818.0,23.0,0,0,0,F,20,A,A,B,D,B
3502,5819.0,25.7,0,0,40,F,20,A,A,C,D,B
3502,5820.0,0.0,0,0,0,F,20,A,A,C,D,B
3502,5821.0,0.0,0,0,0,M,20,A,A,D,D,B
3502,5822.0,0.0,0,0,0,M,20,A,A,D,D,B
3502,5823.0,23.6,15,40,10,M,20,A,A,D,D,B
3502,5824.0,31.9,0,0,0,M,20,A,B,D,E,B
3502,5825.0,11.2,0,0,0,M,20,A,D,D,E,C
3502,5826.0,0.0,0,0,0,M,20,A,D,D,E,C
3502,5827.0,32.0,0,0,0,M,20,A,D,D,E,C
3502,5828.0,7.6,0,0,0,M,20,A,D,D,E,C
1402,5829.0,7.5,25,0,0,F,20,A,A,B,B,A
1402,5830.0,13.3,20,35,5,F,20,A,A,B,C,B
1402,5831.0,0.0,0,0,0,F,20,A,A,C,D,B
1402,5832.0,11.1,0,0,0,M,20,A,B,D,E,C
1402,5833.0,23.8,30,15,20,M,20,A,D,D,E,C
1402,5834.0,0.0,0,0,0,M,20,A,D,D,F,C
1402,5835.0,13.1,20,30,10,M,20,A,D,D,F,C
1402,5836.0,2.6,35,0,0,M,20,B,D,F,F,C
702,5837.0,0.0,0,0,0,F,20,A,A,A,A,A
702,5838.0,7.0,0,60,20,F,20,A,A,B,A,A
702,5839.0,0.0,0,0,0,F,20,A,A,B,A,A
702,5840.0,12.7,0,0,0,F,20,A,A,B,B,A
702,5841.0,0.0,0,0,0,F,20,A,A,B,B,A
702,5842.0,0.0,0,0,0,F,20,A,A,B,B,A
702,5843.0,0.0,0,0,0,F,20,A,A,B,B,A
702,5844.0,17.5,0,0,25,F,20,A,A,B,B,A
702,5845.0,17.6,0,0,0,F,20,A,A,B,B,A
702,5846.0,16.3,0,0,15,F,20,A,A,B,B,A
702,5847.0,0.0,0,0,0,F,20,A,A,B,B,A
702,5848.0,0.0,0,0,0,F,20,A,A,B,C,A
702,5849.0,0.0,0,0,0,F,20,A,A,B,C,A
702,5850.0,0.0,0,0,0,F,20,A,A,B,C,A
702,5851.0,22.3,0,0,0,M,20,A,A,B,C,B
702,5852.0,18.4,20,5,0,M,20,A,A,B,C,B
702,5853.0,0.0,0,0,0,M,20,A,B,C,C,B
702,5854.0,18.7,0,0,0,M,20,A,B,C,C,B
702,5855.0,0.0,0,0,0,M,20,A,B,C,D,B
702,5856.0,0.0,0,0,0,M,20,A,B,C,D,B
702,5857.0,6.4,20,0,10,M,20,A,B,C,D,B
702,5858.0,11.1,50,20,5,M,20,A,D,D,D,B
702,5859.0,0.0,0,0,0,M,20,A,D,D,E,C
702,5860.0,17.6,0,30,0,M,20,A,D,D,E,D
702,5861.0,15.0,0,0,0,M,20,A,D,E,E,D
702,5862.0,0.0,0,0,0,M,20,A,D,E,F,E
2001,5863.0,0.0,45,0,0,F,20,A,A,A,B,A
2001,5864.0,0.0,0,0,0,F,20,A,A,A,B,A
2001,5865.0,0.0,0,0,0,F,20,A,A,A,B,A
2001,5866.0,0.0,0,0,0,F,20,A,A,A,B,A
2001,5867.0,0.0,0,0,0,F,20,A,A,B,B,A
2001,5868.0,0.0,0,0,0,F,20,A,A,B,B,A
2001,5869.0,25.8,0,50,0,F,20,A,A,B,B,A
2001,5870.0,0.0,0,0,0,F,20,A,A,B,B,A
2001,5871.0,32.9,0,60,15,F,20,A,A,B,B,A
2001,5872.0,9.7,0,0,0,F,20,A,A,B,B,A
2001,5873.0,0.0,0,0,0,F,20,A,A,B,B,A
2001,5874.0,0.0,0,0,0,F,20,A,A,B,B,A
2001,5875.0,0.0,0,0,0,F,20,A,A,B,B,A
2001,5876.0,7.5,0,15,10,F,20,A,A,B,B,A
2001,5877.0,40.9,25,0,0,F,20,A,A,B,B,A
2001,5878.0,0.0,0,0,0,F,20,A,A,B,B,B
2001,5879.0,0.0,0,0,0,F,20,A,B,C,C,B
2001,5880.0,22.2,20,45,10,F,20,A,B,C,D,B
2001,5881.0,0.0,0,0,0,F,20,A,B,C,D,B
2001,5882.0,0.0,0,0,0,F,20,A,B,C,D,B
1502,5883.0,0.0,0,0,0,F,20,A,A,B,B,A
1502,5884.0,1.0,25,35,10,F,20,A,A,B,B,B
1502,5885.0,1.6,20,40,5,F,20,A,A,B,B,B
1502,5886.0,0.0,0,0,0,F,20,A,A,B,C,B
1502,5887.0,16.0,0,0,40,F,20,A,A,B,C,B
1502,5888.0,10.9,0,0,0,F,20,A,A,C,C,B
1502,5889.0,0.0,0,0,0,F,20,A,B,C,D,B
1502,5890.0,0.0,0,0,0,F,20,A,B,D,D,B
1502,5891.0,0.0,0,0,0,F,20,A,B,D,D,B
1502,5892.0,11.5,25,15,30,F,20,A,C,D,D,B
1502,5893.0,0.0,0,0,0,F,20,A,C,D,D,B
1502,5894.0,0.0,0,0,0,F,20,A,D,D,D,B
1502,5895.0,0.0,0,0,0,F,20,A,D,D,E,C
1502,5896.0,8.8,30,60,0,M,20,A,D,D,E,C
1502,5897.0,17.3,30,60,0,M,20,A,D,D,E,C
1502,5898.0,0.0,0,0,0,M,20,A,D,D,E,C
1502,5899.0,12.1,10,15,15,M,20,A,D,D,E,D
1502,5900.0,11.9,0,10,20,M,20,A,D,E,F,D
1502,5901.0,17.0,0,0,15,M,20,B,D,E,F,D
1502,5902.0,8.2,0,0,0,M,20,B,D,F,F,E
1502,5903.0,12.2,40,0,30,M,20,B,F,F,F,F
4004,5904.0,30.3,25,0,0,F,20,A,A,B,A,A
4004,5905.0,31.9,0,0,0,F,20,A,A,B,B,A
4004,5906.0,3.8,0,40,10,F,20,A,A,B,C,B
4004,5907.0,22.5,0,0,0,F,20,A,A,B,C,B
4004,5908.0,18.0,0,0,0,M,20,A,A,C,D,B
4004,5909.0,11.3,0,45,0,M,20,A,A,C,D,C
4004,5910.0,8.4,10,10,0,M,20,A,A,C,D,C
4004,5911.0,20.3,0,0,0,M,20,A,A,C,D,C
4004,5912.0,14.3,15,0,40,M,20,A,A,C,D,C
4004,5913.0,23.5,0,0,0,M,20,A,A,C,D,C
4004,5914.0,24.5,55,0,0,M,20,A,A,D,D,C
4004,5915.0,22.5,0,0,0,M,20,A,A,D,D,C
4004,5916.0,8.5,0,0,20,M,20,A,A,D,D,D
4004,5917.0,4.6,0,0,0,M,20,A,A,D,E,D
4004,5918.0,12.5,0,35,0,M,20,A,A,D,E,D
4004,5919.0,2.0,0,0,0,M,20,A,A,D,E,D
4004,5920.0,5.0,0,20,0,M,20,A,A,D,E,D
4004,5921.0,11.3,0,0,0,M,20,A,B,D,E,D
4004,5922.0,0.0,0,30,0,M,20,A,B,E,E,D
4004,5923.0,3.2,50,5,0,M,20,A,D,E,F,E
4004,5924.0,17.0,15,0,20,M,20,A,D,E,F,E
4004,5925.0,22.5,0,0,0,M,20,A,D,E,F,E
4004,5926.0,26.0,50,0,0,M,20,A,D,F,F,E
4004,5927.0,22.5,0,0,0,M,20,A,D,F,F,F
4004,5928.0,22.5,0,0,0,M,20,A,D,F,F,F
4004,5929.0,22.5,0,0,0,M,20,A,D,F,F,F
4004,5930.0,27.5,35,5,0,M,20,B,F,F,F,G
3502,5931.0,18.8,15,0,10,F,20,A,A,A,B,A
3502,5932.0,22.5,0,0,0,F,20,A,A,A,B,A
3502,5933.0,12.1,50,20,0,F,20,A,A,B,B,B
3502,5934.0,4.4,0,0,0,F,20,A,A,B,B,B
3502,5935.0,16.4,40,0,0,F,20,A,A,B,B,B
3502,5936.0,8.5,15,5,0,F,20,A,A,C,C,B
3502,5937.0,21.5,35,45,0,F,20,A,A,D,D,B
3502,5938.0,22.5,0,0,0,F,20,A,A,D,D,B
3502,5939.0,0.0,30,0,0,F,20,A,A,D,D,C
3502,5940.0,13.5,0,30,0,F,20,A,A,D,D,C
3502,5941.0,16.7,0,0,40,F,20,A,A,D,E,C
3502,5942.0,22.5,0,0,0,F,20,A,A,D,E,D
3502,5943.0,22.5,0,0,0,F,20,A,A,D,E,D
3502,5944.0,21.8,0,0,0,F,20,A,B,E,E,D
3502,5945.0,22.5,0,0,0,M,20,B,D,F,F,F
3502,5946.0,15.0,0,20,0,M,20,,,,,
3502,5947.0,9.5,20,10,0,M,20,,,,,
3502,5948.0,15.3,75,30,0,M,20,,,,,
3502,5949.0,10.7,0,50,0,M,20,,,,,
3502,5950.0,25.8,25,25,0,M,20,,,,,
3502,5951.0,15.0,25,5,20,M,20,,,,,
3502,5952.0,22.5,0,0,0,M,20,,,,,
3502,5953.0,17.2,0,35,0,M,20,,,,,
3502,5954.0,15.0,25,15,10,M,20,,,,,
3502,5955.0,22.5,0,0,0,M,20,,,,,
3502,5956.0,17.5,60,40,0,M,20,,,,,
3502,5957.0,22.5,0,0,0,M,20,,,,,
3502,5958.0,33.9,0,0,0,M,20,,,,,
702,5959.0,18.0,0,0,0,F,20,A,A,B,B,B
702,5960.0,15.0,50,0,0,F,20,A,A,B,B,B
702,5961.0,0.0,0,30,0,F,20,A,A,C,C,B
702,5962.0,12.5,10,25,0,F,20,A,A,D,C,B
702,5963.0,13.5,25,10,25,F,20,A,A,D,C,B
702,5964.0,22.5,0,0,0,F,20,A,A,D,D,B
702,5965.0,17.0,55,50,5,F,20,A,A,D,D,C
702,5966.0,18.0,0,0,0,F,20,A,A,D,D,C
702,5967.0,17.0,10,15,10,F,20,A,A,D,D,C
702,5968.0,15.0,0,0,50,F,20,A,A,D,D,C
702,5969.0,14.5,30,15,10,F,20,A,A,D,D,C
702,5970.0,32.4,0,0,0,F,20,A,A,D,D,C
702,5971.0,13.5,0,0,30,M,20,A,A,D,D,D
1501,5972.0,10.5,15,55,10,F,20,A,A,D,E,C
1501,5973.0,22.5,0,0,0,F,20,A,B,D,E,C
1501,5974.0,22.5,0,0,0,F,20,A,B,D,E,C
1501,5975.0,7.5,20,0,80,F,20,A,C,D,E,D
1501,5976.0,11.3,0,75,0,F,20,A,C,D,E,D
1501,5977.0,22.5,0,0,0,M,20,,,,,
1501,5978.0,2.0,10,35,20,M,20,,,,,
1501,5979.0,4.8,0,0,0,M,20,,,,,
1501,5980.0,8.5,0,0,0,M,20,,,,,
1501,5981.0,14.7,35,0,20,M,20,,,,,
1501,5982.0,7.5,0,0,0,M,20,,,,,
1501,5983.0,14.3,25,0,40,M,20,,,,,
1501,5984.0,11.8,0,0,0,M,20,,,,,
1402,5985.0,6.4,0,50,30,F,20,A,A,A,B,A
1402,5986.0,9.9,10,5,0,F,20,A,A,B,B,A
1402,5987.0,8.4,0,0,0,M,20,A,A,B,C,A
1402,5988.0,30.0,20,0,0,M,20,A,A,B,C,B
1402,5989.0,4.2,0,0,0,M,20,A,A,B,C,B
1402,5990.0,14.5,0,50,0,M,20,A,A,C,C,B
1402,5991.0,9.6,25,0,0,M,20,A,A,D,D,B
1402,5992.0,16.5,30,5,10,M,20,A,A,D,D,C
1402,5993.0,17.0,25,0,15,M,20,A,A,D,D,C
1402,5994.0,14.3,25,10,0,M,20,A,A,D,D,C
1402,5995.0,20.8,0,0,0,M,20,A,A,D,D,C
1402,5996.0,21.0,0,0,0,M,20,A,A,D,D,C
1402,5997.0,8.4,0,0,0,M,20,A,B,D,D,C
1402,5998.0,20.2,25,0,0,M,20,A,D,E,D,C
1402,5999.0,10.1,10,45,0,M,20,A,D,E,E,C
1402,6000.0,7.5,0,0,30,M,20,A,D,E,E,D
3002,6001.0,5.0,0,0,0,F,20,A,A,A,A,A
3002,6002.0,4.4,30,20,0,F,20,A,A,A,B,A
3002,6003.0,0.0,0,0,5,F,20,A,A,A,B,B
3002,6004.0,15.0,0,0,55,F,20,A,A,B,B,B
3002,6005.0,12.9,0,35,0,F,20,A,A,B,B,B
3002,6006.0,0.0,0,5,0,F,20,A,A,B,B,B
3002,6007.0,7.5,30,0,0,F,20,A,A,B,C,B
3002,6008.0,7.5,45,60,0,F,20,A,A,B,C,B
3002,6009.0,9.5,10,70,10,F,20,A,A,C,C,B
3002,6010.0,11.9,0,0,0,F,20,A,A,C,C,B
3002,6011.0,22.6,0,15,50,F,20,A,A,C,C,B
3002,6012.0,18.4,0,0,0,F,20,A,A,C,C,B
3002,6013.0,0.0,0,5,0,M,20,A,A,D,D,B
3002,6014.0,18.6,0,0,0,M,20,A,A,D,D,C
3002,6015.0,17.0,0,10,0,M,20,A,B,D,D,C
3002,6016.0,4.8,0,0,0,M,20,B,D,E,F,D
3002,6017.0,23.4,25,30,0,M,20,C,D,E,F,D
3002,6018.0,7.5,40,65,0,M,34,D,D,E,F,E
3002,6019.0,19.3,0,0,25,M,20,,,,,
3002,6020.0,13.6,0,0,40,M,20,,,,,
3002,6021.0,11.9,0,0,0,M,20,,,,,
1602,6022.0,22.0,0,0,0,F,20,A,A,C,D,B
1602,6023.0,7.5,0,20,10,F,20,A,A,C,D,B
1602,6024.0,8.5,0,0,0,F,20,A,A,C,D,B
1602,6025.0,11.9,30,45,0,F,20,A,A,C,D,B
1602,6026.0,7.5,55,40,10,F,20,A,A,C,D,B
1602,6027.0,7.5,0,0,30,F,20,A,A,C,D,B
1602,6028.0,10.9,0,0,0,F,20,A,A,D,D,C
1602,6029.0,27.0,15,30,5,F,20,A,A,D,D,C
1602,6030.0,22.5,0,0,0,F,20,A,A,D,D,C
1602,6031.0,23.5,0,0,0,F,20,A,A,D,E,C
1602,6032.0,14.5,0,30,0,F,20,A,A,D,E,C
1602,6033.0,9.0,0,0,0,M,20,A,A,D,E,C
1602,6034.0,22.5,0,0,0,M,20,A,A,D,E,C
1602,6035.0,10.9,0,0,0,M,20,A,A,D,E,D
1602,6036.0,18.2,0,20,0,M,20,A,A,D,E,D
1602,6037.0,15.0,0,25,0,M,20,A,A,D,E,D
1602,6038.0,21.4,0,0,0,M,20,A,B,E,E,D
1602,6039.0,9.0,0,0,0,M,20,A,B,E,E,D
1602,6040.0,19.0,0,0,0,M,20,A,B,E,F,D
1602,6041.0,15.9,10,30,10,M,20,A,D,E,F,E
1602,6042.0,21.2,0,0,0,M,20,A,D,E,F,E
1602,6043.0,10.5,25,15,15,M,20,A,D,E,F,E
1602,6044.0,9.1,0,0,0,M,20,A,D,E,F,E
1602,6045.0,7.5,0,0,50,M,20,A,D,E,F,F
1602,6046.0,22.5,40,0,40,M,20,A,D,F,F,F
1602,6047.0,22.5,0,0,0,M,20,A,F,F,F,F
1602,6048.0,13.9,0,0,0,M,20,A,F,F,F,G
5402,6049.0,17.2,0,20,0,F,20,A,A,A,B,A
5402,6050.0,10.5,30,0,0,F,20,A,A,C,D,B
5402,6051.0,18.8,0,0,0,F,20,A,A,C,D,C
5402,6052.0,13.3,35,20,10,F,20,A,A,C,D,C
5402,6053.0,12.7,50,0,20,F,20,A,A,D,D,C
5402,6054.0,1.0,0,0,0,F,20,A,A,D,D,C
5402,6055.0,30.0,30,0,0,F,20,A,A,D,D,C
5402,6056.0,10.1,15,0,0,F,20,A,A,D,D,C
5402,6057.0,14.5,0,30,0,F,20,A,A,E,D,C
5402,6058.0,1.0,0,0,0,F,20,A,A,E,E,C
5402,6059.0,15.0,0,0,0,F,20,A,B,E,E,D
5402,6060.0,18.7,0,25,0,F,20,A,B,E,E,D
5402,6061.0,5.4,0,0,0,F,20,A,B,E,F,D
5402,6062.0,10.0,15,0,0,F,20,A,B,F,F,E
5402,6063.0,9.9,25,0,0,F,20,C,D,F,F,E
5402,6064.0,7.2,0,0,0,F,20,E,D,F,F,F
5402,6065.0,17.3,10,0,30,M,20,,,,,
5402,6066.0,1.0,0,0,0,M,20,,,,,
2402,6067.0,11.5,15,45,20,F,20,A,A,B,A,A
2402,6068.0,8.5,10,15,0,F,20,A,A,B,B,A
2402,6069.0,9.1,0,0,0,F,20,A,A,B,B,A
2402,6070.0,1.0,0,0,0,F,20,A,A,B,B,A
2402,6071.0,16.3,0,15,0,F,20,A,A,B,B,A
2402,6072.0,16.0,30,0,20,F,20,A,A,B,B,A
2402,6073.0,16.0,0,50,0,F,20,A,A,B,B,A
2402,6074.0,22.5,30,50,0,F,20,A,A,B,B,A
2402,6075.0,22.0,0,5,5,F,20,A,A,C,C,B
2402,6076.0,6.4,30,0,10,F,20,A,A,C,C,B
2402,6077.0,12.1,35,30,10,F,20,A,A,C,C,B
2402,6078.0,7.5,0,0,0,F,20,A,A,C,C,B
2402,6079.0,22.8,0,0,0,F,20,A,A,C,C,B
2402,6080.0,2.4,15,40,15,F,20,A,A,C,C,B
2402,6081.0,7.5,0,25,0,F,20,A,A,C,C,B
2402,6082.0,7.5,0,0,0,F,20,A,A,C,D,B
2402,6083.0,24.2,75,0,0,F,20,A,A,D,D,B
2402,6084.0,1.6,0,0,0,F,20,A,A,D,D,B
2402,6085.0,2.6,60,0,10,F,20,A,A,D,D,B
2402,6086.0,7.5,0,0,0,F,20,A,A,D,D,B
2402,6087.0,7.5,0,0,0,F,20,A,A,D,D,B
2402,6088.0,5.6,80,50,65,F,20,A,A,D,D,B
2402,6089.0,5.8,0,0,0,F,20,A,A,D,D,B
2402,6090.0,9.5,0,0,0,F,20,A,A,D,D,B
2402,6091.0,7.5,0,0,0,F,20,A,A,D,D,B
2402,6092.0,7.5,0,0,0,F,20,A,A,D,D,B
2402,6093.0,7.5,0,0,0,F,20,A,A,D,D,B
2402,6094.0,9.5,20,0,0,F,20,A,A,D,D,B
2402,6095.0,1.4,0,0,0,F,20,A,A,D,D,B
2402,6096.0,5.6,0,0,0,M,20,A,A,D,D,C
2402,6097.0,7.5,0,0,0,M,20,A,A,D,D,C
2402,6098.0,19.2,0,0,0,M,20,A,A,D,D,C
2402,6099.0,22.5,0,35,30,M,20,A,A,D,D,C
2402,6100.0,12.3,20,10,25,M,20,A,A,D,D,C
2402,6101.0,20.6,10,0,10,M,20,A,A,D,D,C
2402,6102.0,17.0,0,0,15,M,20,A,A,D,D,C
2402,6103.0,0.0,0,0,10,M,20,A,A,D,D,C
2402,6104.0,9.5,0,0,0,M,20,A,A,D,E,C
2402,6105.0,7.5,0,0,0,M,20,A,A,E,E,C
2402,6106.0,23.0,0,0,0,M,20,A,A,E,E,C
2402,6107.0,8.6,35,35,30,M,20,A,A,E,E,C
2402,6108.0,24.2,70,0,0,M,20,A,B,E,E,C
2402,6109.0,7.5,0,0,0,M,20,A,B,E,E,D
2402,6110.0,11.3,0,0,0,M,20,A,B,E,E,D
2402,6111.0,7.5,0,0,0,M,20,A,B,E,E,D
2402,6112.0,27.5,50,0,0,M,20,A,B,E,E,D
2402,6113.0,19.2,0,0,0,M,20,A,B,E,E,D
2402,6114.0,9.4,0,0,0,M,20,A,C,E,F,D
2402,6115.0,14.1,0,40,10,M,20,A,D,E,F,D
2402,6116.0,30.0,0,25,0,M,20,A,D,E,F,E
2402,6117.0,11.9,30,60,0,M,20,A,D,E,F,E
2402,6118.0,19.4,0,0,0,M,20,A,D,E,F,E
2402,6119.0,11.1,0,0,0,M,20,A,D,E,F,E
2402,6120.0,7.5,5,15,15,M,20,A,D,E,F,E
2402,6121.0,14.9,35,0,0,M,20,A,D,E,F,E
2402,6122.0,7.5,0,0,0,M,20,A,D,E,F,E
2402,6123.0,7.5,0,0,0,M,20,A,D,E,F,E
2402,6124.0,19.0,0,0,25,M,20,A,D,F,F,E
2402,6125.0,9.5,0,0,0,M,20,A,D,F,F,E
2402,6126.0,7.5,0,0,0,M,20,B,D,F,F,F
2402,6127.0,7.5,0,0,0,M,20,C,D,F,F,F
2402,6128.0,7.5,0,0,0,M,20,E,D,F,F,F
2402,6129.0,7.5,0,0,0,M,20,,,,,
2402,6130.0,7.5,0,0,0,M,20,,,,,
2402,6131.0,19.1,0,0,0,M,20,,,,,
2402,6132.0,7.5,35,0,0,M,20,,,,,
2402,6133.0,17.0,0,15,30,M,20,,,,,
2402,6134.0,12.1,5,0,0,M,20,,,,,
2402,6135.0,14.9,15,25,20,M,20,,,,,
2402,6136.0,7.5,10,10,15,M,20,,,,,
2402,6137.0,17.0,15,30,0,M,20,,,,,
2402,6138.0,23.8,0,0,0,M,20,,,,,
2402,6139.0,0.0,0,10,0,M,20,,,,,
2402,6140.0,9.5,0,0,0,M,20,,,,,
2402,6141.0,5.6,0,0,0,M,20,,,,,
2402,6142.0,3.8,0,60,0,M,20,,,,,
2402,6143.0,9.5,0,0,0,M,20,,,,,
2402,6144.0,0.0,70,15,0,M,20,,,,,
2402,6145.0,10.1,40,45,5,M,20,,,,,
2402,6146.0,7.5,35,0,0,M,20,,,,,
2402,6147.0,17.0,20,0,25,M,20,,,,,
2402,6148.0,7.5,0,0,0,M,20,,,,,
2402,6149.0,13.3,40,30,0,M,20,,,,,
2402,6150.0,7.5,0,0,0,M,20,,,,,
4004,6151.0,19.2,0,0,0,M,20,A,A,D,D,B
4004,6152.0,5.8,30,45,15,M,20,A,A,D,D,B
4004,6153.0,7.5,0,0,0,M,20,A,A,D,D,B
4004,6154.0,9.5,35,30,0,M,20,A,A,D,D,B
4004,6155.0,0.0,0,10,0,M,20,A,A,D,D,C
4004,6156.0,0.0,30,15,40,M,20,A,A,D,E,C
4004,6157.0,7.5,0,0,0,M,20,A,A,D,E,C
4004,6158.0,9.5,0,0,0,M,20,A,A,E,E,C
4004,6159.0,21.0,25,0,0,M,20,A,A,E,E,C
4004,6160.0,31.0,0,10,0,M,20,A,A,E,E,D
4004,6161.0,23.3,0,45,15,M,20,A,A,E,E,D
4004,6162.0,15.1,80,20,15,M,20,A,A,E,E,D
4004,6163.0,19.4,0,0,0,M,20,A,A,E,E,D
4004,6164.0,7.5,0,0,0,M,20,A,A,E,E,D
4004,6165.0,4.8,0,30,0,M,20,A,A,E,E,D
4004,6166.0,0.0,10,0,0,M,20,A,A,E,E,D
4004,6167.0,11.8,50,0,30,M,20,A,A,E,E,E
4004,6168.0,0.0,0,0,10,M,20,A,C,E,E,E
4004,6169.0,7.5,15,0,20,M,20,A,D,E,F,E
4004,6170.0,18.4,15,0,20,M,20,A,D,E,F,F
4004,6171.0,21.6,0,0,0,M,20,A,D,E,F,F
4004,6172.0,14.5,55,0,0,M,20,A,F,F,F,F
4004,6173.0,11.9,0,0,5,M,20,A,F,F,F,F
4004,6174.0,28.3,20,5,20,M,20,,,,,
3202,6175.0,19.6,0,15,0,F,20,A,A,B,B,A
3202,6176.0,7.5,0,0,0,F,20,A,A,B,B,B
3202,6177.0,14.6,10,60,50,F,20,A,A,B,B,B
3202,6178.0,0.0,0,0,10,F,20,A,A,B,C,B
3202,6179.0,12.5,0,0,0,F,20,A,A,B,C,B
3202,6180.0,1.6,0,0,0,F,20,A,A,B,C,B
3202,6181.0,17.0,50,65,5,F,20,A,A,B,C,B
3202,6182.0,12.7,0,0,0,F,20,A,A,C,C,B
3202,6183.0,7.0,10,0,30,M,20,A,A,C,D,B
3202,6184.0,0.0,0,0,10,M,20,A,A,C,D,B
3202,6185.0,2.0,0,0,0,M,20,A,A,C,D,B
3202,6186.0,10.9,15,0,0,M,20,A,A,C,D,B
3202,6187.0,17.9,0,20,0,M,20,A,A,C,E,C
3202,6188.0,2.0,0,0,0,M,20,A,A,D,E,C
3202,6189.0,17.4,0,30,0,M,20,A,A,D,E,C
3202,6190.0,18.0,75,25,0,M,20,A,A,D,E,C
3202,6191.0,19.8,30,0,0,M,20,A,A,D,E,C
3202,6192.0,22.2,0,0,0,M,20,A,B,D,E,C
3202,6193.0,4.0,70,45,20,M,20,B,B,D,E,C
3202,6194.0,3.6,0,0,0,M,20,C,C,D,E,D
3202,6195.0,21.0,0,0,0,M,20,E,C,E,F,D
3202,6196.0,7.5,0,40,0,M,20,E,D,E,F,D
3202,6197.0,17.1,0,25,0,M,20,E,D,F,F,E
3202,6198.0,22.0,0,0,0,M,20,E,F,F,F,E
4301,6199.0,8.5,5,5,20,F,20,A,A,A,A,A
4301,6200.0,24.1,0,0,0,F,20,A,A,C,C,B
4301,6201.0,10.9,15,0,0,F,20,A,A,D,C,B
4301,6202.0,15.0,30,30,0,M,20,A,A,D,D,B
4301,6203.0,17.5,30,0,0,M,20,A,B,E,D,D
4301,6204.0,33.4,0,0,0,M,20,A,B,E,E,D
4301,6205.0,0.0,0,0,0,M,20,A,C,E,E,E
4301,6206.0,11.5,0,0,0,M,20,B,D,E,E,E
4301,6207.0,0.0,0,0,0,M,20,B,D,E,E,F
4301,6208.0,34.9,0,0,0,M,20,B,D,E,F,F
4301,6209.0,0.0,0,0,0,M,20,B,F,F,F,F
3202,6210.0,16.0,30,0,25,M,20,,,,,
2001,6211.0,27.3,0,50,0,F,20,A,A,A,A,A
2001,6212.0,7.5,0,30,50,F,20,A,A,A,B,A
2001,6213.0,20.8,0,0,0,F,20,A,A,D,D,D
2001,6214.0,0.0,0,0,0,F,20,A,A,D,D,D
2001,6215.0,30.9,30,0,0,F,20,A,A,D,D,D
2001,6216.0,18.6,20,15,0,F,20,A,A,D,D,D
2001,6217.0,7.5,70,30,10,F,20,A,A,D,D,D
2001,6218.0,6.4,20,15,10,F,20,A,A,D,D,D
2001,6219.0,15.5,55,30,30,F,20,A,A,D,D,D
2001,6220.0,15.0,0,30,0,F,20,A,A,D,D,D
2001,6221.0,5.0,35,10,10,F,20,A,A,D,D,D
2001,6222.0,12.8,50,90,10,F,20,A,A,D,D,D
2001,6223.0,7.5,20,15,5,F,20,A,A,D,D,D
2001,6224.0,19.4,25,0,0,F,20,A,A,D,D,D
2001,6225.0,7.5,20,0,20,F,20,A,A,D,D,D
2001,6226.0,18.6,0,25,0,F,20,A,A,D,D,D
2001,6227.0,13.1,0,0,0,F,20,A,A,D,E,D
2001,6228.0,0.0,0,0,0,F,20,A,A,D,E,D
2001,6229.0,16.0,30,5,20,F,20,A,A,D,E,D
2001,6230.0,8.5,30,0,0,F,20,A,A,D,E,D
2001,6231.0,20.7,20,0,5,F,20,A,A,D,E,E
2001,6232.0,8.1,10,0,0,F,20,A,A,D,E,E
2001,6233.0,9.9,0,0,0,F,20,B,A,D,E,E
2001,6234.0,8.0,20,10,5,F,20,B,A,D,E,E
2001,6235.0,16.0,10,45,0,F,20,B,A,D,E,E
2001,6236.0,2.0,40,30,5,F,20,B,B,E,F,E
2001,6237.0,7.5,0,40,0,F,20,B,B,E,F,E
2001,6238.0,10.5,40,50,0,F,20,B,B,E,F,E
2001,6239.0,22.5,0,0,10,F,20,B,C,E,F,E
2001,6240.0,11.5,40,45,0,F,20,B,C,E,F,E
2001,6241.0,8.4,0,20,10,F,20,B,D,E,F,E
2001,6242.0,2.0,0,0,0,F,20,B,D,E,F,E
2001,6243.0,7.5,0,0,0,F,20,B,D,E,F,E
2001,6244.0,6.4,0,0,0,F,20,B,D,E,F,E
2001,6245.0,22.5,0,0,0,F,20,B,D,E,F,F
2001,6246.0,18.7,25,0,0,F,20,B,D,E,F,F
2001,6247.0,4.6,20,0,40,F,20,B,D,F,F,F
2001,6248.0,9.4,30,45,25,F,20,D,F,F,F,F
2001,6249.0,13.5,50,15,10,M,20,E,F,F,F,F
3502,6250.0,22.5,0,0,0,F,20,A,A,A,B,A
3502,6251.0,22.5,0,0,0,F,20,A,A,B,B,A
3502,6252.0,32.8,0,0,20,F,20,A,A,B,B,B
3502,6253.0,7.5,50,0,65,F,20,A,A,B,B,B
3502,6254.0,5.4,30,0,25,F,20,A,A,B,C,B
3502,6255.0,15.0,0,0,0,F,20,A,A,B,C,B
3502,6256.0,22.5,0,0,0,F,20,A,A,B,C,B
3502,6257.0,5.6,0,20,10,F,20,A,A,C,C,B
3502,6258.0,16.5,20,35,0,M,20,A,A,C,C,B
3502,6259.0,22.5,0,0,0,M,20,A,A,C,D,B
3502,6260.0,7.5,50,0,65,M,20,A,A,C,D,B
3502,6261.0,8.5,0,0,0,M,20,A,A,C,D,B
3502,6262.0,2.2,0,0,0,M,20,A,A,C,D,B
3502,6263.0,22.5,0,0,0,M,20,A,A,C,D,B
3502,6264.0,22.5,0,0,0,M,20,A,A,C,D,B
3502,6265.0,22.5,0,0,0,M,20,A,B,D,D,C
3502,6266.0,22.5,0,0,0,M,20,A,D,D,D,C
3502,6267.0,22.5,0,0,0,M,20,A,D,D,D,C
3502,6268.0,10.1,0,0,0,M,20,,,,,
702,6269.0,17.2,20,20,10,F,20,A,A,A,A,B
702,6270.0,18.1,20,5,20,F,20,A,A,B,B,B
702,6271.0,15.0,0,0,0,F,20,A,A,B,B,B
702,6272.0,7.8,40,0,0,F,20,A,A,B,B,B
702,6273.0,15.0,0,0,0,F,20,A,A,B,B,B
702,6274.0,22.5,0,0,0,F,20,A,A,C,C,B
702,6275.0,22.5,0,0,0,F,20,A,A,C,C,C
702,6276.0,17.0,0,20,0,F,20,A,A,C,C,C
702,6277.0,30.9,0,25,0,F,20,A,A,C,C,C
702,6278.0,22.5,0,0,0,F,20,A,A,C,C,C
702,6279.0,8.5,10,0,25,M,20,A,A,D,C,C
702,6280.0,22.5,0,0,0,M,20,A,A,D,D,C
702,6281.0,8.2,100,80,5,M,20,A,A,D,D,D
702,6282.0,4.2,0,0,0,M,20,A,A,D,D,D
702,6283.0,15.0,0,0,0,M,20,A,A,D,E,D
702,6284.0,15.0,0,0,0,M,20,A,A,D,E,D
702,6285.0,20.0,0,0,0,M,20,A,A,D,E,D
702,6286.0,26.5,0,0,0,M,20,A,D,E,F,E
1601,6287.0,15.0,0,0,0,F,20,A,A,B,B,A
1601,6288.0,22.5,0,0,0,F,20,A,A,B,B,A
1601,6289.0,22.5,0,0,0,F,20,A,A,C,D,B
1601,6290.0,22.5,0,0,0,F,20,A,A,C,D,B
1601,6291.0,22.5,0,0,0,F,20,A,A,C,D,B
1601,6292.0,18.9,0,25,0,F,20,A,A,D,D,C
1601,6293.0,10.1,0,0,0,F,20,A,A,D,D,C
1601,6294.0,22.5,0,0,0,F,20,A,A,D,D,C
1601,6295.0,17.2,10,0,40,F,20,A,A,D,E,D
1601,6296.0,13.9,20,0,50,F,20,A,A,D,E,D
1601,6297.0,18.6,15,25,0,F,20,A,A,E,E,D
1601,6298.0,9.1,20,10,0,F,20,A,A,E,E,E
1601,6299.0,21.4,25,50,20,F,20,A,A,F,E,E
1601,6300.0,12.3,10,0,0,M,20,A,A,F,F,E
1601,6301.0,28.2,30,10,10,M,20,A,A,F,F,E
1601,6302.0,29.2,25,0,0,M,20,A,A,F,F,E
1601,6303.0,13.1,0,45,0,M,20,A,A,F,F,F
1601,6304.0,6.4,0,0,0,M,20,A,A,F,F,F
4004,6305.0,22.5,0,0,0,F,20,A,A,B,C,B
4004,6306.0,6.6,30,45,15,M,20,A,A,B,D,D
4004,6307.0,19.1,5,15,15,M,20,A,A,C,D,D
4004,6308.0,22.5,0,0,0,M,20,A,A,C,D,D
4004,6309.0,15.0,0,0,0,M,20,A,A,D,D,D
4004,6310.0,20.0,0,0,0,M,20,A,A,D,D,E
4004,6311.0,8.5,0,0,0,M,20,A,A,D,D,E
4004,6312.0,18.0,25,5,15,M,20,A,A,D,D,E
4004,6313.0,13.9,10,30,0,M,20,A,A,D,D,E
4004,6314.0,22.5,0,0,0,M,20,A,A,D,E,E
4004,6315.0,22.5,0,0,0,M,20,A,A,D,E,E
4004,6316.0,20.0,0,0,0,M,20,A,A,E,E,E
4004,6317.0,14.9,0,50,0,M,20,A,A,E,E,E
4004,6318.0,18.6,10,0,30,M,20,A,A,E,E,E
4004,6319.0,10.3,10,0,10,M,20,A,A,E,E,E
4004,6320.0,22.5,0,0,0,M,20,A,A,E,E,F
4004,6321.0,22.5,0,0,0,M,20,A,A,E,E,F
4004,6322.0,7.2,0,70,15,M,20,A,A,E,E,F
4004,6323.0,8.5,30,45,0,M,20,A,A,E,E,F
4004,6324.0,4.2,75,30,0,M,20,A,A,E,E,F
4004,6325.0,22.5,0,0,0,M,20,A,A,E,E,F
4004,6326.0,22.6,0,0,0,M,20,A,A,E,E,F
4004,6327.0,10.1,0,0,0,M,20,A,A,E,E,F
4004,6328.0,11.3,10,5,0,M,20,A,B,F,F,F
4004,6329.0,22.5,0,0,0,M,20,A,C,F,F,F
4004,6330.0,22.5,0,0,0,M,20,A,C,F,F,G
4004,6331.0,22.5,0,0,0,M,20,A,C,F,F,G
4004,6332.0,22.5,0,0,0,M,20,A,C,F,F,G
4004,6333.0,22.5,0,0,0,M,20,A,D,F,F,G
4004,6334.0,22.5,0,0,0,M,20,A,F,F,F,G
4004,6335.0,22.5,0,0,0,M,20,,,,,
4004,6336.0,10.3,20,0,0,M,20,,,,,
4004,6337.0,27.4,10,35,10,M,20,,,,,
4004,6338.0,16.0,0,0,30,M,20,,,,,
3202,6339.0,8.8,0,0,0,F,20,A,A,B,B,A
3202,6340.0,8.8,0,0,0,F,20,A,A,B,B,A
3202,6341.0,17.6,0,50,0,F,20,A,A,B,D,B
3202,6342.0,1.0,0,40,0,F,20,A,A,D,D,B
3202,6343.0,17.3,30,0,20,M,20,A,B,D,D,B
3202,6344.0,25.1,0,0,0,M,20,A,B,D,D,B
3202,6345.0,27.8,50,30,50,M,20,A,D,D,D,B
3202,6346.0,16.7,0,15,25,M,20,A,D,D,D,B
3202,6347.0,5.6,20,10,25,M,20,A,D,D,E,C
3202,6348.0,33.2,0,0,10,M,20,C,D,E,F,D
2001,6349.0,10.5,0,0,0,F,20,A,A,B,B,A
2001,6350.0,22.9,0,0,0,F,20,A,A,B,B,A
2001,6351.0,10.5,0,0,0,F,20,A,B,C,C,A
2001,6352.0,10.5,0,0,0,F,20,A,D,C,C,A
2001,6353.0,22.8,0,0,0,F,20,A,D,C,D,A
2001,6354.0,2.6,55,0,0,F,20,A,D,C,D,A
2001,6355.0,23.9,0,0,0,F,20,A,D,D,D,B
2001,6356.0,10.1,0,55,15,F,20,A,D,D,D,B
2001,6357.0,11.5,0,60,0,F,20,B,D,D,D,B
2001,6358.0,10.5,0,0,0,F,20,B,D,D,E,B
2001,6359.0,12.3,0,0,0,F,20,B,D,D,E,B
2001,6360.0,11.5,50,35,5,F,20,B,D,D,E,B
2001,6361.0,12.7,10,0,0,F,20,B,D,D,E,C
2001,6362.0,8.4,0,15,0,F,20,E,F,F,F,D
2001,6363.0,11.4,100,0,65,F,20,,,,,
2402,6364.0,20.4,0,0,0,F,20,A,A,A,B,A
2402,6365.0,35.7,0,0,0,F,20,A,A,B,B,A
2402,6366.0,14.7,55,0,0,F,20,A,A,B,B,A
2402,6367.0,22.7,0,0,0,F,20,A,A,B,B,A
2402,6368.0,12.7,10,0,0,F,20,A,A,B,B,A
2402,6369.0,2.6,0,0,0,F,20,A,A,B,B,A
2402,6370.0,19.4,20,0,15,F,20,A,A,B,B,A
2402,6371.0,23.0,0,15,0,F,20,A,A,B,C,A
2402,6372.0,24.9,0,0,0,F,20,A,A,B,C,A
2402,6373.0,20.4,50,35,20,F,20,A,A,B,C,A
2402,6374.0,17.6,50,0,0,F,20,A,A,B,C,A
2402,6375.0,12.3,40,45,0,F,20,A,A,B,C,A
2402,6376.0,7.0,0,0,0,F,20,A,A,B,C,A
2402,6377.0,18.5,55,30,15,F,20,A,A,C,C,A
2402,6378.0,24.3,55,15,0,F,20,A,A,C,D,A
2402,6379.0,17.0,15,35,5,F,20,A,A,C,D,A
2402,6380.0,2.0,0,5,0,F,20,A,A,C,D,A
2402,6381.0,10.6,60,45,65,F,20,A,A,C,D,A
2402,6382.0,12.9,30,30,20,F,20,A,A,C,D,A
2402,6383.0,16.7,20,15,20,F,20,A,A,C,D,B
2402,6384.0,10.6,0,0,0,F,20,A,A,C,D,B
2402,6385.0,30.8,0,15,10,F,20,A,A,C,D,B
2402,6386.0,25.2,10,30,15,F,20,A,A,C,D,B
2402,6387.0,18.8,15,10,15,F,20,A,A,C,D,B
2402,6388.0,26.5,15,30,20,F,20,A,A,C,D,B
2402,6389.0,22.5,20,35,35,F,20,A,A,C,D,B
2402,6390.0,2.6,0,30,0,F,20,A,A,C,D,B
2402,6391.0,15.0,0,35,0,F,20,A,B,C,D,B
2402,6392.0,22.8,0,0,0,M,20,A,B,C,D,B
2402,6393.0,19.0,0,10,0,M,20,A,B,D,D,B
2402,6394.0,7.5,10,65,0,M,20,A,B,D,D,B
2402,6395.0,15.0,0,65,0,M,20,A,B,D,D,B
2402,6396.0,19.9,20,0,0,M,20,A,B,D,D,B
2402,6397.0,7.2,10,10,25,M,20,A,B,D,D,B
2402,6398.0,8.9,20,0,15,M,20,A,B,D,D,B
2402,6399.0,28.6,20,30,0,M,20,A,B,D,D,B
2402,6400.0,14.9,10,35,20,M,20,A,B,D,D,B
2402,6401.0,9.5,15,5,10,M,20,A,B,D,D,B
2402,6402.0,13.3,0,5,0,M,20,A,C,D,D,B
2402,6403.0,10.6,35,60,0,M,20,A,D,D,D,B
2402,6404.0,15.0,30,5,30,M,20,A,D,D,D,B
2402,6405.0,25.0,0,25,40,M,20,A,D,D,E,B
2402,6406.0,7.5,0,0,0,M,20,A,D,D,E,B
2402,6407.0,7.5,0,0,0,M,20,A,D,D,E,C
2402,6408.0,7.5,0,0,0,M,20,A,D,E,E,C
2402,6409.0,7.5,0,0,0,M,20,A,D,E,E,C
2402,6410.0,7.5,0,0,0,M,20,A,D,E,E,C
2402,6411.0,19.8,15,5,15,M,20,A,D,E,E,D
2402,6412.0,30.3,40,0,0,M,20,A,D,E,E,D
2402,6413.0,7.5,0,0,0,M,20,A,D,E,E,D
2402,6414.0,7.5,0,0,0,M,20,A,D,E,E,D
2402,6415.0,6.0,0,20,0,M,20,A,D,E,E,E
2402,6416.0,7.5,0,0,0,M,20,B,D,E,F,E
702,6417.0,10.9,0,0,0,M,20,A,A,C,D,A
702,6418.0,7.5,0,0,0,M,20,A,A,C,D,A
702,6419.0,7.4,0,0,0,M,20,A,B,C,D,B
702,6420.0,7.5,0,0,0,M,20,A,B,D,D,B
702,6421.0,7.5,0,0,0,M,20,A,B,D,D,B
702,6422.0,7.5,0,0,0,M,20,A,B,D,D,B
702,6423.0,7.5,0,0,0,M,20,A,C,D,D,B
702,6424.0,7.5,0,0,0,M,20,A,D,D,D,B
702,6425.0,7.5,0,0,0,M,20,B,D,D,E,B
702,6426.0,18.4,0,15,0,M,20,B,D,D,E,B
702,6427.0,7.5,0,0,0,M,20,B,D,E,F,B
702,6428.0,7.5,0,0,0,M,20,B,D,E,F,C
702,6429.0,29.7,10,25,10,M,20,B,D,F,F,D
702,6430.0,9.1,0,25,0,M,20,C,D,F,F,E
702,6431.0,7.5,0,0,0,M,20,,,,,
702,6432.0,20.0,0,0,5,M,20,,,,,
702,6433.0,0.6,0,45,0,M,20,,,,,
702,6434.0,14.4,65,45,40,M,20,,,,,
702,6435.0,7.5,0,0,0,M,20,,,,,
1402,6436.0,7.5,0,0,0,F,20,A,A,B,B,B
1402,6437.0,34.0,0,0,0,F,20,A,A,B,B,B
1402,6438.0,7.5,0,0,0,F,20,A,D,C,D,C
1402,6439.0,11.1,0,0,0,F,20,A,D,D,D,C
1402,6440.0,0.0,20,0,0,M,20,A,D,D,E,C
1402,6441.0,19.4,10,25,5,M,20,A,D,D,E,C
1402,6442.0,7.5,0,0,0,M,20,A,D,D,E,E
1402,6443.0,15.6,0,0,0,M,20,A,F,F,F,E
1402,6444.0,37.5,0,0,0,M,20,A,F,F,F,E
1402,6445.0,15.9,0,40,0,M,20,,,,,
4004,6446.0,10.1,0,80,0,F,20,A,A,B,C,A
4004,6447.0,7.5,0,0,0,F,20,A,A,C,D,B
4004,6448.0,7.5,0,0,0,F,20,A,A,C,D,B
4004,6449.0,7.5,55,20,15,F,20,A,A,C,D,B
4004,6450.0,26.4,25,0,40,F,20,A,A,D,D,B
4004,6451.0,7.5,0,0,0,F,20,A,A,D,D,B
4004,6452.0,23.2,0,0,0,F,20,A,A,D,D,B
4004,6453.0,23.4,0,0,0,F,20,A,A,D,D,B
4004,6454.0,7.5,0,0,0,F,20,A,A,D,D,C
4004,6455.0,7.5,25,0,20,M,20,A,A,D,D,C
4004,6456.0,19.8,35,0,0,M,20,A,A,D,D,C
4004,6457.0,7.5,0,0,0,M,20,A,A,D,D,C
4004,6458.0,15.3,100,30,10,M,20,A,A,D,D,C
4004,6459.0,11.1,10,0,10,M,20,A,A,D,D,C
4004,6460.0,0.0,0,0,20,M,20,A,A,D,D,C
4004,6461.0,25.2,0,0,0,M,20,A,A,D,D,C
4004,6462.0,22.5,20,0,0,M,20,A,A,D,D,D
4004,6463.0,12.7,20,60,5,M,20,A,A,D,E,D
4004,6464.0,2.6,0,5,0,M,20,A,A,D,E,D
4004,6465.0,4.2,0,60,10,M,20,A,A,D,E,D
4004,6466.0,22.5,20,0,0,M,20,A,A,D,E,D
4004,6467.0,7.5,0,0,0,M,20,A,A,E,E,D
4004,6468.0,8.5,30,0,10,M,20,A,A,E,E,D
4004,6469.0,21.4,50,30,20,M,20,A,A,E,E,D
4004,6470.0,7.5,0,0,0,M,20,A,A,E,E,D
4004,6471.0,3.2,20,45,10,M,20,A,A,E,E,E
4004,6472.0,8.4,50,0,0,M,20,A,A,E,E,E
4004,6473.0,7.5,0,0,0,M,20,A,A,E,E,E
4004,6474.0,7.5,0,0,0,M,20,A,A,E,E,E
4004,6475.0,15.4,0,35,0,M,20,A,A,E,E,E
4004,6476.0,17.6,0,45,65,M,20,A,A,E,E,E
4004,6477.0,7.5,0,0,0,M,20,A,A,E,E,E
4004,6478.0,7.5,0,0,0,M,20,A,A,E,E,E
4004,6479.0,7.5,0,0,0,M,20,A,A,E,E,E
4004,6480.0,28.8,0,20,20,M,20,A,A,E,E,E
4004,6481.0,7.5,0,0,0,M,20,A,A,E,E,E
4004,6482.0,7.5,0,0,0,M,20,A,D,E,F,F
4004,6483.0,7.5,0,0,0,M,20,A,D,E,F,F
4004,6484.0,7.5,0,0,0,M,20,A,D,E,F,F
4004,6485.0,12.3,35,20,0,M,20,A,D,E,F,F
4004,6486.0,7.5,0,0,0,M,20,A,D,E,F,F
4004,6487.0,7.5,0,0,0,M,20,A,D,E,F,F
4004,6488.0,7.5,0,0,0,M,20,A,D,E,F,F
4004,6489.0,7.5,0,0,0,M,20,A,D,F,F,F
4004,6490.0,7.5,0,0,0,M,20,A,D,F,F,F
4004,6491.0,7.5,0,0,0,M,20,A,D,F,F,F
4004,6492.0,7.5,0,0,0,M,20,A,D,F,F,F
4004,6493.0,3.6,25,0,0,M,20,A,D,F,F,F
4004,6494.0,18.0,0,20,0,M,20,A,D,F,F,F
4004,6495.0,7.5,0,0,0,M,20,A,D,F,F,F
4004,6496.0,7.5,0,0,0,M,20,A,D,F,F,F
4004,6497.0,8.5,10,30,0,M,20,A,F,F,F,F
4004,6498.0,7.5,0,0,0,M,20,,,,,
1502,6499.0,7.5,0,0,0,F,20,A,A,C,C,B
1502,6500.0,34.0,0,0,0,F,20,A,A,C,C,B
1502,6501.0,7.5,0,0,0,F,20,A,A,D,D,B
1502,6502.0,7.5,0,0,0,F,20,A,B,D,D,B
1502,6503.0,17.7,15,15,20,F,20,A,D,D,D,B
1502,6504.0,7.5,20,25,0,F,20,A,D,D,D,B
1502,6505.0,11.3,0,0,20,M,20,A,D,D,D,B
1502,6506.0,7.8,25,0,20,M,20,A,D,D,D,C
1502,6507.0,7.5,0,0,0,M,20,A,D,D,D,C
1502,6508.0,7.5,0,0,0,M,20,A,D,D,D,C
1502,6509.0,7.5,0,0,0,M,20,A,D,E,E,C
1502,6510.0,7.5,0,0,0,M,20,B,D,E,F,E
1502,6511.0,7.5,0,0,0,M,20,B,D,F,F,E
1502,6512.0,7.5,0,0,0,M,20,B,D,F,F,F
1502,6513.0,7.5,0,0,0,M,20,,,,,
1602,6514.0,8.5,0,0,40,F,20,A,A,A,B,A
1602,6515.0,7.5,0,0,0,F,20,A,B,D,D,B
1602,6516.0,7.5,0,0,0,F,20,A,B,D,D,B
1602,6517.0,7.5,0,0,0,F,20,A,D,E,D,B
1602,6518.0,7.5,0,0,0,F,20,A,D,E,E,C
1602,6519.0,7.5,0,0,0,F,20,A,D,E,E,D
1602,6520.0,7.5,0,0,0,M,20,A,D,E,E,D
1602,6521.0,7.5,0,0,0,M,20,A,D,F,E,E
1602,6522.0,3.0,0,0,0,M,20,,,,,
1602,6523.0,17.0,0,0,0,M,20,,,,,
3001,6524.0,7.5,0,0,0,F,20,A,A,A,A,A
3001,6525.0,7.5,0,0,0,F,20,A,A,B,B,A
3001,6526.0,7.5,0,0,0,F,20,A,A,B,B,A
3001,6527.0,34.0,0,0,0,M,20,A,A,B,B,B
3001,6528.0,7.5,0,0,0,M,20,A,A,C,C,B
3001,6529.0,7.5,0,35,10,M,20,A,A,C,C,B
3001,6530.0,24.5,5,0,0,M,20,A,A,D,D,B
3001,6531.0,1.6,10,0,0,M,20,A,A,D,D,C
3001,6532.0,19.8,25,0,10,M,20,A,A,D,D,C
3001,6533.0,11.1,20,0,0,M,20,A,A,D,E,C
3001,6534.0,20.1,10,80,20,M,20,A,A,D,E,D
3001,6535.0,10.7,15,10,0,M,20,E,F,F,F,D
3001,6536.0,0.0,30,35,30,M,20,,,,,
2402,6537.0,3.6,0,0,0,F,20,A,A,B,B,A
2402,6538.0,1.0,0,0,0,F,20,A,A,B,B,A
2402,6539.0,22.5,0,0,0,F,20,A,A,B,B,B
2402,6540.0,22.5,0,0,0,F,20,A,A,B,B,B
2402,6541.0,13.2,40,0,45,F,20,A,A,B,B,B
2402,6542.0,5.8,0,10,0,M,20,A,A,B,C,B
2402,6543.0,17.2,0,0,0,M,20,A,A,C,D,B
2402,6544.0,22.5,0,0,0,M,20,A,A,C,D,B
2402,6545.0,22.5,0,0,0,M,20,A,B,C,D,B
2402,6546.0,14.5,0,0,0,M,20,A,D,D,D,C
2402,6547.0,11.2,0,0,0,M,20,A,D,D,D,C
2402,6548.0,31.9,0,20,0,M,20,A,D,D,E,E
702,6549.0,18.1,0,20,0,F,20,A,A,B,B,A
702,6550.0,23.5,0,0,0,F,20,A,A,B,B,B
702,6551.0,31.0,0,40,0,F,20,A,A,B,B,B
702,6552.0,32.7,0,25,0,M,20,B,A,C,C,B
702,6553.0,21.0,0,25,0,M,20,B,A,C,C,B
702,6554.0,16.7,60,0,0,M,20,B,A,C,C,B
702,6555.0,10.9,15,0,10,M,20,B,A,D,C,B
702,6556.0,6.4,75,25,0,M,20,B,B,D,D,B
702,6557.0,22.5,0,0,0,M,20,C,B,D,E,C
702,6558.0,12.4,0,15,50,M,20,D,F,E,E,C
904,6559.0,19.2,0,30,0,F,20,A,A,B,B,A
904,6560.0,5.2,75,30,0,F,20,A,A,B,B,A
904,6561.0,47.8,0,0,0,F,20,A,A,B,B,A
904,6562.0,0.0,15,55,30,F,20,A,A,B,B,A
904,6563.0,10.1,10,20,0,F,20,A,A,B,C,A
904,6564.0,3.6,0,0,0,F,20,A,A,C,C,A
904,6565.0,16.3,0,0,0,F,20,A,A,C,C,A
904,6566.0,23.8,0,0,0,F,20,A,A,C,C,B
904,6567.0,23.8,0,0,0,F,20,A,A,C,C,B
904,6568.0,45.7,0,15,0,F,20,A,A,C,D,B
904,6569.0,23.8,0,0,0,F,20,A,A,C,D,B
904,6570.0,11.5,0,0,0,F,20,A,A,D,D,B
904,6571.0,7.5,0,0,15,F,20,A,A,D,D,B
904,6572.0,33.9,10,0,10,F,20,A,A,D,D,B
904,6573.0,12.3,10,60,20,F,20,B,A,D,D,B
904,6574.0,19.6,25,5,10,F,20,B,A,D,D,C
904,6575.0,16.1,0,0,0,F,20,B,A,E,D,C
904,6576.0,10.3,0,0,30,M,20,B,A,E,D,C
904,6577.0,13.1,50,10,25,M,20,E,A,E,E,D
904,6578.0,14.7,30,45,0,M,20,E,B,E,E,D
904,6579.0,2.2,10,0,0,M,20,E,B,E,E,D
904,6580.0,15.4,20,45,5,M,20,E,D,E,E,D
904,6581.0,12.5,0,15,0,M,20,E,D,F,E,E
904,6582.0,11.1,20,5,0,M,20,,,,,
904,6583.0,22.5,0,0,0,M,20,,,,,
2501,6584.0,4.6,0,20,0,F,20,A,A,A,A,A
2501,6585.0,13.5,10,0,0,F,20,A,A,B,A,A
2501,6586.0,13.5,0,0,10,F,20,A,A,B,B,A
2501,6587.0,0.0,50,45,5,F,20,A,A,B,B,A
2501,6588.0,13.3,0,0,0,F,20,A,A,C,B,A
2501,6589.0,9.5,20,15,0,F,20,A,A,C,C,A
2501,6590.0,2.4,0,35,0,M,20,,,,,
905,6591.0,7.8,0,0,0,F,20,A,A,B,B,A
905,6592.0,9.5,0,0,0,F,20,A,A,B,B,A
905,6593.0,16.0,10,15,40,F,20,A,A,B,C,A
905,6594.0,11.3,0,0,0,M,20,B,D,F,F,E
905,6595.0,11.2,0,0,0,M,20,,,,,
906,6596.0,9.6,0,25,0,F,20,A,A,A,A,A
906,6597.0,23.0,0,60,15,F,20,A,A,A,B,A
906,6598.0,14.5,30,45,0,F,20,A,A,A,B,A
906,6599.0,21.8,90,0,10,F,20,A,A,B,B,A
906,6600.0,16.0,0,0,0,F,20,A,A,B,B,A
906,6601.0,21.4,90,0,15,F,20,A,A,B,B,B
906,6602.0,1.6,0,0,0,F,20,A,A,B,B,B
906,6603.0,11.5,0,0,0,M,20,B,A,D,D,C
906,6604.0,5.4,15,0,0,M,20,E,D,E,F,E
2402,6605.0,12.1,25,0,0,F,20,A,A,A,B,A
2402,6606.0,8.9,30,0,10,F,20,A,A,A,B,A
2402,6607.0,9.1,15,5,20,F,20,A,A,B,B,A
2402,6608.0,0.0,20,0,5,F,20,A,A,B,C,B
2402,6609.0,17.6,20,5,30,F,20,A,A,C,C,B
2402,6610.0,19.7,20,75,20,F,20,A,A,C,C,B
2402,6611.0,6.6,20,25,10,F,20,A,A,C,C,B
2402,6612.0,0.0,25,0,0,F,20,A,A,C,C,B
2402,6613.0,11.1,25,0,0,F,20,A,A,C,C,B
2402,6614.0,10.1,0,0,0,F,20,A,A,C,D,B
2402,6615.0,18.6,0,20,0,F,20,A,A,C,D,C
2402,6616.0,10.1,0,25,0,F,20,A,A,C,D,C
2402,6617.0,7.5,0,0,0,F,20,A,A,C,D,C
2402,6618.0,15.0,0,0,0,F,20,A,A,D,D,C
2402,6619.0,23.0,10,0,10,F,20,A,A,D,D,C
2402,6620.0,15.0,0,0,0,M,20,A,A,D,D,C
2402,6621.0,15.0,0,0,0,M,20,C,D,D,F,E
2402,6622.0,15.0,0,0,0,M,20,C,F,F,F,F
2402,6623.0,15.0,0,0,0,M,20,,,,,
1602,6624.0,11.7,0,0,0,F,20,A,A,B,B,A
1602,6625.0,15.0,0,0,0,F,20,A,A,B,B,A
1602,6626.0,15.0,0,0,0,F,20,A,A,B,B,A
1602,6627.0,15.0,0,0,0,F,20,A,A,C,B,A
1602,6628.0,13.5,10,10,0,F,20,A,A,C,B,B
1602,6629.0,16.5,0,0,0,F,20,A,A,C,B,B
1602,6630.0,16.1,20,45,0,F,20,A,A,C,B,B
1602,6631.0,7.5,0,0,0,F,20,A,A,C,C,B
1602,6632.0,9.5,0,15,0,F,20,A,A,C,C,B
1602,6633.0,32.0,0,20,0,F,20,A,A,C,D,B
1602,6634.0,3.8,0,0,0,F,20,A,A,C,D,B
1602,6635.0,15.0,0,0,0,F,20,A,A,C,D,B
1602,6636.0,15.0,0,0,0,F,20,A,A,D,D,D
1602,6637.0,11.7,0,0,0,F,20,A,A,D,E,D
1602,6638.0,13.6,0,0,0,F,20,A,A,D,E,D
1602,6639.0,15.0,0,0,0,F,20,A,B,D,E,D
1602,6640.0,14.7,35,10,0,M,20,A,D,D,E,D
1602,6641.0,8.4,20,15,10,M,20,B,D,E,F,E
1602,6642.0,8.2,0,0,0,M,20,E,F,E,F,F
1602,6643.0,14.7,0,45,0,M,20,,,,,
1602,6644.0,13.1,30,0,0,M,20,,,,,
1602,6645.0,13.5,0,0,0,M,20,,,,,
1602,6646.0,15.0,0,0,0,M,20,,,,,
1602,6647.0,15.0,0,0,0,M,20,,,,,
4004,6648.0,15.0,0,0,0,M,20,A,A,B,B,B
4004,6649.0,7.5,0,0,0,M,20,A,A,B,B,C
4004,6650.0,15.0,0,0,0,M,20,A,A,B,C,C
4004,6651.0,22.5,0,0,10,M,20,A,A,D,D,D
4004,6652.0,15.0,0,0,0,M,20,A,A,D,D,E
4004,6653.0,16.5,0,0,0,M,20,A,A,D,D,E
4004,6654.0,15.0,0,0,0,M,20,A,A,D,D,E
4004,6655.0,15.0,0,0,0,M,20,A,A,D,D,E
4004,6656.0,15.0,0,0,0,M,20,A,A,D,D,E
4004,6657.0,11.7,25,65,5,M,20,A,A,D,D,E
4004,6658.0,15.0,0,0,0,M,20,A,A,D,D,E
4004,6659.0,9.5,0,15,0,M,20,A,A,D,D,E
4004,6660.0,7.5,0,0,0,M,20,A,A,D,D,E
4004,6661.0,18.6,0,20,0,M,20,A,A,D,D,E
4004,6662.0,15.0,0,0,0,M,20,A,A,E,E,E
4004,6663.0,15.0,0,0,0,M,20,E,F,F,F,F
4004,6664.0,15.0,0,0,0,M,20,E,F,F,F,G
4004,6665.0,15.0,0,0,0,M,20,,,,,
4004,6666.0,15.0,0,0,0,M,20,,,,,
702,6667.0,7.5,0,50,0,F,20,A,A,B,B,B
702,6668.0,15.0,0,0,0,F,20,A,A,B,B,B
702,6669.0,15.0,0,0,0,M,20,,,,,
2402,6670.0,15.0,0,0,0,F,20,A,A,A,A,A
2402,6671.0,15.0,0,0,0,F,20,A,A,B,B,A
2402,6672.0,15.0,0,0,0,F,20,A,A,B,B,A
2402,6673.0,15.0,0,0,0,F,20,A,A,B,B,B
2402,6674.0,15.0,0,0,0,F,20,A,A,B,B,B
2402,6675.0,15.0,0,0,0,F,20,A,A,B,B,B
2402,6676.0,15.0,0,0,0,F,20,A,A,B,B,C
2402,6677.0,15.0,0,0,0,F,20,A,A,B,C,C
2402,6678.0,21.8,5,5,20,F,20,A,A,C,C,C
2402,6679.0,15.0,0,0,0,F,20,A,A,D,D,D
2402,6680.0,17.3,0,30,0,M,20,A,A,D,D,D
2402,6681.0,15.0,0,0,0,M,20,A,A,D,D,D
2402,6682.0,15.0,0,0,0,M,20,,,,,
2402,6683.0,15.0,0,0,0,M,20,,,,,
2402,6684.0,15.0,0,0,0,M,20,,,,,
2402,6685.0,7.5,15,35,0,M,20,,,,,
2402,6686.0,15.0,0,0,0,M,20,,,,,
3202,6687.0,11.9,0,0,0,F,20,A,A,B,C,B
3202,6688.0,7.5,0,0,0,F,20,A,A,B,C,B
3202,6689.0,15.0,0,0,0,F,20,A,A,B,C,B
3202,6690.0,11.9,0,0,0,F,20,A,A,B,C,B
5402,6691.0,15.0,0,0,0,F,20,A,A,A,D,B
5402,6692.0,15.0,0,0,0,F,20,A,A,C,D,B
5402,6693.0,15.0,0,0,0,M,20,A,A,D,E,B
5402,6694.0,18.6,40,0,10,M,20,A,A,D,E,C
3502,6695.0,15.0,0,0,0,F,20,A,A,A,A,A
3502,6696.0,15.0,0,0,0,F,20,A,A,B,B,A
3502,6697.0,15.0,0,0,0,F,20,A,A,B,B,A
3502,6698.0,15.0,0,0,0,F,20,A,A,B,B,B
3502,6699.0,11.1,20,60,20,F,20,A,A,B,B,B
3502,6700.0,15.0,0,0,0,F,20,A,A,B,B,B
3502,6701.0,15.0,0,0,0,F,20,A,A,B,B,B
3502,6702.0,15.0,0,0,0,F,20,A,A,C,C,B
3502,6703.0,11.9,0,0,0,F,20,A,A,C,C,B
3502,6704.0,15.0,0,0,0,F,20,A,A,C,C,B
3502,6705.0,9.8,0,0,0,F,20,A,A,C,C,B
3502,6706.0,25.1,0,0,0,F,20,A,A,C,D,B
3502,6707.0,17.9,30,0,25,F,20,A,A,C,D,C
3502,6708.0,15.0,0,0,0,F,20,A,A,C,D,C
3502,6709.0,15.0,0,0,0,F,20,A,A,C,D,C
3502,6710.0,15.0,0,0,0,F,20,A,A,C,D,C
3502,6711.0,15.0,0,0,0,F,20,A,A,C,D,C
3502,6712.0,15.0,0,0,0,F,20,A,A,D,D,C
3502,6713.0,7.2,60,10,0,F,20,A,A,D,D,C
3502,6714.0,15.0,0,0,0,F,20,A,A,D,D,C
3502,6715.0,15.0,0,0,0,F,20,A,A,D,D,C
3502,6716.0,15.0,0,0,0,F,20,B,A,D,D,C
3502,6717.0,4.0,0,0,0,M,20,B,A,D,D,C
3502,6718.0,15.0,0,0,0,M,20,E,D,F,F,E
3502,6719.0,15.0,0,0,0,M,20,,,,,
3502,6720.0,15.0,0,0,0,M,20,,,,,
3502,6721.0,15.0,0,0,0,M,20,,,,,
3502,6722.0,15.0,0,0,0,M,20,,,,,
3502,6723.0,8.5,0,45,0,M,20,,,,,
3502,6724.0,15.0,0,0,0,M,20,,,,,
3502,6725.0,9.0,50,45,20,M,20,,,,,
3502,6726.0,15.0,0,0,0,M,20,,,,,
3502,6727.0,21.6,30,0,0,M,20,,,,,
3502,6728.0,7.5,25,20,5,M,20,,,,,
3502,6729.0,17.0,30,20,10,M,20,,,,,
3502,6730.0,15.0,0,0,0,M,20,,,,,
3502,6731.0,15.0,0,0,0,M,20,,,,,
3502,6732.0,13.1,15,0,0,M,20,,,,,
3502,6733.0,15.0,0,0,0,M,20,,,,,
3502,6734.0,15.0,0,0,0,M,20,,,,,
3502,6735.0,2.6,10,0,0,M,20,,,,,
3502,6736.0,15.0,0,0,0,M,20,,,,,
3502,6737.0,15.0,0,0,0,M,20,,,,,
3502,6738.0,15.0,0,0,0,M,20,,,,,
3502,6739.0,15.0,0,0,0,M,20,,,,,
4006,6740.0,15.0,0,0,0,F,20,A,A,A,B,B
4006,6741.0,15.0,0,0,0,F,20,A,A,B,B,B
4006,6742.0,7.5,50,0,0,F,20,A,A,B,B,B
4006,6743.0,15.0,0,0,0,M,20,A,A,B,C,B
4006,6744.0,15.0,0,0,0,M,20,A,A,B,C,C
4006,6745.0,15.0,0,0,0,M,20,A,A,B,D,D
4006,6746.0,11.1,30,30,40,M,20,A,A,B,D,D
4006,6747.0,11.1,30,0,0,M,20,A,A,C,D,D
4006,6748.0,0.0,0,0,0,M,20,A,A,D,D,D
4006,6749.0,19.5,50,65,5,M,20,A,A,D,D,E
4006,6750.0,14.7,0,50,0,M,20,A,A,D,D,E
4006,6751.0,42.9,40,0,0,M,20,A,A,D,D,E
4006,6752.0,4.8,10,0,0,M,20,A,A,D,D,E
4006,6753.0,14.5,0,35,15,M,20,A,A,D,D,E
4006,6754.0,19.4,0,0,0,M,20,A,A,E,D,E
4006,6755.0,0.0,0,0,0,M,20,A,A,E,E,F
4006,6756.0,40.8,20,15,20,M,20,A,A,E,E,F
4006,6757.0,19.0,20,85,20,M,20,A,A,E,E,F
4006,6758.0,48.7,0,0,0,M,20,B,A,E,E,F
2001,6759.0,0.0,0,0,0,F,20,A,A,B,B,A
2001,6760.0,0.0,0,0,0,F,20,A,A,B,B,A
2001,6761.0,0.0,0,0,0,F,20,A,A,B,C,A
2001,6762.0,0.0,0,0,0,F,20,A,A,B,C,A
2001,6763.0,0.0,0,0,0,F,20,A,B,B,C,A
2001,6764.0,0.0,0,0,0,F,20,A,B,C,D,B
2001,6765.0,0.0,0,0,0,F,20,A,D,C,D,B
2001,6766.0,0.0,0,0,0,F,20,B,D,D,E,B
2001,6767.0,0.0,0,0,0,F,20,B,D,E,E,B
2001,6768.0,0.0,0,0,0,F,20,C,D,E,E,C
2001,6769.0,0.0,0,0,0,F,20,C,D,E,E,F
2001,6770.0,0.0,0,0,0,F,20,E,D,F,F,F
2001,6771.0,0.0,0,0,0,F,20,,,,,
2001,6772.0,0.0,0,0,0,M,20,,,,,
2001,6773.0,0.0,0,0,0,M,20,,,,,
2001,6774.0,0.0,0,0,0,M,20,,,,,
3502,6775.0,0.0,0,0,0,F,20,A,A,A,B,A
3502,6776.0,0.0,0,0,0,F,20,A,B,B,D,B
3502,6777.0,0.0,0,0,0,F,20,A,B,C,D,B
3502,6778.0,0.0,0,0,0,F,20,A,C,C,D,B
3502,6779.0,0.0,0,0,0,F,20,A,D,D,D,B
3502,6780.0,0.0,0,0,0,F,20,A,D,D,D,B
3502,6781.0,0.0,0,0,0,F,20,A,D,D,D,B
3502,6782.0,0.0,0,0,0,F,20,A,D,D,D,C
3502,6783.0,0.0,0,0,0,M,20,A,D,D,E,D
3502,6784.0,0.0,0,0,0,M,20,A,D,D,E,D
3502,6785.0,0.0,0,0,0,M,20,A,D,D,E,D
3502,6786.0,0.0,0,0,0,M,20,B,D,D,F,D
3502,6787.0,0.0,0,0,0,M,20,B,D,E,F,E
3502,6788.0,0.0,0,0,0,M,20,B,D,E,F,E
3502,6789.0,0.0,0,0,0,M,20,E,F,F,F,E
3502,6790.0,0.0,0,0,0,M,20,,,,,
3502,6791.0,0.0,0,0,0,M,20,,,,,
3502,6792.0,0.0,0,0,0,M,20,,,,,
3502,6793.0,0.0,0,0,0,M,20,,,,,
3502,6794.0,0.0,0,0,0,M,20,,,,,
3502,6795.0,0.0,0,0,0,M,20,,,,,
3502,6796.0,0.0,0,0,0,M,20,,,,,
3502,6797.0,0.0,0,0,0,M,20,,,,,
3502,6798.0,0.0,0,0,0,M,20,,,,,
2001,6799.0,0.0,0,0,0,F,20,A,A,A,A,A
2001,6800.0,0.0,0,0,0,F,20,A,A,A,B,A
2001,6801.0,0.0,0,0,0,F,20,A,A,A,B,A
2001,6802.0,0.0,0,0,0,F,20,A,A,B,B,A
2001,6803.0,0.0,0,0,0,F,20,A,B,B,B,B
2001,6804.0,0.0,0,0,0,F,20,A,B,B,C,B
2001,6805.0,0.0,0,0,0,F,20,A,D,B,D,B
2001,6806.0,0.0,0,0,0,F,20,A,D,B,D,B
2001,6807.0,0.0,0,0,0,F,20,A,D,B,D,B
2001,6808.0,0.0,0,0,0,F,20,A,D,B,D,B
2001,6809.0,0.0,0,0,0,F,20,B,D,B,D,B
2001,6810.0,0.0,0,0,0,F,20,B,D,B,D,B
2001,6811.0,0.0,0,0,0,F,20,B,D,B,D,B
2001,6812.0,0.0,0,0,0,F,20,C,D,C,E,B
2001,6813.0,0.0,0,0,0,F,20,C,D,C,E,B
2001,6814.0,0.0,0,0,0,F,20,C,D,C,E,B
2001,6815.0,0.0,0,0,0,F,20,C,D,D,E,B
2001,6816.0,0.0,0,0,0,F,20,E,F,D,F,C
2001,6817.0,0.0,0,0,0,F,20,,,,,
2001,6818.0,0.0,0,0,0,M,20,,,,,
2001,6819.0,0.0,0,0,0,M,20,,,,,
3002,6820.0,0.0,0,0,0,F,20,A,A,A,A,A
3002,6821.0,0.0,0,0,0,F,20,A,A,A,B,A
3002,6822.0,0.0,0,0,0,F,20,A,A,A,B,A
3002,6823.0,0.0,0,0,0,F,20,A,B,B,B,A
3002,6824.0,0.0,0,0,0,F,20,A,B,B,B,A
3002,6825.0,0.0,0,0,0,F,20,A,B,B,B,B
3002,6826.0,0.0,0,0,0,M,20,A,D,B,B,B
3002,6827.0,0.0,0,0,0,M,20,A,D,B,B,B
3002,6828.0,0.0,0,0,0,M,20,A,D,B,C,B
3002,6829.0,0.0,0,0,0,M,20,A,D,C,C,B
3002,6830.0,0.0,0,0,0,M,20,A,D,D,C,B
3002,6831.0,0.0,0,0,0,M,20,A,D,D,C,B
3002,6832.0,0.0,0,0,0,M,20,B,D,D,D,C
3002,6833.0,0.0,0,0,0,M,20,,,,,
3002,6834.0,0.0,0,0,0,M,20,,,,,
2402,6835.0,0.0,0,0,0,F,20,A,A,B,B,A
2402,6836.0,0.0,0,0,0,F,20,A,A,B,B,A
2402,6837.0,0.0,0,0,0,F,20,A,A,B,B,A
2402,6838.0,0.0,0,0,0,F,20,A,A,B,B,A
2402,6839.0,0.0,0,0,0,F,20,A,A,B,B,A
2402,6840.0,0.0,0,0,0,F,20,A,B,B,C,B
2402,6841.0,0.0,0,0,0,F,20,A,B,B,C,B
2402,6842.0,0.0,0,0,0,F,20,A,B,B,D,B
2402,6843.0,0.0,0,0,0,F,20,A,B,C,D,B
2402,6844.0,0.0,0,0,0,F,20,A,D,C,D,B
2402,6845.0,0.0,0,0,0,F,20,A,D,D,D,B
2402,6846.0,0.0,0,0,0,F,20,A,D,D,D,B
2402,6847.0,0.0,0,0,0,M,20,A,D,D,D,C
2402,6848.0,0.0,0,0,0,M,20,A,D,D,D,C
2402,6849.0,0.0,0,0,0,M,20,A,D,D,D,C
2402,6850.0,0.0,0,0,0,M,20,B,D,D,E,C
2402,6851.0,0.0,0,0,0,M,20,B,D,E,E,D
2402,6852.0,0.0,0,0,0,M,20,B,D,E,E,D
2402,6853.0,0.0,0,0,0,M,20,E,F,E,E,D
2402,6854.0,0.0,0,0,0,M,20,E,F,E,F,E
2402,6855.0,0.0,0,0,0,M,20,,,,,
2402,6856.0,0.0,0,0,0,M,20,,,,,
2402,6857.0,0.0,0,0,0,M,20,,,,,
2402,6858.0,0.0,0,0,0,M,20,,,,,
2402,6859.0,0.0,0,0,0,M,20,,,,,
702,6860.0,0.0,0,0,0,F,20,A,A,B,B,A
702,6861.0,0.0,0,0,0,M,20,A,D,C,C,B
702,6862.0,0.0,0,0,0,M,20,A,D,C,D,C
702,6863.0,0.0,0,0,0,M,20,A,D,C,D,D
702,6864.0,0.0,0,0,0,M,20,A,D,D,D,D
702,6865.0,0.0,0,0,0,M,20,B,D,D,D,D
702,6866.0,0.0,0,0,0,M,20,B,D,E,D,E
702,6867.0,0.0,0,0,0,M,20,E,F,E,F,F
1402,6868.0,0.0,0,0,0,F,20,A,A,A,B,A
1402,6869.0,0.0,0,0,0,F,20,A,A,B,C,A
1402,6870.0,0.0,0,0,0,F,20,A,B,B,D,A
1402,6871.0,0.0,0,0,0,F,20,A,B,C,D,B
1402,6872.0,0.0,0,0,0,M,20,A,D,E,E,E
1402,6873.0,0.0,0,0,0,M,20,B,D,F,E,F
1602,6874.0,0.0,0,0,0,F,20,A,A,B,B,A
1602,6875.0,0.0,0,0,0,F,20,A,A,B,C,A
1602,6876.0,0.0,0,0,0,F,20,A,A,B,C,A
1602,6877.0,0.0,0,0,0,F,20,A,A,B,D,A
1602,6878.0,0.0,0,0,0,F,20,A,A,B,D,A
1602,6879.0,0.0,0,0,0,F,20,A,A,C,D,A
1602,6880.0,0.0,0,0,0,F,20,A,A,C,D,A
1602,6881.0,0.0,0,0,0,F,20,A,A,C,D,A
1602,6882.0,0.0,0,0,0,F,20,A,A,D,D,A
1602,6883.0,0.0,0,0,0,F,20,A,A,D,D,A
1602,6884.0,0.0,0,0,0,F,20,A,A,D,D,A
1602,6885.0,0.0,0,0,0,F,20,A,B,D,D,A
1602,6886.0,0.0,0,0,0,F,20,A,B,D,D,A
1602,6887.0,0.0,0,0,0,M,20,A,C,D,D,A
1602,6888.0,0.0,0,0,0,M,20,A,D,D,D,B
1602,6889.0,0.0,0,0,0,M,20,A,D,D,D,B
1602,6890.0,0.0,0,0,0,M,20,A,D,D,E,B
1602,6891.0,0.0,0,0,0,M,20,A,D,D,E,B
1602,6892.0,0.0,0,0,0,M,20,A,D,D,E,B
1602,6893.0,0.0,0,0,0,M,20,A,D,D,E,B
1602,6894.0,0.0,0,0,0,M,20,A,D,D,E,C
1602,6895.0,0.0,0,0,0,M,20,A,D,D,E,C
1602,6896.0,0.0,0,0,0,M,20,A,D,E,F,D
1602,6897.0,0.0,0,0,0,M,20,A,D,E,F,D
1602,6898.0,0.0,0,0,0,M,20,A,D,E,F,E
1602,6899.0,0.0,0,0,0,M,20,A,D,E,F,E
1602,6900.0,0.0,0,0,0,M,20,B,F,F,F,F
1602,6901.0,0.0,0,0,0,F,20,A,A,A,A,A
1602,6902.0,0.0,0,0,0,F,20,A,A,B,B,A
1602,6903.0,0.0,0,0,0,F,20,A,A,B,D,A
1602,6904.0,0.0,0,0,0,F,20,A,A,B,D,A
1602,6905.0,0.0,0,0,0,F,20,A,A,B,D,B
1602,6906.0,0.0,0,0,0,F,20,A,B,C,D,B
1602,6907.0,0.0,0,0,0,F,20,A,B,C,E,B
1602,6908.0,0.0,0,0,0,F,20,A,D,D,E,B
1602,6909.0,0.0,0,0,0,F,20,A,D,D,E,B
1602,6910.0,0.0,0,0,0,F,20,,,,,
1602,6911.0,0.0,0,0,0,F,20,,,,,
1602,6912.0,0.0,0,0,0,M,20,,,,,
1602,6913.0,0.0,0,0,0,M,20,,,,,
1602,6914.0,0.0,0,0,0,M,20,,,,,
1602,6915.0,0.0,0,0,0,M,20,,,,,
1602,6916.0,0.0,0,0,0,M,20,,,,,
1602,6917.0,0.0,0,0,0,M,20,,,,,
702,6918.0,0.0,0,0,0,F,20,A,A,A,A,A
702,6919.0,0.0,0,0,0,F,20,A,A,A,A,A
702,6920.0,0.0,0,0,0,F,20,A,B,B,A,B
702,6921.0,0.0,0,0,0,F,20,A,B,B,B,B
702,6922.0,0.0,0,0,0,F,20,A,B,B,B,B
702,6923.0,0.0,0,0,0,F,20,A,C,B,B,B
702,6924.0,0.0,0,0,0,F,20,A,D,B,D,B
702,6925.0,0.0,0,0,0,F,20,A,D,C,D,B
702,6926.0,0.0,0,0,0,M,20,A,D,D,D,B
702,6927.0,0.0,0,0,0,M,20,A,D,D,D,B
702,6928.0,0.0,0,0,0,M,20,A,D,D,E,C
702,6929.0,0.0,0,0,0,M,20,A,D,D,E,C
702,6930.0,0.0,0,0,0,M,20,B,D,E,F,D
702,6931.0,0.0,0,0,0,M,20,B,D,E,F,E
4004,6932.0,0.0,0,0,0,F,20,A,A,A,B,A
4004,6933.0,0.0,0,0,0,F,20,A,A,B,B,A
4004,6934.0,0.0,0,0,0,F,20,A,A,B,C,B
4004,6935.0,0.0,0,0,0,M,20,A,A,B,C,B
4004,6936.0,0.0,0,0,0,M,20,A,A,B,D,B
4004,6937.0,0.0,0,0,0,M,20,A,A,C,D,C
4004,6938.0,0.0,0,0,0,M,20,A,A,D,D,C
4004,6939.0,0.0,0,0,0,M,20,A,A,D,D,C
4004,6940.0,0.0,0,0,0,M,20,A,A,D,D,C
4004,6941.0,0.0,0,0,0,M,20,A,A,D,D,C
4004,6942.0,0.0,0,0,0,M,20,A,A,D,D,C
4004,6943.0,0.0,0,0,0,M,20,A,B,D,D,D
4004,6944.0,0.0,0,0,0,M,20,A,B,D,D,D
4004,6945.0,0.0,0,0,0,M,20,A,B,D,D,D
4004,6946.0,0.0,0,0,0,M,20,A,B,D,E,D
4004,6947.0,0.0,0,0,0,M,20,A,C,D,E,E
4004,6948.0,0.0,0,0,0,M,20,A,C,E,E,E
4004,6949.0,0.0,0,0,0,M,20,A,D,E,E,E
4004,6950.0,0.0,0,0,0,M,20,A,D,E,E,E
4004,6951.0,0.0,0,0,0,M,20,A,D,E,E,E
4004,6952.0,0.0,0,0,0,M,20,A,D,E,E,E
4004,6953.0,0.0,0,0,0,M,20,A,D,E,E,E
4004,6954.0,0.0,0,0,0,M,20,A,D,E,E,E
4004,6955.0,0.0,20,0,0,M,20,A,D,F,F,E
4004,6956.0,3.6,0,0,0,M,20,A,D,F,F,E
4004,6957.0,1.0,0,20,0,M,20,A,D,F,F,F
4004,6958.0,1.4,0,15,0,M,20,A,D,F,F,F
4004,6959.0,5.2,0,0,0,M,20,A,D,F,F,F
4004,6960.0,5.2,0,0,0,M,20,A,F,F,F,F
4004,6961.0,3.2,0,15,0,M,20,A,F,F,F,F
4004,6962.0,4.0,0,0,10,M,20,A,F,F,F,G
4004,6963.0,5.4,0,0,0,M,20,,,,,
4004,6964.0,3.4,15,0,0,M,20,,,,,
4004,6965.0,6.8,0,0,0,M,20,,,,,
4004,6966.0,0.0,0,45,0,F,20,A,A,A,B,A
4004,6967.0,3.6,0,20,0,F,20,A,A,A,C,A
4004,6968.0,6.6,0,0,0,F,20,A,A,B,C,A
4004,6969.0,7.5,0,0,0,F,20,A,A,B,C,B
4004,6970.0,7.5,0,0,0,F,20,A,A,B,C,B
4004,6971.0,7.5,0,0,0,F,20,A,A,B,D,B
4004,6972.0,7.5,0,0,0,F,20,A,A,B,D,B
4004,6973.0,7.5,0,0,0,F,20,A,A,B,D,B
4004,6974.0,7.5,0,0,0,F,20,A,A,C,D,B
4004,6975.0,7.5,0,0,0,F,20,A,A,C,D,B
4004,6976.0,7.5,0,0,0,F,20,A,A,C,D,B
4004,6977.0,7.5,0,0,0,F,20,A,A,D,D,C
4004,6978.0,7.5,0,0,0,F,20,A,A,D,D,C
4004,6979.0,7.5,0,0,0,F,20,A,A,D,D,C
4004,6980.0,7.5,0,0,0,M,20,A,A,D,D,C
4004,6981.0,7.5,0,0,0,M,20,A,A,D,D,C
4004,6982.0,7.5,0,0,0,M,20,A,A,D,D,C
4004,6983.0,7.5,0,0,0,M,20,A,A,D,D,C
4004,6984.0,7.5,0,0,0,M,20,A,A,D,D,C
4004,6985.0,7.5,0,0,0,M,20,A,A,D,D,C
4004,6986.0,7.5,0,0,0,M,20,A,A,D,D,C
4004,6987.0,7.4,0,0,0,M,20,A,A,D,D,C
4004,6988.0,7.5,0,0,0,M,20,A,A,D,D,C
4004,6989.0,7.5,0,0,0,M,20,A,A,D,D,D
4004,6990.0,7.5,0,0,0,M,20,A,A,D,D,D
4004,6991.0,7.5,0,0,0,M,20,A,A,D,D,D
4004,6992.0,7.6,0,0,0,M,20,A,A,D,D,D
4004,6993.0,7.8,0,0,0,M,20,A,A,D,D,D
4004,6994.0,7.8,0,0,0,M,20,A,A,D,D,D
4004,6995.0,2.0,30,10,0,M,20,A,A,D,D,D
4004,6996.0,6.4,10,0,0,M,20,A,A,D,E,D
4004,6997.0,8.4,0,0,0,M,20,A,A,D,E,D
4004,6998.0,8.4,0,0,0,M,20,A,A,D,E,E
4004,6999.0,9.2,0,0,0,M,20,A,A,E,E,E
4004,7000.0,0.0,0,0,0,M,20,A,A,E,E,E
4004,7001.0,9.4,0,0,0,M,20,A,A,E,E,E
4004,7002.0,7.5,0,15,0,M,20,A,A,E,E,E
4004,7003.0,10.1,0,0,0,M,20,A,A,E,E,E
4004,7004.0,0.0,20,45,0,M,20,A,A,E,E,E
4004,7005.0,0.0,40,10,20,M,20,A,B,E,E,E
4004,7006.0,10.6,0,0,0,M,20,A,B,E,E,E
4004,7007.0,10.6,0,0,0,M,20,A,B,E,E,E
4004,7008.0,0.0,0,0,0,M,20,A,B,E,E,E
4004,7009.0,11.1,0,0,0,M,20,A,B,E,E,F
4004,7010.0,0.0,0,0,0,M,20,A,B,E,E,F
4004,7011.0,11.1,0,0,0,M,20,A,B,E,E,F
4004,7012.0,9.5,0,0,10,M,20,A,C,E,E,F
4004,7013.0,2.2,60,0,0,M,20,A,C,E,E,F
4004,7014.0,0.0,0,0,0,M,20,A,C,E,E,F
4004,7015.0,0.0,0,0,0,M,20,A,D,E,E,F
4004,7016.0,0.0,0,0,0,M,20,A,D,E,E,F
4004,7017.0,0.0,0,0,0,M,20,A,D,E,E,F
4004,7018.0,0.0,0,0,0,M,20,A,D,E,F,F
4004,7019.0,11.5,0,0,0,M,20,A,D,E,F,F
4004,7020.0,6.2,30,5,0,M,20,A,D,E,F,F
4004,7021.0,4.6,0,50,0,M,20,A,D,E,F,F
4004,7022.0,12.1,0,0,0,M,20,A,D,E,F,F
4004,7023.0,11.9,0,0,0,M,20,A,D,E,F,F
4004,7024.0,0.0,0,0,0,M,20,A,D,E,F,F
4004,7025.0,2.0,0,0,0,M,20,A,D,E,F,F
4004,7026.0,0.0,0,0,0,M,20,A,D,E,F,F
4004,7027.0,9.2,0,20,0,M,20,A,D,E,F,F
4004,7028.0,12.5,0,0,0,M,20,A,D,E,F,F
4004,7029.0,1.6,0,0,0,M,20,A,D,F,F,F
4004,7030.0,0.0,0,0,0,M,20,A,D,F,F,F
4004,7031.0,12.9,0,0,0,M,20,A,D,F,F,F
4004,7032.0,9.4,25,0,0,M,20,A,D,F,F,F
4004,7033.0,8.5,0,15,15,M,20,A,D,F,F,F
4004,7034.0,0.0,0,0,0,M,20,A,D,F,F,F
4004,7035.0,0.0,0,0,0,M,20,A,D,F,F,F
4004,7036.0,0.0,0,0,0,M,20,A,D,F,F,F
4004,7037.0,6.2,20,0,30,M,20,A,D,F,F,F
4004,7038.0,0.0,0,0,0,M,20,A,D,F,F,G
4004,7039.0,11.0,0,15,0,M,20,A,D,F,F,G
4004,7040.0,0.0,0,0,0,M,20,A,D,F,F,G
4004,7041.0,0.0,0,0,0,M,20,A,D,F,F,G
4004,7042.0,0.0,0,0,0,M,20,A,D,F,F,G
4004,7043.0,0.0,0,0,0,M,20,B,F,F,F,G
4004,7044.0,2.6,0,0,0,M,20,B,F,F,F,G
4004,7045.0,0.0,0,0,0,M,20,B,F,F,F,G
4004,7046.0,0.0,0,0,0,M,20,E,F,F,,G
4004,7047.0,6.6,25,15,5,M,20,,,,,
4004,7048.0,0.0,0,0,0,M,20,,,,,
4004,7049.0,2.2,0,0,0,M,20,,,,,
4004,7050.0,14.4,0,0,0,M,20,,,,,
4004,7051.0,2.0,0,0,0,M,20,,,,,
4004,7052.0,14.3,0,0,0,M,20,,,,,
4004,7053.0,11.0,0,0,25,M,20,,,,,
4004,7054.0,4.2,20,0,50,M,20,,,,,
4301,7055.0,15.0,0,0,0,F,20,A,A,B,D,B
4301,7056.0,15.0,0,0,0,F,20,A,A,B,D,C
4301,7057.0,7.6,30,20,0,F,20,A,A,B,D,C
4301,7058.0,15.0,0,0,0,F,20,A,A,C,D,C
4301,7059.0,15.0,0,0,0,F,20,A,A,D,D,C
4301,7060.0,15.0,0,0,0,F,20,A,A,D,E,D
4301,7061.0,15.0,0,0,0,F,20,A,A,D,E,D
4301,7062.0,15.0,0,0,0,F,20,A,A,D,E,D
4301,7063.0,15.0,0,0,0,F,20,A,A,D,E,D
4301,7064.0,15.0,0,0,0,F,20,A,B,E,E,E
4301,7065.0,15.0,0,0,0,M,20,A,B,E,E,E
4301,7066.0,15.0,0,0,0,M,20,A,B,E,E,E
4301,7067.0,15.0,0,0,0,M,20,A,B,E,E,E
4301,7068.0,6.4,10,0,50,M,20,A,D,E,E,E
4301,7069.0,4.4,0,0,0,M,20,A,D,E,E,E
4301,7070.0,9.5,0,40,0,M,20,A,D,E,E,E
4301,7071.0,15.9,0,0,0,M,20,A,D,E,F,E
4301,7072.0,4.0,70,0,10,M,20,A,D,E,F,F
4301,7073.0,2.6,0,0,0,M,20,A,D,E,F,F
4301,7074.0,16.2,0,0,0,M,20,B,D,F,F,F
4301,7075.0,16.3,0,0,0,M,20,B,D,F,F,F
4301,7076.0,8.4,0,35,20,M,20,B,D,F,F,F
4301,7077.0,5.2,0,0,0,M,20,B,F,F,F,F
4301,7078.0,5.2,0,0,0,M,20,B,F,F,F,G
4301,7079.0,16.3,0,0,0,M,20,,,,,
4301,7080.0,16.3,0,0,0,M,20,,,,,
4301,7081.0,10.8,40,0,0,M,20,,,,,
4301,7082.0,7.5,0,0,0,M,20,,,,,
4301,7083.0,3.6,0,0,0,M,20,,,,,
4301,7084.0,15.6,0,0,10,M,20,,,,,
4301,7085.0,5.8,10,15,50,M,20,,,,,
3502,7086.0,17.0,0,0,0,F,20,A,A,A,B,A
3502,7087.0,6.8,25,45,0,F,20,A,A,A,B,A
3502,7088.0,17.6,0,0,0,F,20,A,A,B,C,A
3502,7089.0,2.4,0,0,15,F,20,A,A,B,C,A
3502,7090.0,17.6,0,0,0,F,20,A,A,B,C,A
3502,7091.0,15.0,0,0,20,F,20,A,A,B,C,A
3502,7092.0,17.9,0,0,0,F,20,A,A,B,C,A
3502,7093.0,18.0,0,0,0,F,20,A,A,B,C,A
3502,7094.0,17.8,0,0,0,F,20,A,A,B,C,A
3502,7095.0,7.5,0,0,0,F,20,A,A,C,C,A
3502,7096.0,3.2,20,70,10,F,20,A,A,C,C,A
3502,7097.0,18.4,0,0,0,F,20,A,A,C,C,B
3502,7098.0,10.9,50,0,0,F,20,A,A,C,D,B
3502,7099.0,0.0,50,0,0,F,20,A,A,C,D,B
3502,7100.0,2.6,25,5,0,F,20,A,A,C,D,B
3502,7101.0,10.5,10,30,15,F,20,A,A,C,D,B
3502,7102.0,7.5,0,0,0,F,20,A,A,C,D,B
3502,7103.0,7.4,75,0,0,F,20,A,A,C,D,B
3502,7104.0,18.9,0,0,0,F,20,A,A,C,D,B
3502,7105.0,7.5,0,0,0,F,20,A,A,C,D,B
3502,7106.0,7.5,0,0,0,F,20,A,A,C,D,B
3502,7107.0,7.5,0,0,0,F,20,A,A,C,D,B
3502,7108.0,7.5,0,0,0,F,20,A,A,C,D,B
3502,7109.0,7.5,0,0,0,F,20,A,A,D,D,B
3502,7110.0,7.5,0,0,0,F,20,A,A,D,D,B
3502,7111.0,7.5,0,0,0,F,20,A,A,D,D,B
3502,7112.0,15.0,0,25,0,F,20,A,A,D,D,B
3502,7113.0,7.5,0,0,0,F,20,A,A,D,D,B
3502,7114.0,7.5,0,0,0,F,20,A,A,D,D,B
3502,7115.0,7.5,0,0,0,F,20,A,A,D,D,B
3502,7116.0,7.5,0,0,0,F,20,A,A,D,D,C
3502,7117.0,7.5,0,0,0,F,20,A,A,D,D,C
3502,7118.0,7.5,0,0,0,F,20,A,A,D,D,C
3502,7119.0,7.5,0,0,0,F,20,A,A,D,D,C
3502,7120.0,18.6,0,0,0,F,20,A,A,D,D,C
3502,7121.0,7.5,0,0,0,F,20,A,A,D,D,C
3502,7122.0,7.5,0,0,0,M,20,A,B,D,D,C
3502,7123.0,7.5,0,0,0,M,20,A,B,D,D,C
3502,7124.0,7.5,0,0,0,M,20,A,B,D,D,D
3502,7125.0,7.5,0,0,0,M,20,A,B,D,D,D
3502,7126.0,7.5,0,0,0,M,20,A,B,D,D,D
3502,7127.0,7.5,0,0,0,M,20,A,B,D,D,D
3502,7128.0,19.2,0,0,0,M,20,A,D,E,E,E
3502,7129.0,19.4,0,0,0,M,20,A,D,E,E,E
3502,7130.0,7.4,0,0,0,M,20,A,D,E,E,E
3502,7131.0,7.8,0,30,50,M,20,A,D,E,E,E
3502,7132.0,7.5,0,0,0,M,20,A,D,E,E,E
3502,7133.0,16.3,25,0,0,M,20,A,D,E,E,E
3502,7134.0,7.5,0,0,0,M,20,A,D,E,E,E
3502,7135.0,7.5,0,0,0,M,20,A,D,E,E,E
3502,7136.0,3.4,10,10,0,M,20,A,D,E,E,E
3502,7137.0,7.5,0,0,0,M,20,A,D,E,E,E
3502,7138.0,7.5,10,0,0,M,20,A,D,E,E,E
3502,7139.0,8.4,60,20,0,M,20,A,D,E,E,E
3502,7140.0,7.5,0,0,0,M,20,A,D,E,E,E
3502,7141.0,9.1,0,0,0,M,20,A,D,E,E,E
3502,7142.0,7.0,0,0,0,M,20,A,D,E,F,E
3502,7143.0,7.5,0,0,0,M,20,A,D,E,F,E
3502,7144.0,7.5,0,0,0,M,20,A,D,E,F,E
3502,7145.0,13.6,0,45,0,M,20,A,D,E,F,E
3502,7146.0,8.1,0,0,0,M,20,A,D,E,F,E
3502,7147.0,18.9,10,0,0,M,20,A,D,F,F,E
3502,7148.0,9.5,0,0,0,M,20,A,D,F,F,F
3502,7149.0,20.2,0,0,0,M,20,A,D,F,F,F
3502,7150.0,10.2,70,0,0,M,20,A,D,F,F,F
3502,7151.0,9.7,0,0,0,M,20,A,D,F,F,F
3502,7152.0,6.8,20,0,0,M,20,A,D,F,F,F
2001,7153.0,18.6,20,0,0,F,20,A,A,A,B,A
2001,7154.0,21.4,0,0,0,F,20,A,A,B,B,A
2001,7155.0,9.4,0,0,0,F,20,A,A,B,B,A
2001,7156.0,8.8,0,0,0,F,20,A,A,B,B,A
2001,7157.0,9.1,0,0,0,F,20,A,A,B,B,A
2001,7158.0,1.0,15,30,20,F,20,A,A,B,B,A
2001,7159.0,18.5,0,20,0,F,20,A,A,B,B,A
2001,7160.0,13.6,55,0,0,F,20,A,A,B,B,A
2001,7161.0,3.8,15,30,0,F,20,A,A,B,B,A
2001,7162.0,9.5,0,0,0,F,20,A,A,B,B,A
2001,7163.0,21.8,0,0,0,F,20,A,A,B,B,A
2001,7164.0,22.0,0,0,0,F,20,A,A,B,B,A
2001,7165.0,8.4,0,0,0,F,20,A,A,B,B,A
2001,7166.0,9.5,0,10,0,F,20,A,A,B,B,A
2001,7167.0,8.6,50,30,10,F,20,A,A,B,B,A
2001,7168.0,12.2,30,35,0,F,20,A,A,B,B,A
2001,7169.0,11.1,0,0,0,F,20,A,A,B,C,A
2001,7170.0,8.5,0,0,0,F,20,A,A,B,C,A
2001,7171.0,4.0,70,50,0,F,20,A,A,B,C,A
2001,7172.0,22.5,0,0,0,F,20,A,A,B,C,B
2001,7173.0,0.0,0,0,0,F,20,A,A,B,C,B
2001,7174.0,0.0,0,0,0,F,20,A,A,B,C,B
2001,7175.0,0.0,0,0,0,F,20,A,A,B,C,B
2001,7176.0,22.5,0,0,0,F,20,A,A,B,C,B
2001,7177.0,11.3,0,0,0,F,20,A,A,B,C,B
2001,7178.0,0.0,0,0,0,F,20,A,A,C,C,B
2001,7179.0,22.5,0,0,0,F,20,A,A,C,C,B
2001,7180.0,0.0,0,0,0,F,20,A,A,C,C,B
2001,7181.0,0.0,0,0,0,F,20,A,A,C,D,B
2001,7182.0,8.9,0,0,0,F,20,A,A,C,D,B
2001,7183.0,7.5,0,15,10,F,20,A,A,C,D,B
2001,7184.0,3.4,0,50,0,F,20,A,A,C,D,B
2001,7185.0,0.0,0,0,0,F,20,A,A,C,D,B
2001,7186.0,0.0,0,0,0,F,20,A,A,C,D,B
2001,7187.0,0.0,0,0,0,F,20,A,A,C,D,B
2001,7188.0,22.5,0,0,0,F,20,A,A,C,D,B
2001,7189.0,11.5,0,0,0,F,20,A,A,C,D,B
2001,7190.0,10.2,40,40,0,F,20,A,A,D,D,B
2001,7191.0,22.5,0,0,0,F,20,A,A,D,D,B
2001,7192.0,10.1,0,0,0,F,20,A,A,D,D,B
2001,7193.0,0.0,0,0,0,F,20,A,B,D,D,B
2001,7194.0,0.0,0,0,0,F,20,A,B,D,D,B
2001,7195.0,22.3,0,0,0,F,20,A,B,D,D,B
2001,7196.0,11.3,0,0,0,F,20,A,B,D,D,B
2001,7197.0,0.0,0,0,0,F,20,A,B,D,D,B
2001,7198.0,7.5,25,0,0,F,20,A,B,D,D,B
2001,7199.0,22.5,0,0,0,F,20,A,B,D,D,B
2001,7200.0,0.0,0,0,0,F,20,A,B,D,D,B
2001,7201.0,0.0,0,0,0,F,20,A,B,D,D,B
2001,7202.0,0.0,0,0,0,F,20,A,C,D,D,C
2001,7203.0,22.5,0,0,0,F,20,A,D,D,D,C
2001,7204.0,0.0,0,0,0,F,20,A,D,D,D,C
2001,7205.0,0.0,0,0,0,F,20,A,D,D,D,C
2001,7206.0,0.0,0,0,0,F,20,A,D,D,D,C
2001,7207.0,0.0,0,0,0,F,20,A,D,D,D,C
2001,7208.0,19.0,25,0,0,F,20,A,D,D,D,C
2001,7209.0,8.5,10,0,0,F,20,A,D,D,D,C
2001,7210.0,10.1,10,0,0,F,20,A,D,D,D,C
2001,7211.0,10.1,10,0,0,F,20,A,D,D,D,D
2001,7212.0,4.0,45,50,30,F,20,A,D,D,D,D
2001,7213.0,11.7,0,0,0,F,20,A,D,D,D,D
2001,7214.0,5.2,50,0,0,F,20,A,D,D,D,D
2001,7215.0,11.5,0,0,0,F,20,A,D,D,D,D
2001,7216.0,0.0,0,0,0,F,20,A,D,D,D,D
2001,7217.0,7.5,20,0,10,F,20,A,D,D,E,D
2001,7218.0,9.5,0,0,0,F,20,A,D,D,E,D
2001,7219.0,0.0,0,0,0,F,20,A,D,D,E,D
2001,7220.0,9.5,0,0,0,F,20,A,D,D,E,D
2001,7221.0,23.0,0,0,0,F,20,A,D,E,E,D
2001,7222.0,8.0,0,10,0,F,20,A,D,E,E,E
2001,7223.0,9.5,0,10,0,F,20,A,D,E,E,E
2001,7224.0,10.4,10,60,15,F,20,A,D,E,E,E
2001,7225.0,0.0,0,0,0,F,20,A,D,E,E,E
2001,7226.0,1.0,0,0,0,F,20,A,D,E,E,E
2001,7227.0,7.5,0,0,30,F,20,A,D,E,E,E
2001,7228.0,0.0,0,0,10,F,20,B,D,E,E,E
2001,7229.0,11.1,0,0,0,F,20,B,D,E,E,E
2001,7230.0,23.4,0,0,0,F,20,B,D,E,E,E
2001,7231.0,0.0,10,0,0,F,20,B,D,E,E,E
2001,7232.0,10.0,0,0,0,F,20,B,D,E,E,E
2001,7233.0,6.6,10,15,0,F,20,B,D,F,F,F
2001,7234.0,7.6,0,20,0,F,20,B,D,F,F,F
2001,7235.0,9.6,70,15,10,F,20,B,D,F,F,F
2001,7236.0,16.6,20,0,30,F,20,B,D,F,F,F
2001,7237.0,9.1,10,15,0,F,20,B,D,F,F,F
2001,7238.0,8.2,30,0,0,F,20,B,D,F,F,F
2001,7239.0,23.8,0,0,0,F,20,B,D,F,F,F
2001,7240.0,11.3,10,0,0,F,20,B,D,F,F,F
2001,7241.0,12.7,0,0,0,F,20,C,D,F,F,F
2001,7242.0,3.4,0,45,0,F,20,E,F,F,F,F
2001,7243.0,1.6,0,0,0,F,20,E,F,F,F,G
2001,7244.0,10.0,20,0,0,F,20,E,F,F,F,G
2001,7245.0,15.0,10,0,50,F,20,,,,,
2001,7246.0,7.5,0,20,0,M,20,,,,,
2001,7247.0,7.6,50,20,40,M,20,,,,,
2001,7248.0,1.6,0,0,0,M,20,,,,,
2001,7249.0,10.7,0,0,0,M,20,,,,,
2001,7250.0,12.1,0,0,0,M,20,,,,,
2001,7251.0,0.0,0,0,0,M,20,,,,,
2001,7252.0,0.0,0,0,0,M,20,,,,,
2001,7253.0,11.9,0,0,0,M,20,,,,,
2001,7254.0,8.2,20,5,10,M,20,,,,,
2001,7255.0,20.0,20,0,0,M,20,,,,,
2001,7256.0,11.9,0,0,0,M,20,,,,,
2501,7257.0,0.0,15,70,0,F,20,A,A,B,B,A
2501,7258.0,0.0,0,0,0,F,20,A,A,B,B,A
2501,7259.0,0.0,0,0,0,F,20,A,A,C,D,A
2501,7260.0,0.0,0,0,0,F,20,A,A,C,D,A
2501,7261.0,0.0,0,0,0,F,20,A,A,C,D,A
2501,7262.0,0.0,0,0,0,F,20,A,A,C,D,A
2501,7263.0,0.0,0,0,15,F,20,A,A,C,D,A
2501,7264.0,0.0,0,10,5,F,20,A,A,D,D,B
2501,7265.0,10.1,0,0,20,F,20,A,A,D,D,B
2501,7266.0,19.0,20,5,10,F,20,A,A,D,D,B
2501,7267.0,0.0,0,0,0,F,20,A,A,D,D,B
2501,7268.0,9.6,35,45,20,F,20,A,A,D,D,C
2501,7269.0,7.5,0,25,0,F,20,A,A,D,D,C
2501,7270.0,2.6,0,0,0,F,20,A,A,D,D,C
2501,7271.0,11.3,0,0,0,F,20,A,A,E,E,C
2501,7272.0,8.9,0,15,0,F,20,A,A,E,E,D
2501,7273.0,9.9,25,0,0,F,20,A,A,E,E,D
2501,7274.0,1.0,0,0,10,F,20,A,A,E,E,D
2501,7275.0,3.6,0,0,0,F,20,A,A,E,E,D
2501,7276.0,17.7,0,15,30,F,20,A,A,E,E,D
2501,7277.0,11.2,60,10,20,F,20,A,A,E,E,D
2501,7278.0,22.5,0,5,10,F,20,A,A,E,E,D
2501,7279.0,11.3,0,0,0,F,20,A,B,E,E,D
2501,7280.0,9.7,0,0,15,F,20,A,B,E,E,D
2501,7281.0,1.6,0,0,0,F,20,A,B,E,E,E
2501,7282.0,11.8,0,0,0,F,20,A,C,E,F,E
2501,7283.0,2.2,80,0,0,M,20,B,F,F,F,F
2501,7284.0,7.4,40,5,0,M,20,C,F,F,F,F
2501,7285.0,25.2,0,0,0,M,20,C,F,F,F,F
2501,7286.0,9.5,20,10,0,M,20,E,F,F,F,G
2501,7287.0,9.5,25,0,0,M,20,,,,,
2501,7288.0,0.0,0,0,0,M,20,,,,,
2501,7289.0,0.0,0,0,0,M,20,,,,,
2501,7290.0,0.0,0,0,0,M,20,,,,,
2501,7291.0,13.1,0,0,0,M,20,,,,,
2501,7292.0,11.3,20,0,0,M,20,,,,,
2501,7293.0,3.8,25,30,0,M,20,,,,,
2501,7294.0,0.0,0,0,0,M,20,,,,,
2501,7295.0,6.0,10,30,0,M,20,,,,,
1402,7296.0,11.3,20,0,0,F,20,A,A,A,A,A
1402,7297.0,7.5,0,30,0,F,20,A,A,B,A,A
1402,7298.0,11.1,0,15,0,F,20,A,A,B,A,A
1402,7299.0,15.0,0,0,0,M,20,A,A,D,D,B
1402,7300.0,15.0,0,0,0,M,20,A,A,D,D,B
1402,7301.0,15.0,0,0,0,M,20,A,A,D,D,B
1402,7302.0,15.0,0,0,0,M,20,A,A,D,D,B
1402,7303.0,13.8,0,0,0,M,20,A,A,D,D,C
1402,7304.0,12.9,0,0,0,M,20,A,B,D,E,C
1402,7305.0,15.0,0,0,0,M,20,A,B,D,E,C
1402,7306.0,15.0,0,0,0,M,20,A,C,D,E,D
1402,7307.0,15.0,0,0,0,M,20,A,D,D,E,D
1402,7308.0,16.0,30,20,15,M,20,A,D,E,E,D
1402,7309.0,15.0,0,0,0,M,20,A,D,E,E,D
1402,7310.0,15.0,0,0,0,M,20,A,D,E,E,E
1402,7311.0,8.5,30,0,0,M,20,A,D,E,F,E
1402,7312.0,15.0,0,0,0,M,20,A,D,E,F,E
1402,7313.0,15.0,0,0,0,M,20,A,D,E,F,E
1402,7314.0,15.0,0,0,0,M,20,A,D,E,F,E
1402,7315.0,15.0,0,0,0,M,20,B,D,E,F,F
1402,7316.0,15.0,0,0,0,M,20,B,D,E,F,F
1502,7317.0,3.8,0,0,0,F,20,A,A,B,B,A
1502,7318.0,15.0,0,0,0,F,20,A,A,C,B,A
1502,7319.0,2.4,10,0,0,F,20,A,A,C,B,B
1502,7320.0,15.0,0,0,0,F,20,A,A,C,C,B
1502,7321.0,0.6,10,0,10,F,20,A,A,C,C,B
1502,7322.0,15.0,0,0,0,F,20,A,A,C,C,B
1502,7323.0,15.0,0,0,0,F,20,A,A,C,D,B
1502,7324.0,26.4,0,0,0,F,20,A,A,C,D,B
1502,7325.0,13.3,0,0,0,F,20,A,A,C,D,B
1502,7326.0,5.8,0,30,15,F,20,A,A,C,D,B
1502,7327.0,8.9,10,15,0,F,20,A,A,C,D,B
1502,7328.0,15.0,0,0,0,F,20,A,A,D,D,B
1502,7329.0,12.7,0,0,0,F,20,A,A,D,D,C
1502,7330.0,15.0,0,0,0,F,20,A,A,D,D,C
1502,7331.0,15.0,0,0,0,F,20,A,A,D,D,C
1502,7332.0,7.5,0,35,0,F,20,A,A,D,D,C
1502,7333.0,22.6,0,25,0,F,20,A,B,D,D,D
1502,7334.0,26.2,0,0,0,F,20,A,B,D,D,D
1502,7335.0,15.0,0,0,0,M,20,A,B,D,D,D
1502,7336.0,26.9,0,0,0,M,20,A,B,D,D,D
1502,7337.0,13.1,30,20,40,M,20,A,B,E,D,D
1502,7338.0,13.5,10,0,0,M,20,A,B,E,E,D
1502,7339.0,0.0,0,0,0,M,20,A,C,E,E,D
1502,7340.0,1.6,5,15,0,M,20,A,D,E,E,D
1502,7341.0,0.0,0,0,0,M,20,A,D,E,E,D
1502,7342.0,0.0,0,0,0,M,20,A,D,E,E,D
1502,7343.0,0.0,0,0,0,M,20,A,D,E,E,D
1502,7344.0,0.0,0,0,0,M,20,A,D,E,E,E
1502,7345.0,0.0,0,30,0,M,20,A,D,E,F,E
1502,7346.0,2.0,30,85,50,M,20,A,D,E,F,E
1502,7347.0,26.9,0,0,0,M,20,A,D,E,F,E
1502,7348.0,8.1,50,0,0,M,20,A,D,E,F,E
1502,7349.0,0.0,0,0,0,M,20,A,D,E,F,E
1502,7350.0,5.2,10,20,40,M,20,B,D,F,F,F
1502,7351.0,0.0,0,0,0,M,20,,,,,
1502,7352.0,0.0,0,0,0,M,20,,,,,
1502,7353.0,0.0,0,0,0,M,20,,,,,
1502,7354.0,0.0,0,0,0,M,20,,,,,
1502,7355.0,0.0,0,0,0,M,20,,,,,
1502,7356.0,0.0,0,0,0,M,20,,,,,
1602,7357.0,7.5,10,45,0,F,20,A,A,A,B,A
1602,7358.0,0.0,25,5,0,F,20,A,A,A,B,A
1602,7359.0,22.5,20,10,0,F,20,A,A,A,B,A
1602,7360.0,15.0,0,0,0,F,20,A,A,A,B,A
1602,7361.0,15.0,0,0,0,F,20,A,A,B,B,A
1602,7362.0,15.0,0,0,0,F,20,A,A,B,B,A
1602,7363.0,15.0,0,0,0,F,20,A,A,B,B,A
1602,7364.0,0.0,0,25,0,F,20,A,A,B,B,A
1602,7365.0,5.0,0,0,0,F,20,A,A,B,C,A
1602,7366.0,17.1,0,65,0,F,20,A,A,B,C,A
1602,7367.0,14.7,0,0,0,F,20,A,A,B,C,A
1602,7368.0,15.0,0,0,0,F,20,A,A,B,C,A
1602,7369.0,15.0,0,0,0,F,20,A,A,B,C,A
1602,7370.0,27.3,0,0,0,F,20,A,A,B,C,A
1602,7371.0,6.0,0,0,0,F,20,A,A,C,C,A
1602,7372.0,2.0,0,0,20,F,20,A,A,C,C,A
1602,7373.0,3.6,5,0,5,F,20,A,A,C,C,A
1602,7374.0,3.4,0,0,10,F,20,A,A,C,C,A
1602,7375.0,15.0,0,0,0,F,20,A,A,C,C,B
1602,7376.0,2.2,10,35,30,F,20,A,A,C,C,B
1602,7377.0,15.0,0,0,0,F,20,A,A,C,C,B
1602,7378.0,15.0,0,0,0,F,20,A,A,C,C,B
1602,7379.0,22.8,20,0,10,F,20,A,A,C,D,B
1602,7380.0,27.1,0,0,0,F,20,A,A,C,D,B
1602,7381.0,15.5,10,0,0,F,20,A,A,C,D,B
1602,7382.0,16.0,0,0,0,F,20,A,A,C,D,B
1602,7383.0,15.0,0,0,0,F,20,A,A,C,D,B
1602,7384.0,15.0,0,0,0,F,20,A,A,C,D,B
1602,7385.0,15.0,0,0,0,F,20,A,A,C,D,B
1602,7386.0,22.5,30,0,0,F,20,A,A,C,D,B
1602,7387.0,15.0,10,0,0,F,20,A,A,C,D,B
1602,7388.0,12.5,0,10,0,F,20,A,A,C,D,B
1602,7389.0,1.0,0,0,0,F,20,A,A,C,D,B
1602,7390.0,23.8,0,25,0,F,20,A,A,C,D,B
1602,7391.0,0.0,20,15,0,F,20,A,A,C,D,B
1602,7392.0,7.5,25,15,20,F,20,A,A,D,D,B
1602,7393.0,15.0,0,0,0,F,20,A,A,D,D,C
1602,7394.0,15.0,0,0,0,F,20,A,A,D,D,C
1602,7395.0,15.0,0,0,0,F,20,A,A,D,D,C
1602,7396.0,16.0,0,0,0,F,20,A,A,D,D,C
1602,7397.0,15.0,0,0,0,F,20,A,A,D,D,C
1602,7398.0,15.0,0,0,0,F,20,A,A,D,D,C
1602,7399.0,15.0,0,0,0,F,20,A,A,D,D,C
1602,7400.0,18.0,0,70,0,F,20,A,A,D,E,C
1602,7401.0,28.4,0,0,0,F,20,A,A,D,E,C
1602,7402.0,14.9,0,0,0,F,20,A,A,D,E,C
1602,7403.0,15.0,0,0,0,F,20,A,A,D,E,C
1602,7404.0,4.8,80,0,5,F,20,A,A,D,E,D
1602,7405.0,28.5,0,0,0,F,20,A,A,D,E,D
1602,7406.0,15.0,0,0,0,F,20,A,A,D,E,D
1602,7407.0,13.7,10,15,0,F,20,A,A,D,E,D
1602,7408.0,1.6,0,0,0,F,20,A,A,D,E,D
1602,7409.0,9.9,35,15,0,F,20,A,B,E,E,D
1602,7410.0,15.0,0,0,0,F,20,A,B,E,E,D
1602,7411.0,6.4,10,0,0,F,20,A,B,E,E,D
1602,7412.0,15.0,0,0,0,F,20,A,B,E,E,D
1602,7413.0,12.9,15,0,15,F,20,A,B,E,E,D
1602,7414.0,10.3,0,30,0,F,20,A,B,E,E,E
1602,7415.0,15.0,0,0,0,F,20,A,B,E,E,E
1602,7416.0,15.0,0,0,0,F,20,A,B,E,E,E
1602,7417.0,15.0,0,0,0,F,20,A,B,E,E,E
1602,7418.0,15.0,0,0,0,M,20,A,B,E,E,E
1602,7419.0,15.0,0,0,0,M,20,A,B,E,E,E
1602,7420.0,4.8,10,45,100,M,20,A,B,E,E,E
1602,7421.0,15.0,0,0,0,M,20,A,B,E,E,E
1602,7422.0,15.0,0,0,0,M,20,A,B,E,E,E
1602,7423.0,15.0,0,0,0,M,20,A,C,E,E,E
1602,7424.0,1.6,0,0,10,M,20,A,D,E,E,E
1602,7425.0,18.1,0,0,0,M,20,A,D,E,E,E
1602,7426.0,0.0,0,45,0,M,20,A,D,E,E,E
1602,7427.0,7.5,0,0,0,M,20,A,D,E,E,E
1602,7428.0,6.4,0,0,0,M,20,A,D,E,E,E
1602,7429.0,2.0,0,0,0,M,20,A,D,E,E,E
1602,7430.0,4.4,0,0,0,M,20,A,D,E,E,E
1602,7431.0,12.1,0,10,15,M,20,A,D,E,E,E
1602,7432.0,0.0,50,0,0,M,20,A,D,E,E,E
1602,7433.0,2.0,0,0,0,M,20,A,D,E,E,E
1602,7434.0,2.0,0,0,0,M,20,A,D,E,E,E
1602,7435.0,15.0,0,10,0,M,20,A,D,E,E,E
1602,7436.0,2.0,0,0,0,M,20,A,D,E,E,E
1602,7437.0,28.9,0,0,0,M,20,A,D,E,E,E
1602,7438.0,9.7,0,35,0,M,20,A,D,E,E,E
1602,7439.0,18.0,0,0,0,M,20,A,D,E,E,E
1602,7440.0,8.2,0,0,0,M,20,A,D,E,E,E
1602,7441.0,21.2,35,5,10,M,20,A,D,E,E,E
1602,7442.0,2.0,0,0,0,M,20,A,D,E,E,E
1602,7443.0,15.0,0,0,10,M,20,A,D,E,E,E
1602,7444.0,17.8,0,0,0,M,20,A,D,E,E,E
1602,7445.0,17.0,0,0,0,M,20,A,D,E,E,E
1602,7446.0,17.0,0,0,0,M,20,A,D,E,E,F
1602,7447.0,3.6,0,0,0,M,20,A,D,E,E,F
1602,7448.0,2.4,0,0,0,M,20,A,D,E,E,F
1602,7449.0,0.0,0,15,0,M,20,A,D,E,E,F
1602,7450.0,11.9,25,0,0,M,20,A,D,E,F,F
1602,7451.0,14.1,25,75,0,M,20,A,D,E,F,F
1602,7452.0,13.5,10,5,15,M,20,A,D,E,F,F
1602,7453.0,2.6,0,30,0,M,20,A,D,E,F,F
1602,7454.0,16.5,10,0,0,M,20,A,D,E,F,F
1602,7455.0,3.8,0,0,0,M,20,A,D,F,F,F
1602,7456.0,10.2,40,65,20,M,20,A,D,F,F,F
1602,7457.0,1.0,35,5,0,M,20,A,D,F,F,F
1602,7458.0,13.5,0,30,0,M,20,A,D,F,F,F
1602,7459.0,7.5,10,45,20,M,20,A,D,F,F,F
1602,7460.0,7.5,0,0,0,M,20,A,D,F,F,F
1602,7461.0,7.5,0,0,0,M,20,A,D,F,F,F
1602,7462.0,7.5,0,0,0,M,20,A,D,F,F,F
1602,7463.0,7.5,0,0,0,M,20,A,D,F,F,F
1602,7464.0,7.5,0,0,0,M,20,A,D,F,F,F
1602,7465.0,7.5,0,0,0,M,20,A,D,F,F,F
1602,7466.0,7.5,0,0,0,M,20,B,D,F,F,F
1602,7467.0,7.5,0,0,0,M,20,E,F,F,F,G
1602,7468.0,7.5,0,0,0,M,20,E,F,F,F,G
1602,7469.0,7.5,0,0,0,M,20,,,,,
1602,7470.0,7.5,0,0,0,M,20,,,,,
1602,7471.0,0.0,50,0,0,M,20,,,,,
1602,7472.0,7.5,0,0,0,M,20,,,,,
1602,7473.0,7.5,0,0,0,M,20,,,,,
1602,7474.0,7.5,0,0,0,M,20,,,,,
1602,7475.0,7.5,0,0,0,M,20,,,,,
1602,7476.0,7.5,0,0,0,M,20,,,,,
1602,7477.0,8.5,10,40,0,M,20,,,,,
1602,7478.0,7.5,0,0,0,M,20,,,,,
1602,7479.0,7.5,0,0,0,M,20,,,,,
1602,7480.0,7.5,0,0,0,M,20,,,,,
1602,7481.0,7.5,0,0,0,M,20,,,,,
1602,7482.0,7.5,0,0,0,M,20,,,,,
1602,7483.0,7.5,0,0,0,M,20,,,,,
1602,7484.0,7.5,0,0,0,M,20,,,,,
1602,7485.0,7.5,0,0,0,M,20,,,,,
1602,7486.0,7.5,0,0,0,M,20,,,,,
1602,7487.0,11.8,40,0,5,M,20,,,,,
702,7488.0,7.5,0,0,0,F,20,A,A,B,B,A
702,7489.0,0.0,0,20,0,F,20,A,A,B,C,A
702,7490.0,12.9,0,20,0,F,20,A,A,B,C,A
702,7491.0,7.5,0,0,0,F,20,A,A,C,C,A
702,7492.0,7.5,0,0,0,F,20,A,A,C,D,B
702,7493.0,4.0,0,0,0,M,20,A,A,D,D,B
702,7494.0,7.5,0,0,0,M,20,A,A,D,D,B
702,7495.0,7.5,0,0,0,M,20,A,A,D,D,C
702,7496.0,7.5,0,0,0,M,20,A,A,D,D,C
702,7497.0,7.5,0,0,0,M,20,A,B,D,D,C
702,7498.0,7.5,0,0,0,M,20,A,B,D,D,C
702,7499.0,0.0,10,10,0,M,20,,,,,
904,7500.0,7.5,0,0,0,F,20,A,A,A,A,A
904,7501.0,7.5,0,0,0,F,20,A,A,A,B,A
904,7502.0,7.5,0,0,0,F,20,A,A,A,B,A
904,7503.0,7.5,0,0,0,F,20,A,A,B,B,A
904,7504.0,7.5,0,0,0,F,20,A,A,B,B,A
904,7505.0,4.4,10,0,10,F,20,A,A,B,B,A
904,7506.0,7.5,0,0,0,F,20,A,A,B,B,A
904,7507.0,4.0,0,25,0,F,20,A,A,C,D,B
904,7508.0,16.7,20,0,0,F,20,A,B,C,D,B
904,7509.0,27.1,20,0,0,F,20,A,B,C,D,B
904,7510.0,17.8,0,0,0,F,20,A,B,D,D,B
904,7511.0,29.9,0,0,0,F,20,A,B,D,D,B
904,7512.0,17.2,0,0,10,F,20,A,B,D,D,B
904,7513.0,8.0,25,30,0,F,20,A,B,D,D,C
904,7514.0,7.5,0,50,100,F,20,A,B,D,D,C
904,7515.0,14.5,0,20,0,F,20,A,B,D,D,C
904,7516.0,26.5,0,25,0,F,20,A,B,D,D,C
904,7517.0,16.5,0,0,0,F,20,A,C,D,D,C
904,7518.0,18.6,0,0,0,F,20,A,D,D,D,C
904,7519.0,1.0,0,15,0,F,20,A,D,D,D,C
904,7520.0,23.4,0,45,0,F,20,A,D,D,D,C
904,7521.0,19.0,0,0,0,F,20,A,D,D,D,C
904,7522.0,15.3,0,10,0,F,20,A,D,D,D,D
904,7523.0,2.0,15,5,20,F,20,A,D,D,D,D
904,7524.0,30.4,0,0,0,F,20,A,D,E,D,D
904,7525.0,18.1,0,0,0,F,20,A,D,E,D,D
904,7526.0,2.0,0,0,20,F,20,A,D,E,D,D
904,7527.0,18.9,0,0,0,F,20,A,D,E,E,D
904,7528.0,10.1,0,0,0,F,20,A,D,E,E,D
904,7529.0,6.8,0,10,0,F,20,A,D,E,E,E
904,7530.0,17.0,0,0,0,F,20,A,D,E,E,E
904,7531.0,3.6,0,0,0,F,20,A,D,E,E,E
904,7532.0,6.0,0,0,0,F,20,A,D,E,E,E
904,7533.0,15.1,0,25,0,F,20,B,D,E,E,E
904,7534.0,3.6,0,0,0,F,20,B,D,E,E,E
904,7535.0,19.1,0,0,0,F,20,B,D,E,E,E
904,7536.0,11.1,20,25,10,F,20,B,D,E,E,E
904,7537.0,19.4,0,0,0,F,20,B,D,E,E,E
904,7538.0,15.8,45,45,10,F,20,B,D,F,E,E
904,7539.0,17.2,0,0,0,F,20,B,D,F,F,E
904,7540.0,8.5,0,0,0,F,20,B,D,F,F,E
904,7541.0,12.3,30,10,0,F,20,B,D,F,F,F
904,7542.0,7.5,0,0,0,F,20,B,D,F,F,F
904,7543.0,6.6,0,0,0,F,20,C,E,F,F,F
904,7544.0,3.6,0,0,10,M,20,E,F,F,F,F
904,7545.0,7.6,0,0,0,M,20,E,F,F,F,F
904,7546.0,13.5,40,45,30,M,20,E,F,F,F,F
904,7547.0,7.5,0,0,0,M,20,,,,,
904,7548.0,14.9,0,0,15,M,20,,,,,
904,7549.0,6.4,0,0,0,M,20,,,,,
904,7550.0,0.0,10,10,50,M,20,,,,,
904,7551.0,15.0,0,15,15,M,20,,,,,
904,7552.0,7.5,0,0,5,M,20,,,,,
904,7553.0,8.5,0,0,0,M,20,,,,,
904,7554.0,2.6,10,0,0,M,20,,,,,
904,7555.0,0.0,0,0,0,M,20,,,,,
904,7556.0,15.0,20,0,0,M,20,,,,,
904,7557.0,7.5,20,30,30,M,20,,,,,
904,7558.0,15.9,10,15,0,M,20,,,,,
904,7559.0,17.4,0,0,0,M,20,,,,,
904,7560.0,1.0,35,5,10,M,20,,,,,
904,7561.0,7.6,0,0,0,M,20,,,,,
904,7562.0,7.5,0,0,10,M,20,,,,,
904,7563.0,14.7,0,20,0,M,20,,,,,
904,7564.0,11.9,25,15,15,M,20,,,,,
904,7565.0,12.1,0,35,0,M,20,,,,,
904,7566.0,4.0,0,20,0,M,20,,,,,
904,7567.0,7.5,10,0,0,M,20,,,,,
904,7568.0,7.5,10,0,0,M,20,,,,,
904,7569.0,7.5,0,0,10,M,20,,,,,
904,7570.0,12.1,25,25,0,M,20,,,,,
904,7571.0,7.5,0,0,10,M,20,,,,,
2001,7572.0,9.1,0,0,0,F,20,A,A,A,A,A
2001,7573.0,18.0,0,0,0,F,20,A,A,B,C,B
2001,7574.0,14.5,20,0,20,F,20,A,A,B,C,B
2001,7575.0,14.1,0,25,0,F,20,A,A,C,C,B
2001,7576.0,30.0,10,0,0,F,20,A,A,C,C,B
2001,7577.0,21.6,55,0,10,F,20,A,A,C,C,B
2001,7578.0,1.0,0,25,0,F,20,A,B,C,C,B
2001,7579.0,7.5,0,0,0,F,20,A,D,D,D,C
2001,7580.0,7.5,0,0,0,F,20,A,D,D,D,C
2001,7581.0,20.6,0,0,0,F,20,A,D,D,D,C
2001,7582.0,0.0,20,45,0,F,20,A,D,D,D,D
2001,7583.0,19.8,0,0,0,F,20,A,D,D,D,D
2001,7584.0,7.5,0,0,0,F,20,A,D,D,D,D
2001,7585.0,11.1,0,20,30,F,20,A,D,D,D,D
2001,7586.0,7.5,0,0,0,F,20,A,D,D,D,D
2001,7587.0,19.8,0,0,0,F,20,A,D,D,D,D
2001,7588.0,7.5,0,0,0,F,20,A,D,D,D,E
2001,7589.0,7.5,0,0,0,F,20,A,D,D,E,E
2001,7590.0,10.5,30,15,20,F,20,A,D,D,E,E
2001,7591.0,9.5,0,60,0,F,20,A,D,D,E,E
2001,7592.0,7.5,0,0,0,F,20,A,D,D,E,E
2001,7593.0,16.2,55,0,50,F,20,A,D,D,E,E
2001,7594.0,7.8,0,0,0,F,20,A,D,E,E,E
2001,7595.0,7.5,0,0,0,F,20,B,D,E,E,E
2001,7596.0,7.5,0,0,0,F,20,B,D,E,E,E
2001,7597.0,19.5,0,0,0,F,20,B,D,E,E,E
2001,7598.0,0.0,0,10,0,F,20,B,D,E,E,E
2001,7599.0,9.7,0,0,0,F,20,B,D,E,E,E
2001,7600.0,0.0,0,45,20,F,20,B,D,E,E,E
2001,7601.0,7.5,0,0,0,M,20,B,D,E,F,F
2001,7602.0,7.5,0,0,0,M,20,B,D,E,F,F
2001,7603.0,7.5,0,0,0,M,20,B,D,F,F,F
2001,7604.0,7.5,0,0,0,M,20,B,D,F,F,F
2001,7605.0,0.0,0,0,0,M,20,B,D,F,F,F
2001,7606.0,0.0,0,0,0,M,20,B,D,F,F,F
2001,7607.0,0.0,0,0,0,M,20,B,D,F,F,F
2001,7608.0,15.0,0,20,20,M,20,B,F,F,F,G
2001,7609.0,0.0,0,0,0,M,20,,,,,
2001,7610.0,8.2,0,0,10,M,20,,,,,
2001,7611.0,11.0,60,60,20,M,20,,,,,
2001,7612.0,15.4,0,20,0,M,20,,,,,
2001,7613.0,7.5,0,0,0,M,20,,,,,
2001,7614.0,7.5,0,0,0,M,20,,,,,
2001,7615.0,0.0,0,35,0,M,20,,,,,
2001,7616.0,7.5,0,0,0,M,20,,,,,
2001,7617.0,20.9,0,0,0,M,20,,,,,
2001,7618.0,21.0,0,0,0,M,20,,,,,
2001,7619.0,7.5,0,0,0,M,20,,,,,
2001,7620.0,7.5,0,0,0,M,20,,,,,
702,7621.0,7.5,0,0,0,F,20,A,A,A,A,A
702,7622.0,18.9,0,0,0,F,20,A,A,A,A,A
702,7623.0,7.5,0,0,0,F,20,A,A,A,A,A
702,7624.0,7.5,0,0,0,F,20,A,A,A,B,A
702,7625.0,28.2,25,0,0,F,20,A,A,A,B,A
702,7626.0,7.5,0,0,0,F,20,A,A,A,B,A
702,7627.0,0.0,0,0,0,F,20,A,A,B,B,A
702,7628.0,31.9,0,0,0,F,20,A,A,B,B,A
702,7629.0,5.2,0,0,0,F,20,A,A,B,B,A
702,7630.0,7.5,0,0,0,F,20,A,A,B,B,A
702,7631.0,11.5,0,45,0,F,20,A,A,B,B,A
702,7632.0,7.5,0,0,0,F,20,A,A,B,B,A
702,7633.0,7.5,0,0,0,F,20,A,A,B,B,A
702,7634.0,18.0,0,0,20,F,20,A,A,B,B,A
702,7635.0,11.7,15,15,30,F,20,A,A,B,B,A
702,7636.0,3.0,0,35,10,F,20,A,A,B,B,A
702,7637.0,12.9,25,0,30,F,20,A,B,B,B,A
702,7638.0,7.5,0,0,0,F,20,A,B,B,B,A
702,7639.0,10.1,0,0,0,F,20,A,B,B,B,A
702,7640.0,20.3,50,0,30,F,20,A,B,B,B,A
702,7641.0,20.0,0,0,0,F,20,A,B,B,B,A
702,7642.0,8.5,0,20,50,F,20,A,B,B,B,A
702,7643.0,14.5,50,0,0,F,20,A,B,B,B,A
702,7644.0,19.4,0,0,0,F,20,A,B,B,B,A
702,7645.0,18.8,0,0,0,F,20,A,B,B,B,A
702,7646.0,10.1,0,0,0,F,20,A,B,B,B,A
702,7647.0,20.0,0,0,0,F,20,A,B,B,B,A
702,7648.0,8.0,0,0,0,F,20,A,B,B,B,A
702,7649.0,2.6,0,45,5,F,20,A,B,B,B,A
702,7650.0,10.1,0,0,0,F,20,A,B,B,B,A
702,7651.0,7.6,50,40,0,F,20,A,B,B,B,A
702,7652.0,10.7,50,0,20,F,20,A,B,B,B,A
702,7653.0,3.4,25,0,0,F,20,A,B,B,B,A
702,7654.0,10.1,0,0,0,F,20,A,D,B,C,A
702,7655.0,9.9,50,0,15,F,20,A,D,B,C,A
702,7656.0,3.4,0,15,0,F,20,A,D,B,C,A
702,7657.0,7.5,25,0,0,F,20,A,D,B,C,A
702,7658.0,20.2,0,0,0,F,20,A,D,B,C,A
702,7659.0,10.1,0,0,0,F,20,A,D,B,C,A
702,7660.0,18.6,0,10,0,F,20,A,D,C,C,A
702,7661.0,10.1,0,0,0,M,20,A,D,C,C,A
702,7662.0,11.8,0,45,0,M,20,A,D,C,C,A
702,7663.0,23.2,15,45,0,M,20,A,D,C,C,A
702,7664.0,4.0,50,0,0,M,20,A,D,C,C,A
702,7665.0,8.5,0,0,15,M,20,A,D,C,C,A
702,7666.0,19.8,0,0,0,M,20,A,D,C,C,B
702,7667.0,8.5,0,0,0,M,20,A,D,C,C,B
702,7668.0,8.5,0,0,0,M,20,A,D,C,C,B
702,7669.0,32.9,0,0,0,M,20,A,D,C,C,B
702,7670.0,8.5,0,0,0,M,20,A,D,C,C,B
702,7671.0,2.0,0,0,0,M,20,A,D,C,C,B
702,7672.0,21.2,0,0,0,M,20,A,D,C,C,B
702,7673.0,11.5,0,0,0,M,20,A,D,C,C,B
702,7674.0,11.8,0,35,15,M,20,A,D,C,D,B
702,7675.0,8.5,0,0,0,M,20,A,D,D,D,B
702,7676.0,20.6,0,0,0,M,20,A,D,D,D,B
702,7677.0,20.0,0,0,0,M,20,A,D,D,D,B
702,7678.0,8.5,0,0,0,M,20,A,D,D,D,B
702,7679.0,9.5,5,0,0,M,20,A,D,D,D,B
702,7680.0,7.5,20,0,0,M,20,A,D,D,D,B
702,7681.0,9.5,0,0,5,M,20,A,D,D,D,B
702,7682.0,19.4,0,0,0,M,20,A,D,D,D,B
702,7683.0,3.0,15,0,35,M,20,A,D,D,D,B
702,7684.0,1.0,0,0,0,M,20,A,D,D,D,B
702,7685.0,17.6,0,20,0,M,20,A,D,D,D,B
702,7686.0,29.7,20,0,0,M,20,A,D,D,D,B
702,7687.0,14.9,0,30,0,M,20,A,D,D,D,B
702,7688.0,6.2,55,15,35,M,33,A,D,D,D,B
2402,7689.0,0.0,0,0,0,F,20,A,D,D,D,B
2402,7690.0,7.5,0,0,0,F,20,A,D,D,D,B
2402,7691.0,0.0,0,0,0,F,20,A,D,D,D,B
2402,7692.0,12.9,0,40,20,M,20,A,D,D,D,B
2402,7693.0,2.0,0,25,35,M,20,A,D,D,D,B
2402,7694.0,0.0,0,0,0,M,20,A,D,D,D,C
2402,7695.0,0.0,0,0,0,M,20,A,D,D,D,C
2402,7696.0,0.0,0,0,0,M,20,A,D,D,D,C
2402,7697.0,7.5,0,0,0,M,20,A,D,D,D,C
2402,7698.0,7.5,0,0,0,M,20,A,D,D,D,C
2402,7699.0,29.7,0,25,0,M,20,A,D,D,D,C
2402,7700.0,0.0,0,0,0,M,20,A,D,E,D,D
2402,7701.0,0.0,0,0,0,M,20,A,D,E,E,D
2402,7702.0,7.5,0,0,0,M,20,A,D,E,E,D
2402,7703.0,10.9,60,15,0,M,20,A,D,E,E,D
2402,7704.0,33.3,0,0,0,M,20,A,D,E,E,D
2402,7705.0,9.9,0,0,0,M,20,B,D,E,F,D
2402,7706.0,16.5,0,30,0,M,20,B,F,E,F,D
2402,7707.0,0.0,0,0,0,M,20,C,F,F,F,E
2402,7708.0,0.0,0,0,0,M,20,C,F,F,F,E
2402,7709.0,11.9,0,0,0,M,20,E,F,F,F,F
2402,7710.0,0.0,0,0,0,M,20,,,,,
2402,7711.0,22.5,0,0,0,M,20,,,,,
2402,7712.0,0.0,0,0,0,M,20,,,,,
2402,7713.0,0.0,0,0,0,M,20,,,,,
2402,7714.0,0.0,0,0,0,M,20,,,,,
2402,7715.0,7.5,0,0,0,M,20,,,,,
2402,7716.0,0.0,0,0,0,M,20,,,,,
2402,7717.0,7.5,0,0,0,M,20,,,,,
2402,7718.0,0.0,0,0,0,M,20,,,,,
2402,7719.0,23.4,30,0,35,M,20,,,,,
2402,7720.0,7.5,0,0,0,M,20,,,,,
2402,7721.0,9.5,10,0,0,M,20,,,,,
2402,7722.0,0.0,0,0,0,M,20,,,,,
2402,7723.0,0.0,0,0,0,M,20,,,,,
2402,7724.0,0.0,0,0,0,M,20,,,,,
2402,7725.0,0.0,0,0,0,M,20,,,,,
2402,7726.0,0.0,0,0,0,M,20,,,,,
2402,7727.0,0.0,0,0,0,M,20,,,,,
2402,7728.0,0.0,0,0,0,M,20,,,,,
2402,7729.0,0.0,0,0,0,M,20,,,,,
2402,7730.0,0.0,0,0,0,M,20,,,,,
2001,7731.0,0.0,0,0,0,F,20,A,A,A,A,A
2001,7732.0,0.0,0,0,0,F,20,A,A,A,A,A
2001,7733.0,0.0,0,0,0,F,20,A,A,A,A,A
2001,7734.0,0.0,0,0,0,F,20,A,A,A,A,A
2001,7735.0,7.5,0,25,0,F,20,A,A,A,B,A
2001,7736.0,0.0,0,0,0,F,20,A,A,A,B,A
2001,7737.0,0.0,0,0,0,F,20,A,A,A,B,A
2001,7738.0,11.1,0,0,0,F,20,A,A,A,B,A
2001,7739.0,9.5,10,0,0,F,20,A,A,A,B,A
2001,7740.0,0.0,0,0,0,F,20,A,A,A,B,A
2001,7741.0,0.0,0,45,0,F,20,A,A,A,B,A
2001,7742.0,22.5,0,0,0,F,20,A,A,A,B,A
2001,7743.0,0.0,0,45,0,F,20,A,A,B,B,A
2001,7744.0,21.2,0,0,0,F,20,A,A,B,B,A
2001,7745.0,2.4,25,25,10,F,20,A,B,B,B,A
2001,7746.0,21.4,0,0,0,F,20,A,B,B,B,A
2001,7747.0,22.5,0,0,0,F,20,A,B,B,B,A
2001,7748.0,21.0,50,15,20,F,20,A,B,B,B,A
2001,7749.0,15.3,50,0,0,F,20,A,B,B,B,A
2001,7750.0,22.5,0,0,0,F,20,A,B,B,B,A
2001,7751.0,33.6,0,0,0,F,20,A,B,B,B,A
2001,7752.0,6.8,0,0,0,F,20,A,B,B,B,A
2001,7753.0,9.1,0,0,0,F,20,A,B,B,B,A
2001,7754.0,22.5,0,0,0,F,20,A,D,B,B,A
2001,7755.0,22.5,0,0,0,F,20,A,D,B,B,A
2001,7756.0,6.8,0,0,0,F,20,A,D,B,B,A
2001,7757.0,10.1,10,55,0,F,20,A,D,B,C,A
2001,7758.0,16.0,15,20,10,F,20,A,D,B,C,A
2001,7759.0,11.5,0,0,0,F,20,A,D,B,C,A
2001,7760.0,22.4,0,0,0,F,20,A,D,B,C,A
2001,7761.0,7.5,50,45,5,F,20,A,D,B,C,A
2001,7762.0,9.9,10,0,0,F,20,A,D,B,C,A
2001,7763.0,30.6,0,20,0,F,20,A,D,B,C,A
2001,7764.0,1.4,0,35,0,F,20,A,D,B,C,A
2001,7765.0,19.0,0,15,0,F,20,A,D,B,C,A
2001,7766.0,12.1,0,0,0,F,20,A,D,B,D,A
2001,7767.0,4.6,10,35,0,F,20,A,D,B,D,A
2001,7768.0,22.5,0,0,0,F,20,A,D,B,D,A
2001,7769.0,22.5,0,0,0,F,20,A,D,B,D,A
2001,7770.0,22.5,0,0,0,F,20,A,D,B,D,A
2001,7771.0,22.5,0,0,0,F,20,A,D,B,D,A
2001,7772.0,22.5,0,0,0,F,20,A,D,C,D,A
2001,7773.0,22.5,0,0,0,F,20,A,D,C,D,B
2001,7774.0,22.5,0,0,0,F,20,A,D,C,D,B
2001,7775.0,11.2,0,0,0,F,20,A,D,C,D,B
2001,7776.0,2.4,0,0,30,F,20,A,D,C,D,B
2001,7777.0,22.5,0,0,0,F,20,A,D,C,D,B
2001,7778.0,22.5,0,0,0,F,20,A,D,C,D,B
2001,7779.0,22.5,0,0,0,F,20,A,D,D,D,B
2001,7780.0,5.8,25,0,10,F,20,A,D,D,D,B
2001,7781.0,15.1,20,0,30,F,20,A,D,D,D,B
2001,7782.0,7.0,20,0,10,F,20,A,D,D,D,B
2001,7783.0,0.0,0,45,0,F,20,A,D,D,D,B
2001,7784.0,10.1,0,10,0,F,20,A,D,D,D,B
2001,7785.0,15.1,0,0,0,F,20,A,D,D,D,B
2001,7786.0,2.6,40,75,20,F,20,A,D,D,D,B
2001,7787.0,23.0,0,0,0,F,20,A,D,D,D,B
2001,7788.0,2.0,40,15,10,F,20,A,D,D,D,B
2001,7789.0,9.5,0,0,0,F,20,A,D,D,D,B
2001,7790.0,20.4,0,0,0,F,20,A,D,D,D,B
2001,7791.0,2.0,10,0,0,F,20,B,D,D,D,B
2001,7792.0,22.5,0,0,0,F,20,B,D,D,D,B
2001,7793.0,25.0,0,0,60,F,20,B,D,D,D,B
2001,7794.0,30.8,10,10,0,F,20,B,D,D,D,B
2001,7795.0,9.5,0,0,0,F,20,B,D,D,D,B
2001,7796.0,15.0,0,50,0,F,20,B,D,D,D,B
2001,7797.0,23.2,0,0,0,F,20,B,D,D,D,C
2001,7798.0,17.6,0,20,0,F,20,B,D,D,E,C
2001,7799.0,16.0,10,0,25,F,20,B,D,D,E,C
2001,7800.0,21.6,0,0,0,F,20,B,D,D,E,C
2001,7801.0,15.0,45,0,0,F,20,C,D,D,E,D
2001,7802.0,7.2,0,0,0,F,20,C,D,E,E,D
2001,7803.0,33.8,0,0,0,F,20,C,F,E,E,D
2001,7804.0,17.0,0,40,0,F,20,E,F,E,F,D
2001,7805.0,20.4,0,0,0,F,20,E,F,E,F,E
2001,7806.0,4.4,10,10,30,F,20,,,,,
2001,7807.0,8.6,10,0,10,F,20,,,,,
2001,7808.0,10.8,0,0,0,F,20,,,,,
2001,7809.0,2.6,30,0,0,F,20,,,,,
2001,7810.0,14.3,80,20,30,F,20,,,,,
2001,7811.0,20.4,0,0,0,F,20,,,,,
2001,7812.0,9.5,0,0,0,F,20,,,,,
2001,7813.0,18.0,0,0,15,F,20,,,,,
2001,7814.0,22.5,0,0,0,M,20,,,,,
2001,7815.0,3.2,0,50,0,M,20,,,,,
2001,7816.0,22.4,0,0,0,M,20,,,,,
2001,7817.0,18.8,20,40,40,M,20,,,,,
2001,7818.0,11.9,0,0,0,M,20,,,,,
4004,7819.0,7.5,0,0,0,F,20,A,A,A,A,A
4004,7820.0,7.5,30,0,0,F,20,A,A,A,B,A
4004,7821.0,7.5,0,0,0,F,20,A,A,A,B,A
4004,7822.0,0.0,0,5,5,F,20,A,A,A,B,A
4004,7823.0,19.6,0,0,25,F,20,A,A,A,B,A
4004,7824.0,7.5,0,0,0,F,20,A,A,B,B,A
4004,7825.0,7.5,0,0,0,F,20,A,A,B,B,A
4004,7826.0,7.5,0,0,0,F,20,A,A,B,B,A
4004,7827.0,7.5,0,0,0,F,20,A,A,B,B,A
4004,7828.0,7.5,0,20,10,F,20,A,A,B,B,B
4004,7829.0,12.1,0,0,0,F,20,A,A,B,B,B
4004,7830.0,17.4,40,0,0,F,20,A,A,B,C,B
4004,7831.0,7.5,0,0,0,M,20,A,A,B,C,B
4004,7832.0,22.2,0,0,0,M,20,A,A,B,C,B
4004,7833.0,10.0,0,0,0,M,20,A,A,B,C,B
4004,7834.0,7.5,20,10,0,M,20,A,A,B,C,B
4004,7835.0,7.5,0,0,0,M,20,A,A,B,C,B
4004,7836.0,7.5,0,0,0,M,20,A,A,C,C,B
4004,7837.0,7.5,0,0,0,M,20,A,A,C,C,B
4004,7838.0,10.1,0,0,0,M,20,A,A,C,C,B
4004,7839.0,10.0,0,0,0,M,20,A,A,C,C,B
4004,7840.0,0.0,0,0,10,M,20,A,A,C,C,B
4004,7841.0,7.5,0,25,0,M,20,A,A,C,C,C
4004,7842.0,0.0,0,0,10,M,20,A,A,C,C,C
4004,7843.0,9.5,0,5,0,M,20,A,A,C,D,C
4004,7844.0,7.5,0,0,0,M,20,A,B,C,D,C
4004,7845.0,7.5,0,0,0,M,20,A,B,C,D,C
4004,7846.0,7.5,0,0,0,M,20,A,B,D,D,C
4004,7847.0,1.0,0,0,0,M,20,A,B,D,D,C
4004,7848.0,10.1,0,0,0,M,20,A,B,D,D,C
4004,7849.0,7.5,0,0,0,M,20,A,B,D,D,C
4004,7850.0,7.5,0,0,0,M,20,A,B,D,D,C
4004,7851.0,7.5,0,0,0,M,20,A,B,D,D,C
4004,7852.0,7.5,0,0,0,M,20,A,B,D,D,D
4004,7853.0,7.5,0,0,0,M,20,A,C,D,D,D
4004,7854.0,7.5,0,0,0,M,20,A,C,D,D,D
4004,7855.0,22.5,0,5,0,M,20,A,D,D,D,D
4004,7856.0,7.5,0,0,0,M,20,A,D,D,D,D
4004,7857.0,7.5,0,0,0,M,20,A,D,D,D,D
4004,7858.0,21.9,0,0,0,M,20,A,D,D,D,D
4004,7859.0,7.5,0,0,0,M,20,A,D,D,D,D
4004,7860.0,7.5,0,0,0,M,20,A,D,D,D,D
4004,7861.0,7.5,0,0,0,M,20,A,D,D,D,D
4004,7862.0,7.5,0,0,0,M,20,A,D,D,D,D
4004,7863.0,8.4,30,60,10,M,20,A,D,D,D,D
4004,7864.0,29.1,0,25,10,M,20,A,D,D,D,D
4004,7865.0,7.5,0,0,0,M,20,A,D,D,D,D
4004,7866.0,0.0,0,0,10,M,20,A,D,D,D,D
4004,7867.0,0.0,0,0,10,M,20,A,D,D,D,D
4004,7868.0,7.5,0,0,0,M,20,A,D,D,D,D
4004,7869.0,7.5,0,0,0,M,20,A,D,D,D,E
4004,7870.0,7.5,0,0,0,M,20,A,D,D,D,E
4004,7871.0,7.5,0,0,0,M,20,A,D,D,D,E
4004,7872.0,7.5,0,0,0,M,20,A,D,D,D,E
4004,7873.0,7.8,0,0,0,M,20,A,D,D,D,E
4004,7874.0,7.5,0,0,0,M,20,A,D,D,E,E
4004,7875.0,7.5,0,0,0,M,20,A,D,D,E,E
4004,7876.0,7.5,0,0,0,M,20,A,D,D,E,E
4004,7877.0,7.5,0,0,0,M,20,A,D,D,E,E
4004,7878.0,10.5,0,65,20,M,20,A,D,D,E,E
4004,7879.0,7.5,0,0,0,M,20,A,D,D,E,E
4004,7880.0,7.5,0,0,0,M,20,A,D,D,E,E
4004,7881.0,7.5,0,0,0,M,20,A,D,D,E,E
4004,7882.0,7.4,30,45,15,M,20,A,D,E,E,E
4004,7883.0,7.5,0,0,0,M,20,A,D,E,E,E
4004,7884.0,7.5,0,0,0,M,20,A,D,E,E,E
4004,7885.0,16.3,0,30,0,M,20,A,D,E,E,E
4004,7886.0,1.0,0,0,0,M,20,A,D,E,E,E
4004,7887.0,7.5,0,0,0,M,20,A,D,E,E,E
4004,7888.0,7.5,0,0,0,M,20,A,D,E,E,E
4004,7889.0,7.5,0,0,0,M,20,A,D,E,E,E
4004,7890.0,7.5,0,0,0,M,20,A,D,E,E,E
4004,7891.0,7.5,0,0,0,M,20,A,D,E,E,E
4004,7892.0,7.5,0,0,0,M,20,A,D,E,F,E
4004,7893.0,7.5,0,0,0,M,20,A,D,E,F,F
4004,7894.0,7.5,0,0,0,M,20,A,D,E,F,F
4004,7895.0,6.0,0,10,0,M,20,A,D,E,F,F
4004,7896.0,7.5,0,0,0,M,20,A,D,E,F,F
4004,7897.0,8.2,60,20,20,M,20,A,D,E,F,F
4004,7898.0,7.5,0,0,0,M,20,B,F,E,F,F
4004,7899.0,21.0,0,0,0,M,20,B,F,F,F,F
4004,7900.0,7.5,0,0,0,M,20,B,F,F,F,F
4004,7901.0,7.5,0,0,0,M,20,B,F,F,F,F
4004,7902.0,7.5,0,0,0,M,20,C,F,F,F,F
4004,7903.0,7.5,0,0,0,M,20,E,F,F,F,F
4004,7904.0,7.5,0,0,0,M,20,,,,,
4004,7905.0,16.4,0,30,0,M,20,,,,,
4004,7906.0,7.5,0,0,0,M,20,,,,,
4004,7907.0,7.5,0,0,0,M,20,,,,,
4004,7908.0,30.0,0,30,0,M,20,,,,,
4004,7909.0,10.1,0,0,0,M,20,,,,,
4004,7910.0,23.0,0,0,0,M,20,,,,,
4004,7911.0,7.5,0,0,0,M,20,,,,,
4004,7912.0,7.5,0,0,0,M,20,,,,,
4004,7913.0,7.5,0,0,0,M,20,,,,,
4004,7914.0,3.6,0,0,0,M,20,,,,,
4004,7915.0,7.5,0,0,0,M,20,,,,,
4004,7916.0,7.5,0,0,0,M,20,,,,,
4004,7917.0,1.8,10,30,0,M,20,,,,,
5401,7918.0,10.1,0,0,0,F,20,A,A,A,A,A
5401,7919.0,0.0,0,0,25,F,20,A,A,B,B,A
5401,7920.0,7.5,0,0,0,F,20,A,A,B,B,A
5401,7921.0,7.5,0,0,0,F,20,A,A,B,B,A
5401,7922.0,22.5,5,0,0,F,20,A,A,B,B,A
5401,7923.0,22.6,0,5,0,F,20,A,A,B,B,A
5401,7924.0,1.0,35,40,0,F,20,A,A,B,B,A
5401,7925.0,21.0,0,0,15,F,20,A,A,B,B,A
5401,7926.0,22.5,0,0,0,F,20,A,A,B,B,A
5401,7927.0,22.5,0,0,0,F,20,A,A,B,C,A
5401,7928.0,22.5,0,0,0,F,20,A,A,B,C,A
5401,7929.0,10.5,0,0,0,F,20,A,A,B,C,A
5401,7930.0,27.7,35,0,10,F,20,A,A,B,C,A
5401,7931.0,10.6,0,0,0,F,20,A,A,B,C,A
5401,7932.0,22.5,0,0,0,F,20,A,A,C,C,A
5401,7933.0,16.0,35,0,0,F,20,A,A,C,D,A
5401,7934.0,0.0,0,75,10,F,20,A,B,C,D,A
5401,7935.0,22.5,0,0,0,F,20,A,B,C,D,A
5401,7936.0,21.9,0,0,0,F,20,A,B,D,D,A
5401,7937.0,22.5,0,0,0,F,20,A,B,D,D,A
5401,7938.0,22.5,0,0,0,F,20,A,B,D,D,A
5401,7939.0,22.5,0,0,0,F,20,A,B,D,D,A
5401,7940.0,2.4,85,35,20,F,20,A,B,D,D,A
5401,7941.0,21.2,0,0,0,F,20,A,B,D,D,A
5401,7942.0,6.6,0,10,0,F,20,A,B,D,D,B
5401,7943.0,22.5,0,0,0,F,20,A,B,D,D,B
5401,7944.0,22.5,0,0,0,F,20,A,B,D,D,B
5401,7945.0,22.4,0,0,0,F,20,A,B,D,D,B
5401,7946.0,2.6,0,35,0,F,20,A,D,D,D,B
5401,7947.0,4.8,90,80,30,F,20,A,D,D,D,B
5401,7948.0,23.5,0,0,0,F,20,A,D,D,D,C
5401,7949.0,16.9,0,30,0,F,20,A,D,D,D,C
5401,7950.0,12.7,50,15,10,F,20,A,D,D,D,C
5401,7951.0,0.0,0,0,0,F,20,A,D,D,D,C
5401,7952.0,2.6,10,30,25,F,20,A,D,D,E,C
5401,7953.0,20.8,0,0,10,F,20,A,D,E,E,C
5401,7954.0,29.3,0,35,0,M,20,A,D,E,E,C
5401,7955.0,9.5,20,0,0,M,20,B,D,E,E,C
5401,7956.0,21.2,0,0,0,M,20,B,D,E,E,D
5401,7957.0,22.4,0,0,0,M,20,B,D,E,E,D
5401,7958.0,22.5,0,0,0,M,20,C,D,E,E,E
5401,7959.0,22.5,0,0,0,M,20,C,D,E,E,E
5401,7960.0,22.5,0,0,0,M,20,E,D,E,F,E
5401,7961.0,0.0,0,0,0,M,20,E,D,F,F,E
5401,7962.0,22.5,0,0,0,M,20,E,D,F,F,E
5401,7963.0,0.0,0,0,0,M,20,E,D,F,F,F
5401,7964.0,21.8,0,0,0,M,20,E,F,F,F,F
5401,7965.0,6.4,55,45,0,M,20,,,,,
5401,7966.0,22.5,0,0,0,M,20,,,,,
5401,7967.0,11.1,10,55,20,M,20,,,,,
5401,7968.0,20.2,35,50,10,M,20,,,,,
5401,7969.0,12.9,0,0,0,M,20,,,,,
5401,7970.0,13.9,0,0,0,M,20,,,,,
5401,7971.0,3.4,0,0,0,M,20,,,,,
5401,7972.0,5.0,0,20,10,M,20,,,,,
5401,7973.0,5.4,40,10,0,M,20,,,,,
5401,7974.0,10.9,0,0,0,M,20,,,,,
1501,7975.0,10.8,0,0,0,F,20,A,A,B,A,A
1501,7976.0,21.0,20,0,0,F,20,A,A,B,A,A
1501,7977.0,10.3,25,0,0,F,20,A,A,B,B,A
1501,7978.0,8.4,30,0,0,F,20,A,A,B,B,A
1501,7979.0,12.9,0,0,0,F,20,A,A,B,B,A
1501,7980.0,30.6,10,0,20,F,20,A,A,B,B,A
1501,7981.0,14.0,35,0,25,F,20,A,A,C,C,B
1501,7982.0,12.9,0,0,0,F,20,A,B,C,C,B
1501,7983.0,9.5,10,0,25,F,20,A,B,C,D,B
1501,7984.0,22.0,0,15,0,F,20,A,B,D,D,B
1501,7985.0,16.5,30,0,20,F,20,A,B,D,D,B
1501,7986.0,4.8,35,20,0,F,20,A,B,D,D,B
1501,7987.0,5.6,0,20,0,F,20,A,D,D,D,B
1501,7988.0,22.4,0,0,0,F,20,A,D,D,D,B
1501,7989.0,10.1,20,0,0,F,20,A,D,D,D,B
1501,7990.0,3.2,10,25,0,F,20,A,D,D,D,B
1501,7991.0,35.0,0,0,0,F,20,A,D,D,D,B
1501,7992.0,7.5,70,10,30,M,20,A,D,D,D,B
1501,7993.0,8.5,0,0,0,M,20,A,D,D,D,B
1501,7994.0,20.1,0,100,0,M,20,A,D,D,D,C
1501,7995.0,9.5,0,0,0,M,20,B,D,D,D,C
1501,7996.0,8.5,0,0,0,M,20,B,D,D,E,E
1501,7997.0,8.5,0,0,0,M,20,B,D,D,E,E
1501,7998.0,0.0,70,60,30,M,20,E,F,D,F,E
1501,7999.0,2.0,0,0,0,M,20,,,,,
3202,8000.0,19.4,10,15,5,F,20,A,A,A,B,A
3202,8001.0,35.2,0,0,0,F,20,A,A,A,B,A
3202,8002.0,10.4,30,45,0,F,20,A,A,B,B,A
3202,8003.0,19.4,30,0,0,F,20,A,A,B,B,A
3202,8004.0,7.5,35,0,0,F,20,A,A,B,C,A
3202,8005.0,8.5,0,0,0,F,20,A,B,B,C,A
3202,8006.0,11.7,25,40,0,F,20,A,D,C,C,A
3202,8007.0,7.0,0,10,0,F,20,A,D,C,D,A
3202,8008.0,12.5,10,0,50,F,20,A,D,C,D,B
3202,8009.0,2.0,0,0,0,M,20,A,D,D,D,B
3202,8010.0,7.5,0,35,0,M,20,A,D,D,D,B
3202,8011.0,11.3,10,0,0,M,20,A,D,D,D,B
3202,8012.0,7.5,0,25,10,M,20,A,D,D,D,B
3202,8013.0,12.9,0,0,0,M,20,B,D,D,E,B
3202,8014.0,13.7,30,35,5,M,20,B,D,D,E,C
3202,8015.0,9.5,10,15,0,M,20,B,D,E,E,C
3202,8016.0,22.5,0,0,0,M,20,C,F,F,F,E
1602,8017.0,23.2,0,0,0,F,20,A,A,A,A,A
1602,8018.0,22.5,0,0,0,F,20,A,A,A,A,A
1602,8019.0,9.0,40,0,0,F,20,A,A,A,A,A
1602,8020.0,11.1,0,0,0,F,20,A,A,A,A,A
1602,8021.0,0.0,15,0,0,F,20,A,A,A,A,A
1602,8022.0,11.1,0,0,0,F,20,A,A,B,B,A
1602,8023.0,4.2,30,15,15,F,20,A,A,B,B,A
1602,8024.0,16.6,25,25,0,F,20,A,A,B,B,A
1602,8025.0,11.3,0,0,0,F,20,A,A,B,B,A
1602,8026.0,0.0,0,15,0,F,20,A,A,B,B,A
1602,8027.0,7.5,0,15,0,F,20,A,A,B,B,A
1602,8028.0,22.5,0,0,0,F,20,A,A,B,B,A
1602,8029.0,4.2,0,30,0,F,20,A,A,B,B,A
1602,8030.0,2.0,0,45,0,F,20,A,A,B,B,A
1602,8031.0,2.0,0,45,0,F,20,A,A,B,B,A
1602,8032.0,21.4,20,0,0,F,20,A,A,B,B,A
1602,8033.0,18.6,30,0,10,F,20,A,A,B,B,A
1602,8034.0,22.7,0,0,0,F,20,A,A,B,B,A
1602,8035.0,11.1,0,0,0,F,20,A,A,B,B,A
1602,8036.0,22.5,0,0,0,F,20,A,A,B,B,A
1602,8037.0,7.5,0,0,40,F,20,A,A,B,B,A
1602,8038.0,10.1,0,0,0,F,20,A,B,B,B,A
1602,8039.0,7.5,0,10,0,F,20,A,B,B,B,A
1602,8040.0,0.0,50,0,40,F,20,A,B,B,B,A
1602,8041.0,19.9,25,5,0,F,20,A,B,B,B,A
1602,8042.0,10.1,0,0,0,F,20,A,B,B,C,A
1602,8043.0,4.2,30,0,0,F,20,A,B,B,C,A
1602,8044.0,8.9,0,0,0,F,20,A,B,B,C,A
1602,8045.0,8.9,0,0,0,F,20,A,B,B,C,A
1602,8046.0,2.0,30,15,0,F,20,A,B,B,C,A
1602,8047.0,23.4,0,0,0,F,20,A,B,B,C,A
1602,8048.0,20.5,55,45,0,F,20,A,B,C,C,A
1602,8049.0,15.0,0,0,0,F,20,A,B,C,C,A
1602,8050.0,23.4,0,0,0,F,20,A,B,C,C,A
1602,8051.0,22.5,0,0,0,F,20,A,B,C,C,A
1602,8052.0,23.5,50,30,0,F,20,A,B,C,C,A
1602,8053.0,22.5,0,0,0,F,20,A,B,C,C,A
1602,8054.0,10.3,20,45,30,F,20,A,B,C,D,A
1602,8055.0,15.0,25,0,40,F,20,A,B,C,D,A
1602,8056.0,22.5,0,0,0,F,20,A,B,C,D,A
1602,8057.0,18.6,20,20,0,F,20,A,B,C,D,A
1602,8058.0,11.1,0,0,0,F,20,A,B,C,D,A
1602,8059.0,0.0,25,0,0,F,20,A,B,C,D,A
1602,8060.0,7.5,0,0,10,F,20,A,B,C,D,A
1602,8061.0,8.8,10,15,5,F,20,A,B,C,D,B
1602,8062.0,0.0,5,0,10,F,20,A,D,D,D,B
1602,8063.0,0.0,0,10,5,F,20,A,D,D,D,B
1602,8064.0,7.8,20,45,45,F,20,A,D,D,D,B
1602,8065.0,1.0,5,5,0,F,20,A,D,D,D,B
1602,8066.0,15.7,15,30,15,M,20,A,D,D,D,B
1602,8067.0,22.5,0,0,0,M,20,A,D,D,D,B
1602,8068.0,6.2,20,0,30,M,20,A,D,D,D,B
1602,8069.0,20.6,0,20,0,M,20,A,D,D,D,B
1602,8070.0,22.5,0,0,0,M,20,A,D,D,D,B
1602,8071.0,9.5,55,30,0,M,20,A,D,D,D,B
1602,8072.0,22.5,0,0,0,M,20,A,D,D,D,B
1602,8073.0,22.5,0,0,0,M,20,A,D,D,D,B
1602,8074.0,22.5,0,0,0,M,20,A,D,D,D,B
1602,8075.0,22.5,0,0,0,M,20,A,D,D,D,B
1602,8076.0,22.5,0,0,0,M,20,A,D,D,D,B
1602,8077.0,24.7,0,0,0,M,20,A,D,D,D,B
1602,8078.0,22.5,0,0,0,M,20,A,D,D,D,B
1602,8079.0,11.5,0,0,0,M,20,A,D,D,D,B
1602,8080.0,12.9,0,0,0,M,20,A,D,D,D,B
1602,8081.0,22.5,0,0,0,M,20,A,D,D,D,B
1602,8082.0,7.5,0,20,0,M,20,A,D,D,D,B
1602,8083.0,32.8,20,0,0,M,20,A,D,D,D,B
1602,8084.0,15.1,55,0,10,M,20,A,D,D,D,B
1602,8085.0,13.7,0,0,0,M,20,A,D,D,D,B
1602,8086.0,15.7,10,50,0,M,20,A,D,D,D,B
1602,8087.0,22.5,0,0,0,M,20,A,D,D,D,C
1602,8088.0,14.5,30,35,5,M,20,A,D,D,D,C
1602,8089.0,9.5,0,15,0,M,20,A,D,D,D,C
1602,8090.0,22.5,0,0,0,M,20,A,D,D,E,C
1602,8091.0,22.5,0,0,0,M,20,A,D,D,E,C
1602,8092.0,22.5,0,0,0,M,20,A,D,D,E,C
1602,8093.0,22.5,0,0,0,M,20,A,D,D,E,C
1602,8094.0,22.4,0,0,0,M,20,A,D,D,E,C
1602,8095.0,22.5,0,0,0,M,20,A,D,E,E,D
1602,8096.0,17.0,0,35,0,M,20,A,D,E,E,D
1602,8097.0,22.5,0,0,0,M,20,A,D,E,E,D
1602,8098.0,9.1,0,0,0,M,20,B,F,E,E,D
1602,8099.0,10.3,0,0,0,M,20,B,F,E,F,D
1602,8100.0,22.5,0,0,0,M,20,B,F,E,F,E
1602,8101.0,2.6,50,0,30,M,20,B,F,E,F,E
1602,8102.0,23.6,0,0,0,M,20,E,F,F,F,E
1602,8103.0,22.5,0,0,0,M,20,,,,,
1602,8104.0,22.5,0,0,0,M,20,,,,,
1602,8105.0,15.1,10,45,10,M,20,,,,,
1602,8106.0,21.0,0,15,0,M,20,,,,,
1602,8107.0,16.6,10,30,0,M,20,,,,,
1602,8108.0,9.1,0,0,0,M,20,,,,,
1602,8109.0,30.0,0,40,0,M,20,,,,,
1602,8110.0,15.0,50,0,0,M,20,,,,,
3002,8111.0,16.6,25,20,10,F,20,A,A,A,B,A
3002,8112.0,7.6,50,0,70,F,20,A,A,B,B,A
3002,8113.0,8.9,20,15,0,F,20,A,A,B,B,A
3002,8114.0,15.0,0,0,0,M,20,A,A,B,B,A
3002,8115.0,15.9,0,45,0,M,20,A,A,B,B,A
3002,8116.0,12.1,0,0,0,M,20,A,B,B,B,A
3002,8117.0,12.1,0,0,0,M,20,A,B,B,B,A
3002,8118.0,10.7,0,0,0,M,20,A,B,B,B,A
3002,8119.0,15.0,0,0,0,M,20,A,B,B,C,A
3002,8120.0,12.1,0,0,0,M,20,A,B,B,C,B
3002,8121.0,4.4,40,90,10,M,20,A,D,B,C,B
3002,8122.0,7.5,80,0,30,M,20,A,D,B,D,B
3002,8123.0,2.0,10,50,20,M,20,A,D,C,D,B
3002,8124.0,4.4,0,35,0,M,20,A,D,C,D,B
3002,8125.0,25.1,0,45,30,M,20,A,D,C,D,B
3002,8126.0,8.9,20,0,0,M,20,A,D,C,D,B
3002,8127.0,23.9,0,0,0,M,20,A,D,D,D,B
3002,8128.0,12.1,0,0,0,M,20,B,D,D,D,B
3002,8129.0,9.5,0,0,0,M,20,B,D,D,D,C
3002,8130.0,13.3,0,0,5,M,20,B,D,D,D,C
702,8131.0,14.7,0,0,0,F,20,A,D,B,C,A
702,8132.0,17.4,25,15,0,F,20,A,D,B,C,A
702,8133.0,5.4,15,45,0,F,20,A,D,B,D,B
702,8134.0,0.0,0,0,0,F,20,A,D,B,D,B
702,8135.0,3.2,0,45,0,F,20,A,D,C,D,B
702,8136.0,11.1,0,0,10,F,20,A,D,C,D,B
702,8137.0,0.0,0,0,0,F,20,A,D,C,D,B
702,8138.0,0.0,0,0,0,F,20,A,D,C,D,B
702,8139.0,12.5,0,0,0,F,20,A,D,C,D,B
702,8140.0,10.1,0,0,0,M,20,A,D,C,D,B
702,8141.0,10.1,0,0,0,M,20,A,D,C,D,B
702,8142.0,2.4,10,0,0,M,20,A,D,C,D,B
702,8143.0,10.5,0,35,50,M,20,A,D,C,D,B
702,8144.0,3.6,0,0,0,M,20,A,D,C,D,B
702,8145.0,21.4,25,0,0,M,20,A,D,C,D,B
702,8146.0,0.0,15,0,0,M,20,A,D,C,D,B
702,8147.0,7.5,0,10,15,M,20,A,D,D,D,C
702,8148.0,7.5,0,15,0,M,20,B,D,D,D,C
702,8149.0,4.8,0,0,0,M,20,B,D,D,D,C
702,8150.0,7.5,0,20,15,M,20,B,D,D,D,C
702,8151.0,0.0,0,0,0,M,20,B,D,D,D,C
702,8152.0,15.0,0,60,0,M,20,B,D,D,D,D
702,8153.0,11.7,25,0,0,M,20,B,D,D,D,D
702,8154.0,0.0,0,0,0,M,20,B,D,D,D,D
702,8155.0,20.4,0,20,0,M,20,B,D,D,E,D
702,8156.0,29.2,50,0,0,M,20,B,D,D,E,D
702,8157.0,7.0,30,20,0,M,20,B,D,E,E,D
702,8158.0,5.0,0,0,0,M,20,B,D,E,E,E
702,8159.0,13.1,10,0,0,M,20,B,D,E,F,E
702,8160.0,0.0,0,0,0,M,20,,,,,
702,8161.0,4.2,25,35,10,M,20,,,,,
3202,8162.0,11.7,40,15,40,F,20,A,A,A,B,A
3202,8163.0,18.0,0,50,0,F,20,A,A,A,B,A
3202,8164.0,14.5,0,0,0,F,20,A,A,A,B,A
3202,8165.0,23.4,0,0,0,F,20,A,A,A,B,A
3202,8166.0,0.0,0,25,0,F,20,A,A,B,B,A
3202,8167.0,11.3,0,0,0,F,20,A,A,B,B,A
3202,8168.0,7.5,0,15,0,F,20,A,A,B,C,A
3202,8169.0,8.5,10,0,0,F,20,A,B,B,C,A
3202,8170.0,26.1,0,0,0,F,20,A,C,B,C,A
3202,8171.0,25.8,0,0,0,F,20,A,D,B,C,A
3202,8172.0,0.0,0,0,0,F,20,A,D,B,D,A
3202,8173.0,10.4,25,75,0,F,20,A,D,C,D,A
3202,8174.0,0.0,0,0,0,F,20,A,D,C,D,A
3202,8175.0,10.1,10,0,20,F,20,A,D,C,D,B
3202,8176.0,12.4,0,0,0,F,20,A,D,C,D,B
3202,8177.0,7.0,10,0,40,F,20,A,D,D,D,B
3202,8178.0,10.0,0,0,0,F,20,A,D,D,D,B
3202,8179.0,10.1,0,0,0,F,20,A,D,D,D,B
3202,8180.0,0.0,0,0,0,M,20,A,D,D,D,B
3202,8181.0,15.0,20,0,50,M,20,A,D,D,D,B
3202,8182.0,11.1,10,15,0,M,20,A,D,D,D,B
3202,8183.0,0.0,0,0,0,M,20,B,D,D,D,B
3202,8184.0,24.6,0,0,0,M,20,B,D,D,D,B
3202,8185.0,7.0,30,0,20,M,20,B,D,D,D,B
3202,8186.0,15.0,0,0,0,M,20,B,D,D,D,B
3202,8187.0,3.4,0,30,15,M,20,B,D,D,E,C
3202,8188.0,23.2,10,0,0,M,20,D,D,E,E,D
3202,8189.0,15.0,0,0,0,M,20,E,D,F,E,D
3202,8190.0,15.0,0,0,0,M,20,,,,,
3202,8191.0,10.3,30,0,0,M,20,,,,,
3202,8192.0,15.0,0,0,0,M,20,,,,,
3202,8193.0,18.7,30,0,20,M,20,,,,,
3202,8194.0,15.0,0,0,0,M,20,,,,,
3202,8195.0,15.0,0,0,0,M,20,,,,,
3202,8196.0,15.0,0,0,0,M,20,,,,,
2001,8197.0,15.0,0,0,0,F,20,A,D,D,D,B
2001,8198.0,15.1,0,0,0,F,20,A,D,D,D,B
2001,8199.0,23.6,0,0,0,F,20,A,D,D,D,B
2001,8200.0,18.4,20,15,15,F,20,A,D,D,D,B
2001,8201.0,15.0,0,0,0,F,20,A,D,D,D,B
2001,8202.0,15.0,0,0,0,F,20,A,D,D,D,B
2001,8203.0,15.0,0,0,0,F,20,A,D,D,D,B
2001,8204.0,15.0,0,0,0,F,20,A,D,D,D,B
2001,8205.0,15.0,0,0,0,F,20,A,D,D,D,B
2001,8206.0,15.0,0,0,0,F,20,A,D,D,D,B
2001,8207.0,15.0,0,0,0,F,20,A,D,D,D,B
2001,8208.0,16.0,0,0,0,F,20,A,D,D,D,B
2001,8209.0,15.0,25,25,25,F,20,A,D,D,D,B
2001,8210.0,15.0,0,0,0,F,20,A,D,D,D,B
2001,8211.0,15.0,0,0,0,F,20,A,D,D,D,B
2001,8212.0,15.0,0,0,0,F,20,A,D,D,D,B
2001,8213.0,10.3,15,5,10,F,20,A,D,D,D,B
2001,8214.0,9.5,0,0,5,F,20,A,D,D,D,B
2001,8215.0,2.6,0,0,10,F,20,A,D,D,D,B
2001,8216.0,24.4,40,25,20,F,20,A,D,D,D,B
2001,8217.0,15.0,0,0,0,F,20,A,D,D,D,B
2001,8218.0,15.0,0,0,0,F,20,A,D,D,D,B
2001,8219.0,11.9,20,0,0,F,20,A,D,D,D,B
2001,8220.0,1.4,40,50,0,F,20,B,D,D,D,B
2001,8221.0,15.0,0,0,0,F,20,B,D,D,D,C
2001,8222.0,15.0,0,0,0,M,20,B,D,D,D,C
2001,8223.0,15.0,0,0,0,M,20,B,D,E,D,C
2001,8224.0,15.0,0,0,0,M,20,B,D,E,D,C
2001,8225.0,10.0,0,25,0,M,20,B,D,E,D,C
2001,8226.0,15.0,0,0,0,M,20,B,D,E,D,D
2001,8227.0,15.0,0,0,0,M,20,B,D,E,D,D
2001,8228.0,15.0,30,45,0,M,20,B,D,E,E,D
2001,8229.0,15.0,0,0,0,M,20,C,D,E,E,D
2001,8230.0,15.0,0,0,0,M,20,E,D,E,E,D
2001,8231.0,10.5,30,0,0,M,20,E,D,E,E,D
2001,8232.0,15.0,0,0,0,M,20,E,E,F,E,E
2001,8233.0,22.5,0,25,0,M,20,E,F,F,F,F
2001,8234.0,13.9,15,30,35,M,20,,,,,
2001,8235.0,13.3,65,0,20,M,20,,,,,
2001,8236.0,15.0,0,0,0,M,20,,,,,
2001,8237.0,15.0,0,0,0,M,20,,,,,
2001,8238.0,15.0,0,0,0,M,20,,,,,
2001,8239.0,15.0,0,0,0,M,20,,,,,
2001,8240.0,15.0,0,0,0,M,20,,,,,
2001,8241.0,15.0,0,0,0,M,20,,,,,
1502,8242.0,15.0,0,0,0,F,20,A,A,A,B,A
1502,8243.0,15.0,0,0,0,F,20,A,A,A,B,A
1502,8244.0,15.0,0,0,0,F,20,A,A,B,B,A
1502,8245.0,15.0,0,0,0,F,20,A,A,B,B,A
1502,8246.0,15.0,0,0,0,F,20,A,B,B,B,A
1502,8247.0,15.0,0,0,0,F,20,A,B,B,C,A
1502,8248.0,11.7,0,0,25,F,20,A,B,C,C,A
1502,8249.0,12.5,75,0,0,F,20,A,C,C,C,B
1502,8250.0,24.5,0,0,0,F,20,A,C,C,C,B
1502,8251.0,37.4,0,0,0,F,20,A,D,C,C,B
1502,8252.0,5.6,0,0,0,F,20,A,D,C,C,B
1502,8253.0,37.5,0,0,0,F,20,A,D,C,D,B
1502,8254.0,20.4,55,60,0,F,20,A,D,D,D,B
1502,8255.0,2.0,0,0,15,F,20,A,D,D,D,B
1502,8256.0,25.4,0,0,0,F,20,A,D,D,D,B
1502,8257.0,37.5,0,0,0,F,20,A,D,D,D,B
1502,8258.0,37.5,0,0,0,F,20,A,D,D,D,B
1502,8259.0,13.3,0,0,0,M,20,A,D,D,D,B
1502,8260.0,8.5,0,0,15,M,20,A,D,D,D,B
1502,8261.0,9.1,55,45,0,M,20,A,D,D,D,B
1502,8262.0,17.0,0,0,0,M,20,A,D,D,E,C
1502,8263.0,12.5,50,35,10,M,20,A,D,D,E,C
1502,8264.0,10.7,0,0,0,M,20,A,D,D,E,C
1502,8265.0,11.9,0,0,0,M,20,A,D,D,E,C
1502,8266.0,11.0,0,0,0,M,20,B,D,D,E,C
1502,8267.0,10.9,0,0,0,M,20,B,D,D,E,C
1502,8268.0,18.3,30,0,25,M,20,B,D,D,E,D
1502,8269.0,4.8,50,0,20,M,20,B,D,E,E,E
1502,8270.0,33.2,30,0,0,M,20,B,D,E,F,E
1502,8271.0,3.0,10,0,0,M,20,B,D,E,F,F
1502,8272.0,11.0,25,70,10,M,20,D,F,F,F,G
3502,8273.0,22.0,0,25,5,F,20,A,A,A,A,A
3502,8274.0,4.4,0,0,0,F,20,A,A,A,B,A
3502,8275.0,12.2,20,0,0,F,20,A,A,A,B,A
3502,8276.0,32.9,0,30,0,F,20,A,A,B,B,A
3502,8277.0,25.1,0,0,0,F,20,A,A,B,B,A
3502,8278.0,22.7,90,10,0,F,20,A,A,B,B,A
3502,8279.0,8.9,20,25,0,F,20,A,A,B,B,A
3502,8280.0,15.5,0,0,0,F,20,A,A,B,B,A
3502,8281.0,12.7,25,35,15,F,20,A,A,B,B,A
3502,8282.0,15.9,25,5,40,F,20,A,A,B,B,A
3502,8283.0,12.0,0,0,0,F,20,A,A,B,B,A
3502,8284.0,10.9,0,0,0,F,20,A,A,B,C,A
3502,8285.0,24.2,0,0,0,F,20,A,A,C,C,A
3502,8286.0,9.5,0,10,0,F,20,A,A,C,C,A
3502,8287.0,4.2,0,0,0,F,20,A,A,C,C,A
3502,8288.0,5.6,0,0,0,F,20,A,B,C,C,A
3502,8289.0,10.9,0,0,0,F,20,A,B,C,D,A
3502,8290.0,22.4,0,10,0,F,20,A,B,C,D,A
3502,8291.0,9.2,35,5,0,F,20,A,B,C,D,B
3502,8292.0,21.5,0,15,0,F,20,A,C,C,D,B
3502,8293.0,10.9,0,0,0,F,20,A,C,C,D,B
3502,8294.0,4.4,30,30,0,F,20,A,D,C,D,B
3502,8295.0,11.9,0,0,0,F,20,A,D,C,D,B
3502,8296.0,15.2,0,0,0,M,20,A,D,C,D,B
3502,8297.0,20.5,30,0,10,M,20,A,D,C,D,B
3502,8298.0,3.0,10,0,0,M,20,A,D,D,D,B
3502,8299.0,14.5,40,0,40,M,20,A,D,D,D,B
3502,8300.0,15.0,0,0,0,M,20,A,D,D,D,B
3502,8301.0,22.0,0,15,0,M,20,A,D,D,D,B
3502,8302.0,11.1,10,0,0,M,20,A,D,D,D,B
3502,8303.0,7.5,0,45,10,M,20,A,D,D,D,B
3502,8304.0,4.8,0,0,0,M,20,A,D,D,D,B
3502,8305.0,15.0,0,0,0,M,20,A,D,D,D,B
3502,8306.0,16.5,25,0,45,M,20,A,D,D,D,B
3502,8307.0,15.6,0,0,0,M,20,A,D,D,D,B
3502,8308.0,11.1,0,0,0,M,20,A,D,D,D,B
3502,8309.0,7.5,0,0,0,M,20,A,D,D,D,B
3502,8310.0,7.5,0,0,0,M,20,A,D,D,D,C
3502,8311.0,15.0,0,0,0,M,20,A,D,D,D,C
3502,8312.0,15.3,30,90,30,M,20,A,D,D,D,C
3502,8313.0,15.9,0,0,0,M,20,A,D,D,D,C
3502,8314.0,13.5,0,0,0,M,20,B,D,D,E,C
3502,8315.0,13.7,0,0,0,M,20,B,D,D,E,C
3502,8316.0,0.0,0,0,0,M,20,B,D,E,E,C
3502,8317.0,3.0,0,0,0,M,20,B,D,E,E,D
3502,8318.0,15.0,0,0,0,M,20,B,D,E,E,D
3502,8319.0,5.8,25,10,0,M,20,B,D,E,E,D
3502,8320.0,7.5,40,0,0,M,20,B,D,E,E,D
3502,8321.0,15.0,0,5,0,M,20,B,D,E,F,D
3502,8322.0,3.4,10,0,0,M,20,B,D,E,F,D
3502,8323.0,15.9,0,0,0,M,20,B,D,E,F,E
3502,8324.0,2.6,5,0,10,M,20,B,D,E,F,E
3502,8325.0,15.0,0,0,0,M,20,C,D,E,F,E
3502,8326.0,16.5,20,20,30,M,20,E,D,F,F,F
3502,8327.0,10.9,0,25,0,M,20,E,F,F,F,F
3502,8328.0,21.0,0,0,40,M,20,,,,,
3502,8329.0,0.0,30,0,0,M,20,,,,,
3502,8330.0,13.5,0,0,0,M,20,,,,,
3502,8331.0,15.0,0,0,0,M,20,,,,,
1402,8332.0,7.5,0,0,0,F,20,A,A,A,B,A
1402,8333.0,19.8,10,20,0,F,20,A,A,A,B,A
1402,8334.0,12.7,50,0,50,F,20,A,A,B,B,A
1402,8335.0,15.0,0,0,0,F,20,A,D,B,C,A
1402,8336.0,11.1,0,0,0,F,20,A,D,B,C,A
1402,8337.0,3.6,20,50,10,F,20,A,D,C,C,B
1402,8338.0,12.9,20,70,5,F,20,A,D,C,C,B
1402,8339.0,0.0,30,45,0,F,20,A,D,C,C,B
1402,8340.0,15.0,0,0,0,F,20,A,D,C,C,B
1402,8341.0,2.4,0,60,0,F,20,A,D,C,D,B
1402,8342.0,11.3,0,0,0,F,20,A,D,C,D,B
1402,8343.0,26.4,20,0,55,M,20,A,D,D,D,B
1402,8344.0,15.0,60,15,5,M,20,A,D,D,D,B
1402,8345.0,10.5,10,15,10,M,20,A,D,D,D,B
1402,8346.0,21.0,0,30,10,M,20,A,D,D,D,B
1402,8347.0,2.4,15,0,0,M,20,B,D,D,D,B
1402,8348.0,17.7,50,0,10,M,20,B,D,D,D,D
1402,8349.0,15.0,0,5,0,M,20,B,D,D,D,D
1402,8350.0,15.0,0,0,0,M,20,B,D,E,D,E
1402,8351.0,16.0,0,45,15,M,20,B,D,E,E,E
1402,8352.0,14.1,0,0,0,M,20,B,F,E,E,E
1402,8353.0,0.0,0,0,0,M,20,B,F,E,F,F
1602,8354.0,0.0,0,0,0,F,20,A,A,A,B,A
1602,8355.0,10.6,10,10,15,F,20,A,A,B,B,A
1602,8356.0,11.1,20,0,0,F,20,A,A,B,B,A
1602,8357.0,26.2,0,0,0,F,20,A,A,B,B,A
1602,8358.0,27.1,0,0,0,F,20,A,A,B,B,A
1602,8359.0,13.5,25,0,0,F,20,A,A,C,B,A
1602,8360.0,2.0,10,0,10,F,20,A,A,C,B,A
1602,8361.0,30.8,0,50,0,F,20,A,A,C,C,A
1602,8362.0,4.0,10,0,0,F,20,A,A,D,D,A
1602,8363.0,11.5,0,0,0,F,20,A,A,D,D,A
1602,8364.0,8.8,0,20,0,F,20,A,A,D,D,A
1602,8365.0,5.0,0,0,0,F,20,A,A,D,D,A
1602,8366.0,0.0,0,0,0,F,20,A,B,D,D,B
1602,8367.0,25.1,0,15,0,F,20,A,B,D,D,B
1602,8368.0,0.0,0,15,20,F,20,A,D,D,D,B
1602,8369.0,25.0,40,0,50,F,20,A,D,D,D,B
1602,8370.0,1.0,0,5,0,F,20,A,D,D,D,B
1602,8371.0,21.8,0,20,0,F,20,A,D,D,D,B
1602,8372.0,10.3,30,0,10,F,20,A,D,D,D,B
1602,8373.0,26.2,0,0,0,F,20,A,D,D,D,B
1602,8374.0,16.0,0,0,0,F,20,A,D,D,D,B
1602,8375.0,0.0,0,0,0,F,20,A,D,D,D,B
1602,8376.0,4.6,0,45,0,F,20,A,D,D,D,B
1602,8377.0,16.0,0,0,0,F,20,A,D,D,D,B
1602,8378.0,0.0,0,0,0,F,20,A,D,D,D,C
1602,8379.0,0.0,0,0,0,F,20,A,D,D,E,C
1602,8380.0,23.8,30,0,0,F,20,A,D,E,E,C
1602,8381.0,11.5,0,0,0,F,20,A,D,E,E,C
1602,8382.0,2.8,0,45,15,F,20,A,D,E,E,C
1602,8383.0,18.1,50,0,10,F,20,A,D,E,F,D
1602,8384.0,15.4,50,15,10,M,20,B,D,F,F,D
1602,8385.0,16.0,0,0,0,M,20,B,D,F,F,D
1602,8386.0,9.2,0,15,0,M,20,B,D,F,F,E
1602,8387.0,16.0,0,0,0,M,20,E,E,F,F,E
2402,8388.0,4.0,0,50,0,F,20,A,A,A,B,A
2402,8389.0,0.0,0,0,0,F,20,A,A,A,B,A
2402,8390.0,3.6,10,60,15,F,20,A,A,A,B,A
2402,8391.0,20.4,50,60,10,F,20,A,A,A,B,A
2402,8392.0,4.2,40,35,5,F,20,A,A,A,B,A
2402,8393.0,16.1,0,0,0,F,20,A,A,B,B,A
2402,8394.0,0.0,35,0,0,F,20,A,A,B,B,A
2402,8395.0,11.1,5,0,0,F,20,A,A,B,B,A
2402,8396.0,16.9,30,25,0,F,20,A,A,B,B,A
2402,8397.0,14.9,10,0,0,F,20,A,A,B,B,A
2402,8398.0,26.3,0,0,20,F,20,A,A,B,B,A
2402,8399.0,16.6,20,30,25,F,20,A,A,B,C,A
2402,8400.0,16.4,0,0,0,F,20,A,A,B,C,A
2402,8401.0,7.5,0,30,0,F,20,A,A,B,C,A
2402,8402.0,35.0,0,0,25,F,20,A,A,B,C,A
2402,8403.0,34.3,0,30,0,F,20,A,A,B,C,A
2402,8404.0,21.4,0,25,10,F,20,A,A,B,C,A
2402,8405.0,14.5,0,0,0,F,20,A,A,B,C,A
2402,8406.0,26.4,0,0,0,F,20,A,A,B,C,A
2402,8407.0,11.9,0,0,0,F,20,A,A,C,C,A
2402,8408.0,11.9,0,0,0,F,20,A,A,C,C,A
2402,8409.0,11.9,0,0,0,F,20,A,A,C,C,A
2402,8410.0,16.4,30,45,0,F,20,A,A,C,D,A
2402,8411.0,23.6,0,25,0,F,20,A,B,C,D,A
2402,8412.0,14.3,0,0,0,F,20,A,B,C,D,A
2402,8413.0,22.6,40,0,0,F,20,A,B,C,D,A
2402,8414.0,2.4,20,0,0,F,20,A,B,D,D,B
2402,8415.0,3.0,0,60,0,F,20,A,B,D,D,B
2402,8416.0,24.5,5,15,0,F,20,A,D,D,D,B
2402,8417.0,10.5,10,0,0,F,20,A,D,D,D,B
2402,8418.0,15.0,0,0,10,F,20,A,D,D,D,B
2402,8419.0,12.1,15,0,15,F,20,A,D,D,D,B
2402,8420.0,16.6,0,0,0,F,20,A,D,D,D,B
2402,8421.0,4.4,30,50,0,F,20,A,D,D,D,B
2402,8422.0,16.1,50,0,30,F,20,A,D,D,D,B
2402,8423.0,7.5,45,15,0,F,20,A,D,D,D,B
2402,8424.0,13.3,0,0,0,F,20,A,D,D,D,B
2402,8425.0,7.5,0,30,0,F,20,A,D,D,D,B
2402,8426.0,2.0,0,0,0,F,20,A,D,D,D,B
2402,8427.0,7.5,0,30,0,F,20,A,D,D,D,B
2402,8428.0,14.5,0,0,0,M,20,A,D,D,D,B
2402,8429.0,7.5,0,30,0,M,20,A,D,D,D,B
2402,8430.0,9.5,0,25,0,M,20,A,D,D,D,B
2402,8431.0,9.5,0,25,0,M,20,A,D,D,D,B
2402,8432.0,16.7,30,40,5,M,20,A,D,D,D,B
2402,8433.0,17.5,0,0,0,M,20,A,D,D,D,B
2402,8434.0,15.2,20,0,0,M,20,A,D,D,D,B
2402,8435.0,25.4,0,0,0,M,20,A,D,D,D,B
2402,8436.0,12.1,0,30,0,M,20,A,D,D,D,B
2402,8437.0,25.2,0,0,0,M,20,A,D,D,D,C
2402,8438.0,15.0,10,0,0,M,20,A,D,D,D,C
2402,8439.0,15.0,0,0,10,M,20,A,D,D,D,C
2402,8440.0,8.5,0,45,10,M,20,A,D,D,E,C
2402,8441.0,15.0,0,0,0,M,20,A,D,D,E,C
2402,8442.0,7.5,0,0,0,M,20,A,D,D,E,C
2402,8443.0,15.0,0,0,0,M,20,A,D,D,E,C
2402,8444.0,23.1,0,10,10,M,20,A,D,D,E,C
2402,8445.0,7.5,0,0,0,M,20,A,D,E,E,C
2402,8446.0,14.9,0,0,0,M,20,A,D,E,E,C
2402,8447.0,7.5,0,0,0,M,20,A,D,E,E,C
2402,8448.0,15.0,0,0,0,M,20,A,D,E,E,D
2402,8449.0,15.0,0,0,0,M,20,A,D,E,E,D
2402,8450.0,15.0,0,0,0,M,20,A,D,E,F,D
2402,8451.0,14.7,0,0,0,M,20,A,D,E,F,D
2402,8452.0,15.0,0,0,0,M,20,A,D,E,F,D
2402,8453.0,15.0,0,0,0,M,20,A,D,E,F,D
2402,8454.0,15.0,0,0,0,M,20,B,D,E,F,D
2402,8455.0,15.0,0,0,15,M,20,B,D,E,F,E
2402,8456.0,15.0,0,0,0,M,20,B,D,E,F,E
2402,8457.0,15.0,0,0,0,M,20,B,D,E,F,E
2402,8458.0,15.0,0,0,0,M,20,B,D,E,F,E
2402,8459.0,15.0,0,0,0,M,20,B,E,E,F,E
2402,8460.0,15.0,0,0,0,M,20,C,E,F,F,E
2402,8461.0,16.9,30,35,10,M,20,E,E,F,F,E
2402,8462.0,14.7,0,0,0,M,20,E,E,F,F,E
2402,8463.0,7.5,0,0,0,M,20,E,F,F,F,F
2402,8464.0,18.0,0,0,0,M,20,E,F,F,F,F
2402,8465.0,15.0,0,0,0,M,20,E,F,F,F,F
2402,8466.0,9.5,20,30,0,M,20,,,,,
2402,8467.0,28.1,0,0,0,M,20,,,,,
3002,8468.0,15.0,0,0,0,F,20,A,A,A,A,A
3002,8469.0,7.0,70,65,5,F,20,A,A,A,A,A
3002,8470.0,7.5,0,0,0,F,20,A,A,A,B,A
3002,8471.0,7.5,0,0,0,F,20,A,A,A,B,A
3002,8472.0,15.0,0,0,0,F,20,A,A,A,B,A
3002,8473.0,16.0,0,0,0,F,20,A,A,B,B,A
3002,8474.0,0.0,30,0,10,F,20,A,A,B,B,A
3002,8475.0,4.8,80,0,0,F,20,A,A,B,B,A
3002,8476.0,0.0,15,25,0,F,20,A,A,B,C,A
3002,8477.0,11.1,0,25,0,F,20,A,B,B,C,A
3002,8478.0,31.2,45,0,10,F,20,A,B,B,C,A
3002,8479.0,7.0,30,35,0,F,20,A,B,B,C,A
3002,8480.0,2.6,50,15,0,F,20,A,B,B,C,A
3002,8481.0,13.2,0,10,15,F,20,A,B,B,C,A
3002,8482.0,15.0,0,0,0,F,20,A,C,C,C,A
3002,8483.0,15.0,0,0,0,M,20,A,C,C,C,A
3002,8484.0,15.0,0,0,0,M,20,A,D,C,C,A
3002,8485.0,16.0,0,0,0,M,20,A,D,C,C,A
3002,8486.0,26.4,0,0,10,M,20,A,D,C,D,A
3002,8487.0,14.9,0,0,0,M,20,A,D,C,D,B
3002,8488.0,15.0,0,0,0,M,20,A,D,C,D,B
3002,8489.0,10.9,30,5,5,M,20,A,D,C,D,B
3002,8490.0,15.0,0,0,0,M,20,A,D,C,D,B
3002,8491.0,39.2,0,0,0,M,20,A,D,D,D,B
3002,8492.0,7.2,20,15,30,M,20,A,D,D,D,B
3002,8493.0,14.7,0,0,0,M,20,A,D,D,D,B
3002,8494.0,26.9,0,0,0,M,20,A,D,D,D,B
3002,8495.0,15.0,0,0,0,M,20,A,D,D,D,B
3002,8496.0,0.0,50,0,0,M,20,A,D,D,D,B
3002,8497.0,16.0,0,0,0,M,20,A,D,D,D,B
3002,8498.0,15.0,0,0,0,M,20,A,D,D,D,B
3002,8499.0,11.1,15,15,10,M,20,A,D,D,E,B
3002,8500.0,15.0,0,10,5,M,20,A,D,D,E,B
3002,8501.0,6.4,15,45,10,M,20,A,D,D,E,C
3002,8502.0,10.5,50,0,0,M,20,B,D,D,E,C
3002,8503.0,5.4,0,45,0,M,20,B,D,D,E,C
3002,8504.0,2.6,0,0,0,M,20,B,D,D,E,D
3002,8505.0,9.6,0,45,5,M,20,B,D,D,E,D
3002,8506.0,7.5,0,0,0,M,20,B,D,D,E,D
3002,8507.0,15.0,0,0,0,M,20,B,D,D,F,E
3002,8508.0,13.5,10,0,0,M,20,B,D,E,F,E
3002,8509.0,17.0,0,0,0,M,20,C,E,F,F,E
3002,8510.0,9.5,10,30,10,M,20,E,E,F,F,F
3002,8511.0,2.6,0,0,0,M,20,,,,,
5401,8512.0,15.0,0,0,0,F,20,A,A,A,A,A
5401,8513.0,15.0,0,0,0,F,20,A,A,A,A,A
5401,8514.0,15.0,0,0,0,F,20,A,A,B,B,A
5401,8515.0,15.0,0,0,0,F,20,A,A,B,B,A
5401,8516.0,15.0,0,0,0,F,20,A,A,B,B,A
5401,8517.0,14.4,80,10,0,F,20,A,A,B,C,A
5401,8518.0,6.6,40,20,10,F,20,A,A,C,C,A
5401,8519.0,1.4,5,25,0,F,20,A,B,C,C,B
5401,8520.0,15.0,0,15,0,F,20,A,B,D,C,B
5401,8521.0,7.5,0,0,0,F,20,A,B,D,D,B
5401,8522.0,14.9,0,0,0,F,20,A,B,D,D,B
5401,8523.0,27.1,0,0,0,F,20,A,D,D,D,B
5401,8524.0,16.6,0,0,0,F,20,A,D,D,D,B
5401,8525.0,12.7,0,0,0,F,20,A,D,D,D,B
5401,8526.0,9.9,20,20,10,F,20,A,D,D,D,B
5401,8527.0,7.5,0,0,65,F,20,A,D,D,D,B
5401,8528.0,15.1,0,0,0,M,20,A,D,D,D,B
5401,8529.0,6.4,0,0,0,M,20,A,D,D,D,B
5401,8530.0,27.0,10,0,0,M,20,A,D,D,D,C
5401,8531.0,15.1,0,0,0,M,20,B,D,E,D,D
5401,8532.0,6.0,0,45,0,M,20,B,D,E,E,D
5401,8533.0,20.2,0,25,15,M,20,B,D,E,E,D
5401,8534.0,8.5,25,0,40,M,20,B,D,E,E,D
5401,8535.0,12.9,0,0,0,M,20,B,D,E,E,E
5401,8536.0,7.5,0,35,0,M,20,B,F,F,F,E
5401,8537.0,1.0,0,0,0,M,20,D,F,F,F,E
5401,8538.0,20.8,40,10,0,M,20,E,F,F,F,F
3502,8539.0,13.9,20,0,5,F,20,A,A,B,B,A
3502,8540.0,25.1,25,0,0,F,20,A,A,B,B,A
3502,8541.0,7.5,0,35,0,F,20,A,A,B,B,A
3502,8542.0,14.1,0,0,0,F,20,A,A,B,B,A
3502,8543.0,6.4,50,20,5,F,20,A,A,B,C,A
3502,8544.0,16.0,0,0,10,F,20,A,A,B,C,A
3502,8545.0,26.1,0,0,0,F,20,A,A,B,C,A
3502,8546.0,32.5,30,15,0,F,20,A,A,B,C,A
3502,8547.0,10.7,30,5,10,F,20,A,A,B,C,A
3502,8548.0,22.5,30,10,0,F,20,A,B,B,C,A
3502,8549.0,1.0,25,0,10,F,20,A,B,C,C,A
3502,8550.0,14.1,0,0,0,F,20,A,B,C,C,A
3502,8551.0,4.0,90,35,40,F,20,A,B,C,C,A
3502,8552.0,15.3,0,0,0,F,20,A,B,C,C,A
3502,8553.0,14.9,30,20,40,F,20,A,B,C,C,A
3502,8554.0,0.0,0,0,10,F,20,A,B,C,D,A
3502,8555.0,8.2,30,30,0,F,20,A,B,C,D,A
3502,8556.0,11.9,20,15,0,F,20,A,B,C,D,A
3502,8557.0,1.6,20,0,10,F,20,A,B,C,D,A
3502,8558.0,10.9,35,0,10,M,20,A,C,C,D,A
3502,8559.0,6.8,55,80,10,M,20,A,C,C,D,A
3502,8560.0,6.8,40,10,20,M,20,A,D,C,D,B
3502,8561.0,16.0,30,45,10,M,20,A,D,C,D,B
3502,8562.0,4.0,0,5,10,M,20,A,D,C,D,B
3502,8563.0,24.9,10,15,0,M,20,A,D,C,D,B
3502,8564.0,11.5,0,40,0,M,20,A,D,C,D,B
3502,8565.0,15.5,15,60,15,M,20,A,D,D,D,B
3502,8566.0,13.1,10,0,20,M,20,A,D,D,D,B
3502,8567.0,4.6,0,5,10,M,20,A,D,D,D,B
3502,8568.0,1.6,0,0,0,M,20,A,D,D,D,B
3502,8569.0,5.0,0,0,0,M,20,A,D,D,D,B
3502,8570.0,14.0,0,10,0,M,20,A,D,D,D,B
3502,8571.0,25.4,30,15,50,M,20,A,D,D,D,B
3502,8572.0,5.8,40,35,80,M,20,A,D,D,E,C
3502,8573.0,8.2,0,0,0,M,20,A,D,D,E,C
3502,8574.0,18.2,65,0,0,M,20,A,D,D,E,C
3502,8575.0,11.7,0,0,10,M,20,A,D,D,E,C
3502,8576.0,11.9,25,5,10,M,20,A,D,D,E,C
3502,8577.0,16.2,80,5,0,M,20,A,D,D,E,C
3502,8578.0,25.2,0,25,0,M,20,A,D,D,E,C
3502,8579.0,14.9,15,0,5,M,20,A,D,D,E,C
3502,8580.0,10.3,20,30,0,M,20,A,D,D,E,C
3502,8581.0,13.7,0,15,0,M,20,A,D,D,E,C
3502,8582.0,26.5,0,0,0,M,20,A,D,D,E,C
3502,8583.0,11.7,40,0,0,M,20,A,D,D,E,C
3502,8584.0,13.9,30,30,40,M,20,A,D,E,E,C
3502,8585.0,21.2,0,40,10,M,20,B,D,E,E,C
3502,8586.0,14.7,40,15,40,M,20,B,D,E,E,C
3502,8587.0,5.8,50,5,25,M,20,B,D,E,E,C
3502,8588.0,7.5,75,0,0,M,20,B,D,E,F,D
3502,8589.0,12.1,0,15,0,M,20,C,D,E,F,D
3502,8590.0,14.3,10,0,15,M,20,E,D,E,F,D
3502,8591.0,8.9,0,30,0,M,20,E,F,F,F,E
3502,8592.0,27.1,0,0,0,M,20,E,F,F,F,E
3502,8593.0,23.4,0,20,0,M,20,,,,,
3502,8594.0,6.6,0,0,0,M,20,,,,,
3502,8595.0,3.4,0,0,0,M,20,,,,,
3502,8596.0,16.7,0,0,0,M,20,,,,,
3502,8597.0,0.0,0,0,0,M,20,,,,,
3502,8598.0,8.6,0,0,0,M,20,,,,,
3502,8599.0,10.2,30,30,0,M,20,,,,,
3502,8600.0,15.0,0,0,0,M,20,,,,,
3502,8601.0,0.0,0,0,0,M,20,,,,,
3502,8602.0,0.0,0,0,0,M,20,,,,,
3502,8603.0,15.0,0,0,0,M,20,,,,,
3502,8604.0,15.0,50,0,45,M,20,,,,,
3502,8605.0,15.0,0,0,0,M,20,,,,,
2402,8606.0,3.6,0,0,0,F,20,A,A,A,A,A
2402,8607.0,22.5,50,0,70,F,20,A,A,A,A,A
2402,8608.0,0.0,70,50,0,F,20,A,A,A,A,A
2402,8609.0,15.0,0,0,20,F,20,A,A,A,A,A
2402,8610.0,15.0,0,0,0,F,20,A,A,B,B,A
2402,8611.0,7.5,10,60,0,F,20,A,A,B,B,A
2402,8612.0,14.5,0,0,25,F,20,A,A,B,B,A
2402,8613.0,17.8,0,30,30,F,20,A,A,B,B,A
2402,8614.0,26.7,0,0,0,F,20,A,A,B,B,A
2402,8615.0,0.0,0,0,0,F,20,A,A,B,B,A
2402,8616.0,0.0,0,25,0,F,20,A,A,B,B,A
2402,8617.0,0.0,0,0,0,F,20,A,A,B,B,A
2402,8618.0,11.5,50,0,0,F,20,A,A,B,C,A
2402,8619.0,17.4,0,0,0,F,20,A,A,B,C,A
2402,8620.0,9.9,0,0,0,F,20,A,B,B,C,A
2402,8621.0,16.0,0,0,0,F,20,A,B,B,C,B
2402,8622.0,15.0,0,0,0,F,20,A,B,C,C,B
2402,8623.0,11.4,40,60,25,F,20,A,B,C,C,B
2402,8624.0,15.0,0,0,0,F,20,A,B,C,C,B
2402,8625.0,0.0,0,0,0,F,20,A,B,C,D,B
2402,8626.0,12.4,0,0,15,F,20,A,B,C,D,B
2402,8627.0,13.3,0,0,25,F,20,A,B,C,D,B
2402,8628.0,27.9,0,0,0,F,20,A,C,C,D,B
2402,8629.0,18.0,0,0,0,F,20,A,C,C,D,B
2402,8630.0,15.0,20,0,0,F,20,A,D,D,D,B
2402,8631.0,15.0,20,0,0,F,20,A,D,D,D,B
2402,8632.0,4.2,20,0,0,F,20,A,D,D,D,B
2402,8633.0,0.0,0,0,0,F,20,A,D,D,D,B
2402,8634.0,0.0,0,0,0,F,20,A,D,D,D,B
2402,8635.0,0.0,0,0,0,F,20,A,D,D,D,B
2402,8636.0,0.0,0,0,0,F,20,A,D,D,D,B
2402,8637.0,15.0,0,0,0,F,20,A,D,D,D,B
2402,8638.0,0.0,0,0,0,F,20,A,D,D,D,B
2402,8639.0,0.0,0,0,0,F,20,A,D,D,D,B
2402,8640.0,15.0,0,0,0,F,20,A,D,D,D,B
2402,8641.0,0.0,0,0,0,F,20,A,D,D,D,B
2402,8642.0,0.0,0,0,0,F,20,A,D,D,D,B
2402,8643.0,22.5,0,45,0,F,20,A,D,D,D,B
2402,8644.0,15.0,0,0,0,M,20,A,D,E,E,C
2402,8645.0,0.0,0,0,0,M,20,A,D,E,E,D
2402,8646.0,0.0,0,0,0,M,20,A,D,E,E,D
2402,8647.0,0.0,0,0,0,M,20,B,D,E,E,D
2402,8648.0,3.6,0,0,0,M,20,B,D,E,E,D
2402,8649.0,16.0,0,0,0,M,20,B,D,E,E,D
2402,8650.0,0.0,0,0,0,M,20,B,D,E,E,E
2402,8651.0,14.1,0,15,0,M,20,B,F,F,F,E
2402,8652.0,0.0,0,0,0,M,20,C,F,F,F,E
2402,8653.0,19.2,0,0,0,M,20,E,F,F,F,F
2402,8654.0,0.0,0,0,0,M,20,,,,,
2402,8655.0,0.0,0,0,0,M,20,,,,,
2402,8656.0,0.0,0,0,0,M,20,,,,,
2402,8657.0,0.0,0,0,0,M,20,,,,,
2402,8658.0,0.0,0,0,0,M,20,,,,,
2402,8659.0,15.0,0,0,0,M,20,,,,,
2402,8660.0,0.0,0,0,0,M,20,,,,,
2402,8661.0,0.0,0,0,0,M,20,,,,,
2402,8662.0,0.0,0,0,0,M,20,,,,,
2402,8663.0,0.0,0,0,0,M,20,,,,,
2402,8664.0,16.0,0,0,0,M,20,,,,,
2402,8665.0,0.0,0,0,0,M,20,,,,,
2402,8666.0,15.0,15,5,0,M,20,,,,,
2402,8667.0,9.1,20,0,40,M,20,,,,,
2402,8668.0,9.2,45,75,15,M,20,,,,,
2402,8669.0,6.0,0,0,10,M,20,,,,,
2402,8670.0,17.0,40,45,70,M,20,,,,,
2402,8671.0,7.5,0,0,0,M,20,,,,,
2402,8672.0,7.5,0,0,0,M,20,,,,,
2402,8673.0,7.5,0,0,0,M,20,,,,,
2402,8674.0,17.5,0,0,0,M,20,,,,,
2402,8675.0,7.5,0,0,0,M,20,,,,,
2402,8676.0,7.5,0,0,0,M,20,,,,,
2402,8677.0,7.5,0,0,0,M,20,,,,,
2402,8678.0,20.7,20,0,40,M,20,,,,,
2402,8679.0,7.5,0,0,0,M,20,,,,,
2402,8680.0,7.5,0,0,0,M,20,,,,,
2402,8681.0,16.4,0,0,0,M,20,,,,,
2402,8682.0,19.3,0,0,0,M,20,,,,,
2402,8683.0,7.5,0,0,0,M,20,,,,,
2402,8684.0,0.0,10,0,40,M,20,,,,,
2402,8685.0,7.5,0,0,0,M,20,,,,,
2402,8686.0,7.5,0,0,0,M,20,,,,,
2402,8687.0,7.5,0,0,0,M,20,,,,,
2402,8688.0,7.5,0,0,0,M,20,,,,,
2402,8689.0,7.5,0,0,0,M,20,,,,,
2402,8690.0,7.5,0,0,0,M,20,,,,,
2402,8691.0,7.5,30,0,45,M,20,,,,,
2402,8692.0,7.5,50,0,30,M,20,,,,,
2402,8693.0,7.5,0,0,0,M,20,,,,,
2402,8694.0,7.5,0,0,0,M,20,,,,,
2402,8695.0,7.5,0,0,0,M,20,,,,,
2402,8696.0,7.5,0,0,0,M,20,,,,,
3002,8697.0,13.9,0,0,0,F,20,A,A,A,A,A
3002,8698.0,6.4,0,50,0,F,20,A,A,A,A,A
3002,8699.0,9.5,0,50,10,F,20,A,A,A,A,A
3002,8700.0,6.4,0,10,0,F,20,A,A,A,A,A
3002,8701.0,7.5,0,0,0,F,20,A,A,A,A,A
3002,8702.0,7.5,0,0,0,F,20,A,A,A,A,A
3002,8703.0,0.0,0,0,0,F,20,A,A,A,B,A
3002,8704.0,7.5,0,0,0,F,20,A,A,B,B,A
3002,8705.0,7.5,0,0,0,F,20,A,A,B,B,A
3002,8706.0,7.5,0,0,0,F,20,A,A,B,B,A
3002,8707.0,7.5,0,0,0,F,20,A,A,B,B,A
3002,8708.0,17.6,0,0,0,F,20,A,B,B,B,A
3002,8709.0,16.8,50,90,20,F,20,A,B,B,B,A
3002,8710.0,7.5,0,0,0,F,20,A,B,B,B,A
3002,8711.0,9.1,10,0,0,F,20,A,B,B,B,A
3002,8712.0,27.4,30,25,35,F,20,A,B,B,C,A
3002,8713.0,0.0,0,0,0,F,20,A,B,B,C,A
3002,8714.0,7.5,0,0,0,F,20,A,B,B,C,A
3002,8715.0,12.7,50,60,0,F,20,A,B,B,C,A
3002,8716.0,0.0,0,0,0,F,20,A,C,B,C,A
3002,8717.0,7.5,0,0,0,F,20,A,C,B,C,A
3002,8718.0,7.5,0,0,0,F,20,A,C,B,C,A
3002,8719.0,7.5,0,0,0,F,20,A,D,B,C,A
3002,8720.0,7.5,0,0,0,F,20,A,D,B,C,A
3002,8721.0,7.5,0,0,0,F,20,A,D,C,C,A
3002,8722.0,7.5,0,0,0,F,20,A,D,C,C,A
3002,8723.0,7.5,0,0,0,F,20,A,D,C,C,A
3002,8724.0,7.5,0,0,0,F,20,A,D,C,C,A
3002,8725.0,7.5,0,0,0,F,20,A,D,C,C,A
3002,8726.0,14.3,15,0,0,M,20,A,D,C,D,A
3002,8727.0,7.5,0,0,0,M,20,A,D,C,D,B
3002,8728.0,7.5,0,0,0,M,20,A,D,C,D,B
3002,8729.0,7.5,0,0,0,M,20,A,D,D,D,B
3002,8730.0,7.5,0,0,0,M,20,A,D,D,D,B
3002,8731.0,7.5,0,0,0,M,20,A,D,D,D,B
3002,8732.0,17.0,10,0,0,M,20,A,D,D,D,B
3002,8733.0,7.5,0,0,0,M,20,A,D,D,D,B
3002,8734.0,17.5,25,55,0,M,20,A,D,D,D,B
3002,8735.0,7.5,0,0,0,M,20,A,D,D,D,B
3002,8736.0,7.5,0,0,0,M,20,A,D,D,D,B
3002,8737.0,7.5,0,0,0,M,20,A,D,D,D,B
3002,8738.0,7.5,0,0,0,M,20,A,D,D,D,B
3002,8739.0,7.5,0,0,0,M,20,A,D,D,D,B
3002,8740.0,7.5,0,0,0,M,20,A,D,D,D,B
3002,8741.0,3.0,20,0,10,M,20,A,D,D,D,B
3002,8742.0,7.5,0,0,0,M,20,A,D,D,D,B
3002,8743.0,7.5,0,0,0,M,20,A,D,D,D,B
3002,8744.0,7.5,0,0,0,M,20,A,D,D,D,B
3002,8745.0,7.5,0,0,0,M,20,A,D,D,D,B
3002,8746.0,7.5,0,0,0,M,20,A,D,D,D,B
3002,8747.0,7.5,0,0,0,M,20,A,D,D,D,B
3002,8748.0,0.0,30,0,20,M,20,A,D,D,D,B
3002,8749.0,7.5,0,0,0,M,20,B,D,D,D,B
3002,8750.0,7.5,0,0,0,M,20,B,D,D,D,B
3002,8751.0,0.0,10,30,10,M,20,B,D,D,D,B
3002,8752.0,18.4,0,0,0,M,20,B,D,D,D,B
3002,8753.0,7.5,0,0,0,M,20,B,D,D,D,B
3002,8754.0,7.5,0,0,0,M,20,B,D,D,D,C
3202,8755.0,9.5,30,0,0,F,20,A,A,A,A,A
3202,8756.0,7.5,0,0,0,F,20,A,A,B,B,A
3202,8757.0,7.4,0,0,0,F,20,A,A,B,B,A
3202,8758.0,7.5,0,0,0,F,20,A,A,B,B,A
3202,8759.0,7.5,0,0,0,F,20,A,A,B,B,A
3202,8760.0,7.5,0,0,0,F,20,A,B,B,B,A
3202,8761.0,7.5,0,0,0,F,20,A,B,B,B,A
3202,8762.0,9.5,10,20,30,F,20,A,B,B,B,A
3202,8763.0,7.5,0,0,0,F,20,A,B,B,C,A
3202,8764.0,7.5,0,0,0,F,20,A,B,B,C,A
3202,8765.0,7.5,0,0,0,F,20,A,D,C,D,A
3202,8766.0,22.2,10,25,15,F,20,A,D,C,D,A
3202,8767.0,7.5,0,0,0,F,20,A,D,C,D,B
3202,8768.0,7.5,50,5,20,M,20,A,D,C,D,B
3202,8769.0,7.5,0,0,0,M,20,A,D,C,D,B
3202,8770.0,7.5,0,0,0,M,20,A,D,C,D,B
3202,8771.0,15.3,50,30,0,M,20,,,,,
3202,8772.0,7.5,0,0,0,M,20,,,,,
3202,8773.0,7.5,0,0,0,M,20,,,,,
5401,8774.0,7.5,0,0,0,F,20,A,A,A,C,A
5401,8775.0,7.5,0,0,0,F,20,A,A,B,C,B
5401,8776.0,23.5,20,15,5,F,20,A,A,B,D,B
5401,8777.0,7.5,0,0,0,F,20,A,A,C,D,B
5401,8778.0,7.5,0,0,0,F,20,A,B,C,D,B
5401,8779.0,7.5,0,0,0,F,20,A,D,D,D,B
5401,8780.0,7.5,0,0,0,F,20,A,D,D,D,B
5401,8781.0,7.5,20,40,15,F,20,A,D,D,D,C
5401,8782.0,7.5,0,0,0,F,20,A,D,D,D,D
5401,8783.0,7.5,0,0,0,F,20,A,D,D,D,D
4004,8784.0,7.5,0,0,0,M,20,A,A,B,D,B
4004,8785.0,7.5,0,0,0,M,20,A,A,C,D,B
4004,8786.0,7.5,0,0,0,M,20,A,A,C,D,B
4004,8787.0,7.5,0,0,0,M,20,A,A,C,D,B
4004,8788.0,7.5,0,0,0,M,20,A,A,C,D,B
4004,8789.0,7.5,0,0,0,M,20,A,A,C,D,B
4004,8790.0,7.5,0,0,0,M,20,A,A,D,D,B
4004,8791.0,7.5,0,0,0,M,20,A,A,D,D,B
4004,8792.0,7.5,0,0,0,M,20,A,A,D,D,B
4004,8793.0,7.5,0,0,0,M,20,A,A,D,D,B
4004,8794.0,7.5,0,0,0,M,20,A,A,D,D,B
4004,8795.0,7.5,0,0,0,M,20,A,B,D,D,B
4004,8796.0,7.5,0,0,0,M,20,A,B,D,D,B
4004,8797.0,8.5,20,30,15,M,20,A,B,D,D,B
4004,8798.0,7.5,0,0,0,M,20,A,B,D,D,C
4004,8799.0,7.5,0,0,0,M,20,A,D,D,D,C
4004,8800.0,0.0,0,0,0,M,20,A,D,D,D,C
4004,8801.0,7.5,0,0,0,M,20,A,D,D,E,C
4004,8802.0,4.4,0,0,0,M,20,A,D,D,E,C
4004,8803.0,18.0,0,0,0,M,20,A,D,D,E,D
4004,8804.0,13.1,30,0,10,M,20,A,D,D,E,D
4004,8805.0,1.6,0,20,0,M,20,A,D,E,E,D
4004,8806.0,1.0,0,0,0,M,20,A,D,E,E,E
4004,8807.0,17.0,0,0,0,M,20,A,D,E,E,E
4004,8808.0,10.1,50,10,0,M,20,A,D,E,E,E
4004,8809.0,12.7,30,0,25,M,20,A,D,E,E,E
4004,8810.0,17.0,0,0,0,M,20,A,D,E,E,E
4004,8811.0,4.6,0,0,0,M,20,A,D,E,F,E
4004,8812.0,35.6,0,35,0,M,20,A,D,E,F,E
4004,8813.0,17.0,0,0,0,M,20,A,D,E,F,E
4004,8814.0,17.0,0,0,0,M,20,A,D,E,F,E
4004,8815.0,15.5,10,15,0,M,20,A,D,E,F,F
4004,8816.0,20.0,0,0,0,M,20,B,D,F,F,F
4004,8817.0,7.8,10,0,0,M,20,B,D,F,F,F
4004,8818.0,28.9,0,0,0,M,20,B,E,F,F,F
4004,8819.0,3.4,0,0,30,M,20,E,F,F,F,G
1501,8820.0,35.2,25,15,0,F,20,A,A,A,B,A
1501,8821.0,8.0,0,0,0,F,20,A,A,A,B,A
1501,8822.0,24.0,0,35,5,F,20,A,A,A,B,A
1501,8823.0,4.4,10,15,0,F,20,A,A,B,B,A
1501,8824.0,30.0,0,0,0,F,20,A,A,B,C,A
1501,8825.0,7.5,0,45,0,F,20,A,A,B,C,A
1501,8826.0,9.5,0,0,0,F,20,A,A,B,D,A
1501,8827.0,17.1,0,0,25,F,20,A,B,B,D,A
1501,8828.0,6.8,30,50,0,F,20,A,B,B,D,A
1501,8829.0,30.0,0,0,0,F,20,A,B,C,D,A
1501,8830.0,13.5,90,0,20,F,20,A,B,D,D,B
1501,8831.0,3.2,100,0,5,F,20,A,B,D,D,B
1501,8832.0,14.5,0,0,0,F,20,A,D,D,D,B
1501,8833.0,1.0,0,0,0,F,20,A,D,D,D,B
1501,8834.0,7.5,0,45,0,F,20,A,D,D,D,B
1501,8835.0,17.0,0,0,0,F,20,A,D,D,D,B
1501,8836.0,13.7,0,20,0,F,20,A,D,D,D,B
1501,8837.0,1.0,0,0,0,M,20,A,D,D,D,B
1501,8838.0,14.3,0,0,0,M,20,A,D,D,D,B
1501,8839.0,23.6,25,20,0,M,20,A,D,D,D,B
1501,8840.0,16.1,75,0,0,M,20,A,D,D,D,B
1501,8841.0,12.5,50,50,0,M,20,A,D,D,D,C
1501,8842.0,1.0,0,0,0,M,20,A,D,D,E,C
1501,8843.0,7.5,0,45,0,M,20,A,D,D,E,C
1501,8844.0,14.1,0,10,0,M,20,A,D,E,F,C
1501,8845.0,18.8,0,0,0,M,20,B,D,E,F,C
1501,8846.0,30.0,0,0,0,M,20,E,F,E,F,F
1501,8847.0,11.3,10,30,10,M,20,,,,,
1601,8848.0,29.9,0,0,0,F,20,A,A,B,B,A
1601,8849.0,17.0,0,0,0,F,20,A,A,C,B,A
1601,8850.0,3.2,20,0,10,F,20,A,A,C,C,A
1601,8851.0,17.0,15,0,0,F,20,A,A,C,C,A
1601,8852.0,4.0,20,60,20,F,20,A,A,C,C,A
1601,8853.0,3.2,30,0,0,F,20,A,A,C,C,B
1601,8854.0,15.0,0,0,0,F,20,A,A,C,D,B
1601,8855.0,12.3,0,25,0,F,20,A,A,D,D,B
1601,8856.0,15.0,0,0,0,F,20,A,B,D,D,B
1601,8857.0,7.0,0,40,20,F,20,A,B,D,D,B
1601,8858.0,24.5,10,20,10,F,20,A,B,D,D,B
1601,8859.0,11.3,30,20,5,F,20,A,D,D,D,B
1601,8860.0,15.0,0,0,0,M,20,A,D,D,D,C
1601,8861.0,4.8,0,0,0,M,20,A,D,D,D,C
1601,8862.0,15.7,70,20,0,M,20,A,D,D,E,C
1601,8863.0,14.3,0,20,0,M,20,A,D,E,E,D
1601,8864.0,15.0,0,0,0,M,20,A,D,E,E,E
2402,8865.0,17.1,0,0,0,F,20,A,A,D,D,B
2402,8866.0,15.0,0,0,0,F,20,A,A,D,D,B
2402,8867.0,15.0,0,0,0,F,20,A,A,D,D,B
2402,8868.0,5.0,0,0,0,F,20,A,A,D,D,C
2402,8869.0,15.0,0,0,0,M,20,A,A,D,D,C
2402,8870.0,3.8,20,5,5,M,20,A,A,D,D,C
2402,8871.0,7.5,5,0,0,M,20,A,A,E,E,C
2402,8872.0,33.6,25,30,0,M,20,A,A,E,E,C
2402,8873.0,3.6,30,0,0,M,22,A,B,E,E,C
904,8874.0,15.0,0,0,0,F,20,A,A,B,B,A
904,8875.0,15.0,0,0,0,F,20,A,A,B,B,A
904,8876.0,15.0,0,0,0,F,20,A,A,B,B,A
904,8877.0,12.3,0,15,0,F,20,A,A,B,B,A
904,8878.0,15.0,0,0,0,F,20,A,A,B,B,A
904,8879.0,15.0,0,0,0,F,20,A,A,B,B,A
904,8880.0,10.4,0,30,0,F,20,A,A,B,B,A
904,8881.0,15.0,0,0,0,F,20,A,A,B,B,A
904,8882.0,15.0,0,0,0,F,20,A,A,B,C,A
904,8883.0,15.0,0,0,0,F,20,A,A,B,C,B
904,8884.0,15.0,0,15,0,F,20,A,A,B,C,B
904,8885.0,15.0,0,0,0,F,20,A,A,B,C,B
904,8886.0,15.0,0,0,0,F,20,A,A,B,C,B
904,8887.0,17.3,0,0,0,F,20,A,A,C,C,B
904,8888.0,4.8,0,0,0,F,20,A,A,C,C,B
904,8889.0,2.4,40,0,0,F,20,A,A,C,D,B
904,8890.0,10.5,0,30,0,F,20,A,B,C,D,B
904,8891.0,7.5,5,0,0,M,20,C,D,E,F,D
904,8892.0,15.0,0,0,0,M,20,C,D,E,F,D
904,8893.0,6.0,10,0,5,M,20,D,D,E,F,E
904,8894.0,14.7,30,0,0,M,20,E,D,E,F,E
904,8895.0,16.3,30,60,5,M,20,E,D,E,F,E
904,8896.0,16.4,10,0,10,M,20,E,F,E,F,E
904,8897.0,3.6,20,0,10,M,20,E,F,E,F,E
904,8898.0,16.5,40,45,10,M,20,,,,,
904,8899.0,11.1,35,20,0,M,20,,,,,
904,8900.0,7.5,0,0,5,M,20,,,,,
4004,8901.0,13.3,0,20,0,M,20,A,A,C,D,C
4004,8902.0,15.0,0,0,10,M,20,A,A,C,D,C
4004,8903.0,30.9,0,0,0,M,20,A,A,C,D,C
4004,8904.0,15.0,80,80,20,M,20,A,A,C,D,D
4004,8905.0,7.5,0,10,0,M,20,A,A,C,D,D
4004,8906.0,12.3,0,20,0,M,20,A,A,D,D,D
4004,8907.0,18.6,0,35,30,M,20,A,A,D,D,D
4004,8908.0,11.7,30,15,10,M,20,A,A,D,D,D
4004,8909.0,10.3,0,0,0,M,20,A,A,D,D,D
4004,8910.0,15.0,25,0,0,M,20,A,A,D,D,D
4004,8911.0,13.9,0,0,15,M,20,A,A,D,D,D
4004,8912.0,8.1,0,5,0,M,20,A,D,D,E,E
4004,8913.0,8.5,0,0,0,M,20,A,D,D,E,E
4004,8914.0,19.6,0,0,0,M,20,A,D,D,E,E
4004,8915.0,1.0,25,5,20,M,20,A,D,E,E,E
4004,8916.0,31.2,0,0,0,M,20,A,D,E,E,E
4004,8917.0,10.7,30,20,10,M,20,A,D,E,E,F
4004,8918.0,8.6,50,0,10,M,20,A,F,E,F,F
4004,8919.0,5.2,0,0,0,M,20,B,F,F,F,F
4004,8920.0,30.1,80,0,0,M,20,B,F,F,F,F
3202,8921.0,16.1,25,0,0,M,20,,,,,
4004,8922.0,17.7,0,0,0,F,20,A,A,A,B,A
4004,8923.0,8.5,0,45,0,F,20,A,A,A,B,A
4004,8924.0,8.5,0,0,0,F,20,A,A,B,B,A
4004,8925.0,16.3,25,0,0,F,20,A,A,B,B,A
4004,8926.0,15.1,0,0,0,F,20,A,A,B,B,B
4004,8927.0,15.1,0,0,0,F,20,A,A,B,C,B
4004,8928.0,8.2,0,45,0,F,20,A,A,B,C,B
4004,8929.0,2.0,45,0,0,F,20,A,A,B,C,B
4004,8930.0,7.5,0,0,0,M,20,A,A,D,D,C
4004,8931.0,8.9,0,0,0,M,20,A,A,D,D,C
4004,8932.0,5.0,30,70,0,M,20,A,A,D,D,C
4004,8933.0,7.5,0,0,0,M,20,A,A,D,D,C
4004,8934.0,7.5,0,0,0,M,20,A,A,D,D,C
4004,8935.0,30.0,0,0,0,M,20,A,A,D,D,C
4004,8936.0,7.5,0,0,0,M,20,A,A,D,D,C
4004,8937.0,7.5,0,0,0,M,20,A,A,D,D,C
4004,8938.0,8.9,50,25,0,M,20,A,A,D,D,C
4004,8939.0,10.7,0,0,0,M,20,A,A,D,D,C
4004,8940.0,31.4,0,0,0,M,20,A,A,D,D,C
4004,8941.0,5.8,0,0,0,M,20,A,A,D,D,C
4004,8942.0,10.1,0,35,0,M,20,A,A,D,E,D
4004,8943.0,30.0,0,0,0,M,20,A,A,D,E,D
4004,8944.0,18.2,0,0,0,M,20,A,A,D,E,D
4004,8945.0,17.9,0,0,0,M,20,A,A,D,E,D
4004,8946.0,30.0,0,0,0,M,20,A,A,D,E,D
4004,8947.0,9.1,0,0,0,M,20,A,A,D,E,E
4004,8948.0,18.6,0,0,10,M,20,A,A,D,E,E
4004,8949.0,8.5,0,0,5,M,20,A,A,D,E,E
4004,8950.0,1.4,10,0,40,M,20,A,A,D,E,E
4004,8951.0,4.0,35,0,0,M,20,A,B,E,E,E
4004,8952.0,14.7,35,0,0,M,20,A,B,E,E,E
4004,8953.0,12.8,50,0,0,M,20,A,C,E,E,E
4004,8954.0,11.7,30,70,30,M,20,A,C,E,E,E
4004,8955.0,18.0,0,0,0,M,20,A,C,E,E,E
4004,8956.0,19.2,50,0,30,M,20,A,C,E,E,E
4004,8957.0,1.4,50,0,0,M,20,A,C,E,E,E
4004,8958.0,17.5,25,0,0,M,20,A,C,E,E,E
4004,8959.0,30.0,0,0,0,M,20,A,C,E,E,E
4004,8960.0,7.5,0,0,0,M,20,A,D,E,E,F
4004,8961.0,11.9,0,25,0,M,20,A,D,E,E,F
4004,8962.0,9.7,10,30,0,M,20,A,D,E,E,F
4004,8963.0,13.3,0,15,0,M,20,A,D,E,E,F
4004,8964.0,2.0,0,0,0,M,20,A,D,E,E,F
1602,8965.0,3.2,10,0,0,F,20,A,A,C,D,B
1602,8966.0,11.7,0,0,30,F,20,A,A,C,D,B
1602,8967.0,17.6,20,0,0,F,20,A,A,C,D,B
1602,8968.0,15.0,0,35,0,F,20,A,A,C,D,B
1602,8969.0,30.0,0,0,0,F,20,A,A,C,D,B
1602,8970.0,4.4,30,5,0,F,20,A,A,C,D,B
1602,8971.0,10.5,0,20,15,F,20,A,A,C,D,B
1602,8972.0,30.5,0,0,0,F,20,A,A,C,D,B
1602,8973.0,7.5,30,0,0,F,20,A,A,D,D,B
1602,8974.0,9.5,0,0,0,F,20,A,A,D,D,B
1602,8975.0,5.0,0,0,0,F,20,A,A,D,D,B
1602,8976.0,2.6,0,0,0,F,20,A,A,D,D,B
1602,8977.0,31.6,0,0,0,F,20,A,A,D,D,B
1602,8978.0,0.0,0,0,0,F,20,A,A,D,D,B
1602,8979.0,2.8,0,45,0,F,20,A,A,D,D,C
1602,8980.0,29.8,0,0,0,F,20,A,A,D,D,C
1602,8981.0,6.0,40,0,0,F,20,A,A,D,D,C
1602,8982.0,14.5,30,60,25,F,20,A,A,D,D,C
1602,8983.0,6.4,20,0,0,F,20,A,A,D,D,C
1602,8984.0,14.5,5,25,10,F,20,A,A,D,E,C
1602,8985.0,26.5,30,5,0,F,20,A,A,D,E,C
1602,8986.0,13.3,25,0,30,F,20,A,A,D,E,C
1602,8987.0,13.5,70,50,0,F,20,A,B,D,E,D
1602,8988.0,23.4,10,45,0,F,20,A,B,E,E,D
1602,8989.0,24.2,0,40,0,F,20,A,B,E,E,D
1602,8990.0,0.0,0,0,0,F,20,A,C,E,E,D
1602,8991.0,19.3,10,65,0,M,20,A,C,E,E,D
1602,8992.0,9.4,0,0,0,M,20,A,D,E,E,D
1602,8993.0,31.5,0,0,0,M,20,A,D,E,E,D
1602,8994.0,18.6,0,0,0,M,20,A,D,E,E,D
1602,8995.0,8.4,75,35,30,M,20,A,D,E,E,E
1602,8996.0,9.5,0,0,0,M,20,A,D,E,E,E
1602,8997.0,20.8,75,0,0,M,20,A,D,F,E,E
1602,8998.0,27.7,10,0,0,M,20,B,D,F,F,F
1602,8999.0,3.6,10,0,30,M,20,E,E,F,F,F
1602,9000.0,8.4,50,0,30,M,20,,,,,
1602,9001.0,2.4,0,0,0,M,20,,,,,
1602,9002.0,7.5,15,0,0,M,20,,,,,
1602,9003.0,15.7,0,0,10,M,20,,,,,
1602,9004.0,29.1,0,0,0,M,20,,,,,
1402,9005.0,20.6,0,0,0,M,20,A,A,D,D,B
1402,9006.0,6.2,0,0,0,M,20,A,A,D,D,B
1402,9007.0,30.3,0,0,0,M,20,A,A,D,D,B
1402,9008.0,18.6,0,0,0,M,20,A,A,D,D,B
1402,9009.0,18.4,0,0,0,M,20,A,A,D,D,B
1402,9010.0,20.4,30,35,10,M,20,A,A,D,D,B
1402,9011.0,23.5,15,30,10,M,20,A,B,D,D,B
1402,9012.0,18.0,10,60,20,M,20,A,B,D,D,C
1402,9013.0,5.0,20,0,10,M,20,A,B,D,D,C
1402,9014.0,7.5,0,15,0,M,20,A,B,E,E,C
1402,9015.0,20.6,0,0,0,M,20,A,D,E,E,D
1402,9016.0,9.5,0,0,0,M,20,A,D,E,E,D
702,9017.0,7.5,15,0,0,F,20,A,A,B,B,A
702,9018.0,17.5,0,0,0,F,20,A,A,B,B,B
702,9019.0,2.4,15,20,15,F,20,A,A,B,B,B
702,9020.0,1.4,10,0,0,F,20,A,A,B,B,B
702,9021.0,19.0,0,0,0,F,20,A,A,C,C,B
702,9022.0,16.9,15,0,0,F,20,A,A,C,C,B
702,9023.0,21.0,0,0,0,F,20,A,A,C,D,B
702,9024.0,9.9,0,0,0,F,20,A,A,D,D,B
702,9025.0,6.6,0,0,0,F,20,A,A,D,D,B
702,9026.0,27.8,0,20,0,F,20,A,A,D,D,B
702,9027.0,0.0,0,20,0,F,20,A,A,D,D,B
702,9028.0,15.0,0,0,10,F,20,A,A,D,D,B
702,9029.0,2.4,30,0,20,F,20,A,A,D,D,C
702,9030.0,4.2,20,20,0,F,20,A,A,D,D,C
702,9031.0,7.4,25,0,0,M,20,A,A,D,D,C
702,9032.0,16.3,30,0,0,M,20,A,B,D,D,C
702,9033.0,30.9,0,0,0,M,20,A,D,E,E,E
702,9034.0,28.9,25,0,0,M,20,A,D,F,E,E
702,9035.0,18.3,25,0,0,M,20,A,D,F,F,F
702,9036.0,11.5,0,0,0,M,20,A,F,F,F,F
702,9037.0,30.9,0,0,0,M,20,,,,,
5401,9038.0,15.0,25,15,0,F,20,A,A,A,B,A
5401,9039.0,6.4,0,0,0,F,20,A,A,B,B,A
5401,9040.0,21.3,20,40,0,F,20,A,A,B,B,A
5401,9041.0,8.5,0,0,0,F,20,A,A,B,B,A
5401,9042.0,19.4,30,15,40,F,20,A,A,B,B,A
5401,9043.0,7.5,0,60,0,F,20,A,A,B,B,A
5401,9044.0,24.6,50,0,0,F,20,A,A,B,B,A
5401,9045.0,12.7,10,5,40,F,20,A,A,B,C,A
5401,9046.0,26.0,40,0,0,F,20,A,A,B,C,A
5401,9047.0,11.2,0,45,20,F,20,A,A,B,C,A
5401,9048.0,27.1,40,45,20,F,20,A,A,B,C,A
5401,9049.0,7.5,25,0,0,F,20,A,A,B,C,A
5401,9050.0,18.7,0,0,0,F,20,A,A,B,C,A
5401,9051.0,17.8,0,0,0,F,20,A,A,B,C,A
5401,9052.0,15.0,0,0,0,F,20,A,A,B,C,A
5401,9053.0,8.5,0,0,10,F,20,A,A,C,C,A
5401,9054.0,15.0,0,40,0,F,20,A,A,C,C,A
5401,9055.0,16.4,0,0,0,F,20,A,A,C,C,A
5401,9056.0,17.6,0,0,0,F,20,A,A,C,C,A
5401,9057.0,15.0,0,10,0,F,20,A,A,C,D,A
5401,9058.0,16.6,0,0,0,F,20,A,A,C,D,A
5401,9059.0,8.9,70,0,10,F,20,A,A,C,D,A
5401,9060.0,21.0,0,0,0,F,20,A,A,C,D,A
5401,9061.0,26.5,40,0,0,F,20,A,A,D,D,C
5401,9062.0,19.4,0,0,0,F,20,A,A,D,D,C
5401,9063.0,7.0,0,0,0,F,20,A,A,D,D,C
5401,9064.0,30.0,0,0,0,F,20,A,A,D,D,C
5401,9065.0,19.4,0,0,0,F,20,A,A,D,D,C
5401,9066.0,3.4,0,0,0,F,20,A,A,D,E,C
5401,9067.0,3.2,0,0,0,F,20,A,A,D,E,C
5401,9068.0,16.3,0,20,0,F,20,A,A,D,E,C
5401,9069.0,19.4,0,0,0,F,20,A,A,D,E,C
5401,9070.0,11.9,0,0,0,F,20,A,A,D,E,C
5401,9071.0,10.4,0,0,0,F,20,A,A,D,E,C
5401,9072.0,11.7,0,0,0,F,20,A,A,D,E,C
5401,9073.0,11.9,0,0,0,F,20,A,A,D,E,C
5401,9074.0,10.1,0,0,0,F,20,A,A,D,E,D
5401,9075.0,18.8,30,0,0,F,20,A,A,D,E,D
5401,9076.0,2.6,10,0,40,M,20,A,B,E,E,D
5401,9077.0,15.3,40,0,0,M,20,A,B,E,E,D
5401,9078.0,30.1,0,0,0,M,20,A,B,E,E,D
5401,9079.0,30.0,0,0,0,M,20,A,B,E,E,D
5401,9080.0,10.4,0,0,0,M,20,A,B,E,E,D
5401,9081.0,7.4,5,0,15,M,20,A,B,E,E,D
5401,9082.0,30.0,0,0,0,M,20,A,B,E,E,E
5401,9083.0,25.5,0,30,0,M,20,A,C,E,E,E
5401,9084.0,12.5,0,30,0,M,35,A,C,E,E,E
5401,9085.0,30.0,0,0,0,M,20,A,D,E,F,E
5401,9086.0,9.5,0,0,5,M,20,A,D,E,F,E
5401,9087.0,22.5,0,40,10,M,20,A,D,E,F,E
5401,9088.0,19.9,10,0,0,M,20,A,D,E,F,E
5401,9089.0,10.1,0,30,15,M,20,A,D,E,F,E
5401,9090.0,32.1,0,0,0,M,20,A,D,E,F,F
5401,9091.0,30.0,0,0,0,M,20,A,D,E,F,F
5401,9092.0,10.7,20,45,5,M,20,A,D,E,F,F
5401,9093.0,13.1,10,15,0,M,20,A,D,E,F,F
5401,9094.0,30.0,0,0,0,M,20,B,D,F,F,F
5401,9095.0,8.5,0,55,0,M,20,B,D,F,F,F
5401,9096.0,30.0,0,0,0,M,20,E,D,F,F,F
5401,9097.0,2.6,0,45,5,M,20,E,D,F,F,F
5401,9098.0,2.6,40,0,10,M,20,E,D,F,F,F
5401,9099.0,30.6,0,0,0,M,20,E,F,F,F,G
5401,9100.0,17.0,0,0,0,M,20,E,F,F,F,G
5401,9101.0,12.5,30,0,0,M,20,,,,,
5401,9102.0,19.4,0,0,0,M,20,,,,,
5401,9103.0,21.5,35,10,30,M,20,,,,,
5401,9104.0,18.4,0,0,0,M,20,,,,,
5401,9105.0,31.6,0,0,0,M,20,,,,,
5401,9106.0,5.4,0,25,0,M,20,,,,,
5401,9107.0,7.5,0,0,0,M,20,,,,,
5401,9108.0,9.5,0,0,10,M,20,,,,,
3502,9109.0,4.4,55,30,0,F,20,A,A,A,B,A
3502,9110.0,10.7,0,0,0,F,20,A,A,B,B,A
3502,9111.0,10.7,0,0,0,F,20,A,A,B,B,A
3502,9112.0,7.5,0,0,0,F,20,A,A,B,B,A
3502,9113.0,30.0,20,0,0,F,20,A,A,B,C,A
3502,9114.0,9.1,0,0,0,F,20,A,A,B,C,A
3502,9115.0,7.5,0,0,0,F,20,A,A,C,C,B
3502,9116.0,7.5,0,0,0,F,20,A,A,C,C,B
3502,9117.0,7.5,0,0,0,F,20,A,A,C,C,B
3502,9118.0,7.5,0,0,0,F,20,A,A,C,C,B
3502,9119.0,15.0,0,30,0,F,20,A,A,C,C,B
3502,9120.0,7.5,0,0,0,F,20,A,A,C,D,B
3502,9121.0,7.5,0,0,0,F,20,A,A,D,D,B
3502,9122.0,7.5,0,0,0,F,20,A,A,D,D,B
3502,9123.0,7.5,0,0,0,F,20,A,A,D,D,B
3502,9124.0,0.0,0,20,20,M,20,A,A,D,D,B
3502,9125.0,7.5,0,0,0,M,20,A,A,D,D,B
3502,9126.0,16.5,5,0,0,M,20,A,A,D,D,B
3502,9127.0,26.4,25,0,0,M,20,A,A,D,D,B
3502,9128.0,7.5,0,0,0,M,20,A,A,D,D,C
3502,9129.0,7.5,0,0,0,M,20,A,A,D,D,C
3502,9130.0,7.5,0,0,0,M,20,A,A,D,D,C
3502,9131.0,19.6,0,0,0,M,20,A,B,D,D,C
3502,9132.0,7.5,0,0,0,M,20,A,B,D,D,C
3502,9133.0,15.0,30,0,0,M,20,A,B,D,E,C
3502,9134.0,7.5,0,0,0,M,20,A,B,D,E,C
3502,9135.0,15.0,50,0,0,M,20,A,B,E,E,C
3502,9136.0,10.5,0,0,0,M,20,A,B,E,E,C
3502,9137.0,6.0,20,0,10,M,20,A,D,E,E,D
3502,9138.0,15.5,0,20,0,M,20,A,D,E,E,D
3502,9139.0,7.5,0,0,0,M,20,B,D,E,F,E
3502,9140.0,7.5,0,0,0,M,20,B,D,E,F,E
3502,9141.0,7.5,0,0,0,M,20,C,D,E,F,E
3502,9142.0,7.5,20,55,20,M,20,C,D,F,F,F
3502,9143.0,18.3,0,0,0,M,20,E,D,F,F,F
3502,9144.0,7.5,20,0,0,M,20,,,,,
3502,9145.0,11.1,0,20,20,M,20,,,,,
702,9146.0,30.0,0,0,10,F,20,A,A,A,B,A
702,9147.0,19.8,0,0,0,F,20,A,A,B,B,B
702,9148.0,14.3,0,20,0,F,20,A,A,B,B,B
702,9149.0,7.5,20,0,0,F,20,A,A,B,B,B
702,9150.0,19.8,0,40,30,F,20,A,A,B,C,B
702,9151.0,9.2,0,0,0,F,20,A,A,B,C,B
702,9152.0,10.8,0,0,0,F,20,A,A,B,C,B
702,9153.0,21.6,0,60,0,F,20,A,A,C,C,B
702,9154.0,7.5,0,0,0,F,20,A,A,C,C,B
702,9155.0,7.5,0,0,0,F,20,A,A,C,D,B
702,9156.0,7.5,0,0,0,F,20,A,A,D,D,C
702,9157.0,7.5,0,0,0,F,20,A,A,D,D,C
702,9158.0,7.5,0,0,0,M,20,A,A,D,D,C
702,9159.0,42.4,10,0,0,M,20,A,A,D,D,C
702,9160.0,7.5,0,0,0,M,20,A,A,D,D,C
702,9161.0,7.5,0,0,20,M,20,A,A,D,D,C
702,9162.0,7.5,0,0,20,M,20,A,A,D,D,C
702,9163.0,10.1,0,0,5,M,20,A,A,D,D,D
1602,9164.0,12.0,0,35,0,F,20,A,A,B,C,A
1602,9165.0,9.5,10,0,0,F,20,A,A,B,C,A
1602,9166.0,13.5,10,15,0,F,20,A,A,B,C,A
1602,9167.0,7.5,0,0,0,F,20,A,A,C,C,B
1602,9168.0,7.5,0,0,0,F,20,A,A,C,C,B
1602,9169.0,2.6,0,20,0,F,20,A,A,C,C,B
1602,9170.0,25.8,0,30,0,F,20,A,A,C,C,B
1602,9171.0,0.0,25,0,0,F,20,A,A,C,C,B
1602,9172.0,17.4,0,0,30,F,20,A,A,C,C,B
1602,9173.0,18.9,25,0,0,F,20,A,A,D,D,B
1602,9174.0,11.9,20,15,30,F,20,A,A,D,D,B
1602,9175.0,7.5,20,0,0,F,20,A,A,D,D,B
1602,9176.0,8.2,50,0,40,F,20,A,A,D,D,B
1602,9177.0,14.1,30,0,20,F,20,A,A,D,D,B
1602,9178.0,7.5,0,0,0,F,20,A,B,D,D,B
1602,9179.0,7.5,0,0,0,F,20,A,B,D,D,B
1602,9180.0,3.2,0,0,0,F,20,A,B,D,D,B
1602,9181.0,6.2,50,45,10,F,20,A,B,D,D,B
1602,9182.0,16.3,40,45,25,F,20,A,B,D,D,B
1602,9183.0,6.8,35,50,15,F,20,A,C,D,D,B
1602,9184.0,16.5,70,30,10,F,20,A,C,D,D,C
1602,9185.0,7.5,0,0,0,M,20,A,C,D,E,C
1602,9186.0,17.1,0,0,0,M,20,A,D,D,E,C
1602,9187.0,17.1,0,0,0,M,20,A,D,D,E,C
1602,9188.0,10.7,0,0,0,M,20,A,D,D,E,C
1602,9189.0,12.3,75,45,0,M,20,A,D,D,E,C
1602,9190.0,24.4,60,0,0,M,20,,,,,
1602,9191.0,0.0,0,0,0,M,20,,,,,
1602,9192.0,0.0,0,0,0,M,20,,,,,
3502,9193.0,0.0,0,0,0,F,20,A,A,A,A,A
3502,9194.0,0.0,0,0,0,F,20,A,A,A,A,A
3502,9195.0,0.0,0,0,0,F,20,A,A,B,B,A
3502,9196.0,0.0,0,0,0,F,20,A,A,B,C,B
3502,9197.0,23.0,0,0,0,F,20,A,A,B,D,B
3502,9198.0,25.7,0,0,40,F,20,A,A,C,D,B
3502,9199.0,0.0,0,0,0,F,20,A,A,C,D,B
3502,9200.0,0.0,0,0,0,M,20,A,A,D,D,B
3502,9201.0,0.0,0,0,0,M,20,A,A,D,D,B
3502,9202.0,23.6,15,40,10,M,20,A,A,D,D,B
3502,9203.0,31.9,0,0,0,M,20,A,B,D,E,B
3502,9204.0,11.2,0,0,0,M,20,A,D,D,E,C
3502,9205.0,0.0,0,0,0,M,20,A,D,D,E,C
3502,9206.0,32.0,0,0,0,M,20,A,D,D,E,C
3502,9207.0,7.6,0,0,0,M,20,A,D,D,E,C
1402,9208.0,7.5,25,0,0,F,20,A,A,B,B,A
1402,9209.0,13.3,20,35,5,F,20,A,A,B,C,B
1402,9210.0,0.0,0,0,0,F,20,A,A,C,D,B
1402,9211.0,11.1,0,0,0,M,20,A,B,D,E,C
1402,9212.0,23.8,30,15,20,M,20,A,D,D,E,C
1402,9213.0,0.0,0,0,0,M,20,A,D,D,F,C
1402,9214.0,13.1,20,30,10,M,20,A,D,D,F,C
1402,9215.0,2.6,35,0,0,M,20,B,D,F,F,C
702,9216.0,0.0,0,0,0,F,20,A,A,A,A,A
702,9217.0,7.0,0,60,20,F,20,A,A,B,A,A
702,9218.0,0.0,0,0,0,F,20,A,A,B,A,A
702,9219.0,12.7,0,0,0,F,20,A,A,B,B,A
702,9220.0,0.0,0,0,0,F,20,A,A,B,B,A
702,9221.0,0.0,0,0,0,F,20,A,A,B,B,A
702,9222.0,0.0,0,0,0,F,20,A,A,B,B,A
702,9223.0,17.5,0,0,25,F,20,A,A,B,B,A
702,9224.0,17.6,0,0,0,F,20,A,A,B,B,A
702,9225.0,16.3,0,0,15,F,20,A,A,B,B,A
702,9226.0,0.0,0,0,0,F,20,A,A,B,B,A
702,9227.0,0.0,0,0,0,F,20,A,A,B,C,A
702,9228.0,0.0,0,0,0,F,20,A,A,B,C,A
702,9229.0,0.0,0,0,0,F,20,A,A,B,C,A
702,9230.0,22.3,0,0,0,M,20,A,A,B,C,B
702,9231.0,18.4,20,5,0,M,20,A,A,B,C,B
702,9232.0,0.0,0,0,0,M,20,A,B,C,C,B
702,9233.0,18.7,0,0,0,M,20,A,B,C,C,B
702,9234.0,0.0,0,0,0,M,20,A,B,C,D,B
702,9235.0,0.0,0,0,0,M,20,A,B,C,D,B
702,9236.0,6.4,20,0,10,M,20,A,B,C,D,B
702,9237.0,11.1,50,20,5,M,20,A,D,D,D,B
702,9238.0,0.0,0,0,0,M,20,A,D,D,E,C
702,9239.0,17.6,0,30,0,M,20,A,D,D,E,D
702,9240.0,15.0,0,0,0,M,20,A,D,E,E,D
702,9241.0,0.0,0,0,0,M,20,A,D,E,F,E
2001,9242.0,0.0,45,0,0,F,20,A,A,A,B,A
2001,9243.0,0.0,0,0,0,F,20,A,A,A,B,A
2001,9244.0,0.0,0,0,0,F,20,A,A,A,B,A
2001,9245.0,0.0,0,0,0,F,20,A,A,A,B,A
2001,9246.0,0.0,0,0,0,F,20,A,A,B,B,A
2001,9247.0,0.0,0,0,0,F,20,A,A,B,B,A
2001,9248.0,25.8,0,50,0,F,20,A,A,B,B,A
2001,9249.0,0.0,0,0,0,F,20,A,A,B,B,A
2001,9250.0,32.9,0,60,15,F,20,A,A,B,B,A
2001,9251.0,9.7,0,0,0,F,20,A,A,B,B,A
2001,9252.0,0.0,0,0,0,F,20,A,A,B,B,A
2001,9253.0,0.0,0,0,0,F,20,A,A,B,B,A
2001,9254.0,0.0,0,0,0,F,20,A,A,B,B,A
2001,9255.0,7.5,0,15,10,F,20,A,A,B,B,A
2001,9256.0,40.9,25,0,0,F,20,A,A,B,B,A
2001,9257.0,0.0,0,0,0,F,20,A,A,B,B,B
2001,9258.0,0.0,0,0,0,F,20,A,B,C,C,B
2001,9259.0,22.2,20,45,10,F,20,A,B,C,D,B
2001,9260.0,0.0,0,0,0,F,20,A,B,C,D,B
2001,9261.0,0.0,0,0,0,F,20,A,B,C,D,B
1502,9262.0,0.0,0,0,0,F,20,A,A,B,B,A
1502,9263.0,1.0,25,35,10,F,20,A,A,B,B,B
1502,9264.0,1.6,20,40,5,F,20,A,A,B,B,B
1502,9265.0,0.0,0,0,0,F,20,A,A,B,C,B
1502,9266.0,16.0,0,0,40,F,20,A,A,B,C,B
1502,9267.0,10.9,0,0,0,F,20,A,A,C,C,B
1502,9268.0,0.0,0,0,0,F,20,A,B,C,D,B
1502,9269.0,0.0,0,0,0,F,20,A,B,D,D,B
1502,9270.0,0.0,0,0,0,F,20,A,B,D,D,B
1502,9271.0,11.5,25,15,30,F,20,A,C,D,D,B
1502,9272.0,0.0,0,0,0,F,20,A,C,D,D,B
1502,9273.0,0.0,0,0,0,F,20,A,D,D,D,B
1502,9274.0,0.0,0,0,0,F,20,A,D,D,E,C
1502,9275.0,8.8,30,60,0,M,20,A,D,D,E,C
1502,9276.0,17.3,30,60,0,M,20,A,D,D,E,C
1502,9277.0,0.0,0,0,0,M,20,A,D,D,E,C
1502,9278.0,12.1,10,15,15,M,20,A,D,D,E,D
1502,9279.0,11.9,0,10,20,M,20,A,D,E,F,D
1502,9280.0,17.0,0,0,15,M,20,B,D,E,F,D
1502,9281.0,8.2,0,0,0,M,20,B,D,F,F,E
1502,9282.0,12.2,40,0,30,M,20,B,F,F,F,F
4004,9283.0,30.3,25,0,0,F,20,A,A,B,A,A
4004,9284.0,31.9,0,0,0,F,20,A,A,B,B,A
4004,9285.0,3.8,0,40,10,F,20,A,A,B,C,B
4004,9286.0,22.5,0,0,0,F,20,A,A,B,C,B
4004,9287.0,18.0,0,0,0,M,20,A,A,C,D,B
4004,9288.0,11.3,0,45,0,M,20,A,A,C,D,C
4004,9289.0,8.4,10,10,0,M,20,A,A,C,D,C
4004,9290.0,20.3,0,0,0,M,20,A,A,C,D,C
4004,9291.0,14.3,15,0,40,M,20,A,A,C,D,C
4004,9292.0,23.5,0,0,0,M,20,A,A,C,D,C
4004,9293.0,24.5,55,0,0,M,20,A,A,D,D,C
4004,9294.0,22.5,0,0,0,M,20,A,A,D,D,C
4004,9295.0,8.5,0,0,20,M,20,A,A,D,D,D
4004,9296.0,4.6,0,0,0,M,20,A,A,D,E,D
4004,9297.0,12.5,0,35,0,M,20,A,A,D,E,D
4004,9298.0,2.0,0,0,0,M,20,A,A,D,E,D
4004,9299.0,5.0,0,20,0,M,20,A,A,D,E,D
4004,9300.0,11.3,0,0,0,M,20,A,B,D,E,D
4004,9301.0,0.0,0,30,0,M,20,A,B,E,E,D
4004,9302.0,3.2,50,5,0,M,20,A,D,E,F,E
4004,9303.0,17.0,15,0,20,M,20,A,D,E,F,E
4004,9304.0,22.5,0,0,0,M,20,A,D,E,F,E
4004,9305.0,26.0,50,0,0,M,20,A,D,F,F,E
4004,9306.0,22.5,0,0,0,M,20,A,D,F,F,F
4004,9307.0,22.5,0,0,0,M,20,A,D,F,F,F
4004,9308.0,22.5,0,0,0,M,20,A,D,F,F,F
4004,9309.0,27.5,35,5,0,M,20,B,F,F,F,G
3502,9310.0,18.8,15,0,10,F,20,A,A,A,B,A
3502,9311.0,22.5,0,0,0,F,20,A,A,A,B,A
3502,9312.0,12.1,50,20,0,F,20,A,A,B,B,B
3502,9313.0,4.4,0,0,0,F,20,A,A,B,B,B
3502,9314.0,16.4,40,0,0,F,20,A,A,B,B,B
3502,9315.0,8.5,15,5,0,F,20,A,A,C,C,B
3502,9316.0,21.5,35,45,0,F,20,A,A,D,D,B
3502,9317.0,22.5,0,0,0,F,20,A,A,D,D,B
3502,9318.0,0.0,30,0,0,F,20,A,A,D,D,C
3502,9319.0,13.5,0,30,0,F,20,A,A,D,D,C
3502,9320.0,16.7,0,0,40,F,20,A,A,D,E,C
3502,9321.0,22.5,0,0,0,F,20,A,A,D,E,D
3502,9322.0,22.5,0,0,0,F,20,A,A,D,E,D
3502,9323.0,21.8,0,0,0,F,20,A,B,E,E,D
3502,9324.0,22.5,0,0,0,M,20,B,D,F,F,F
3502,9325.0,15.0,0,20,0,M,20,,,,,
3502,9326.0,9.5,20,10,0,M,20,,,,,
3502,9327.0,15.3,75,30,0,M,20,,,,,
3502,9328.0,10.7,0,50,0,M,20,,,,,
3502,9329.0,25.8,25,25,0,M,20,,,,,
3502,9330.0,15.0,25,5,20,M,20,,,,,
3502,9331.0,22.5,0,0,0,M,20,,,,,
3502,9332.0,17.2,0,35,0,M,20,,,,,
3502,9333.0,15.0,25,15,10,M,20,,,,,
3502,9334.0,22.5,0,0,0,M,20,,,,,
3502,9335.0,17.5,60,40,0,M,20,,,,,
3502,9336.0,22.5,0,0,0,M,20,,,,,
3502,9337.0,33.9,0,0,0,M,20,,,,,
702,9338.0,18.0,0,0,0,F,20,A,A,B,B,B
702,9339.0,15.0,50,0,0,F,20,A,A,B,B,B
702,9340.0,0.0,0,30,0,F,20,A,A,C,C,B
702,9341.0,12.5,10,25,0,F,20,A,A,D,C,B
702,9342.0,13.5,25,10,25,F,20,A,A,D,C,B
702,9343.0,22.5,0,0,0,F,20,A,A,D,D,B
702,9344.0,17.0,55,50,5,F,20,A,A,D,D,C
702,9345.0,18.0,0,0,0,F,20,A,A,D,D,C
702,9346.0,17.0,10,15,10,F,20,A,A,D,D,C
702,9347.0,15.0,0,0,50,F,20,A,A,D,D,C
702,9348.0,14.5,30,15,10,F,20,A,A,D,D,C
702,9349.0,32.4,0,0,0,F,20,A,A,D,D,C
702,9350.0,13.5,0,0,30,M,20,A,A,D,D,D
1501,9351.0,10.5,15,55,10,F,20,A,A,D,E,C
1501,9352.0,22.5,0,0,0,F,20,A,B,D,E,C
1501,9353.0,22.5,0,0,0,F,20,A,B,D,E,C
1501,9354.0,7.5,20,0,80,F,20,A,C,D,E,D
1501,9355.0,11.3,0,75,0,F,20,A,C,D,E,D
1501,9356.0,22.5,0,0,0,M,20,,,,,
1501,9357.0,2.0,10,35,20,M,20,,,,,
1501,9358.0,4.8,0,0,0,M,20,,,,,
1501,9359.0,8.5,0,0,0,M,20,,,,,
1501,9360.0,14.7,35,0,20,M,20,,,,,
1501,9361.0,7.5,0,0,0,M,20,,,,,
1501,9362.0,14.3,25,0,40,M,20,,,,,
1501,9363.0,11.8,0,0,0,M,20,,,,,
1402,9364.0,6.4,0,50,30,F,20,A,A,A,B,A
1402,9365.0,9.9,10,5,0,F,20,A,A,B,B,A
1402,9366.0,8.4,0,0,0,M,20,A,A,B,C,A
1402,9367.0,30.0,20,0,0,M,20,A,A,B,C,B
1402,9368.0,4.2,0,0,0,M,20,A,A,B,C,B
1402,9369.0,14.5,0,50,0,M,20,A,A,C,C,B
1402,9370.0,9.6,25,0,0,M,20,A,A,D,D,B
1402,9371.0,16.5,30,5,10,M,20,A,A,D,D,C
1402,9372.0,17.0,25,0,15,M,20,A,A,D,D,C
1402,9373.0,14.3,25,10,0,M,20,A,A,D,D,C
1402,9374.0,20.8,0,0,0,M,20,A,A,D,D,C
1402,9375.0,21.0,0,0,0,M,20,A,A,D,D,C
1402,9376.0,8.4,0,0,0,M,20,A,B,D,D,C
1402,9377.0,20.2,25,0,0,M,20,A,D,E,D,C
1402,9378.0,10.1,10,45,0,M,20,A,D,E,E,C
1402,9379.0,7.5,0,0,30,M,20,A,D,E,E,D
3002,9380.0,5.0,0,0,0,F,20,A,A,A,A,A
3002,9381.0,4.4,30,20,0,F,20,A,A,A,B,A
3002,9382.0,0.0,0,0,5,F,20,A,A,A,B,B
3002,9383.0,15.0,0,0,55,F,20,A,A,B,B,B
3002,9384.0,12.9,0,35,0,F,20,A,A,B,B,B
3002,9385.0,0.0,0,5,0,F,20,A,A,B,B,B
3002,9386.0,7.5,30,0,0,F,20,A,A,B,C,B
3002,9387.0,7.5,45,60,0,F,20,A,A,B,C,B
3002,9388.0,9.5,10,70,10,F,20,A,A,C,C,B
3002,9389.0,11.9,0,0,0,F,20,A,A,C,C,B
3002,9390.0,22.6,0,15,50,F,20,A,A,C,C,B
3002,9391.0,18.4,0,0,0,F,20,A,A,C,C,B
3002,9392.0,0.0,0,5,0,M,20,A,A,D,D,B
3002,9393.0,18.6,0,0,0,M,20,A,A,D,D,C
3002,9394.0,17.0,0,10,0,M,20,A,B,D,D,C
3002,9395.0,4.8,0,0,0,M,20,B,D,E,F,D
3002,9396.0,23.4,25,30,0,M,20,C,D,E,F,D
3002,9397.0,7.5,40,65,0,M,36,D,D,E,F,E
3002,9398.0,19.3,0,0,25,M,20,,,,,
3002,9399.0,13.6,0,0,40,M,20,,,,,
3002,9400.0,11.9,0,0,0,M,20,,,,,
1602,9401.0,22.0,0,0,0,F,20,A,A,C,D,B
1602,9402.0,7.5,0,20,10,F,20,A,A,C,D,B
1602,9403.0,8.5,0,0,0,F,20,A,A,C,D,B
1602,9404.0,11.9,30,45,0,F,20,A,A,C,D,B
1602,9405.0,7.5,55,40,10,F,20,A,A,C,D,B
1602,9406.0,7.5,0,0,30,F,20,A,A,C,D,B
1602,9407.0,10.9,0,0,0,F,20,A,A,D,D,C
1602,9408.0,27.0,15,30,5,F,20,A,A,D,D,C
1602,9409.0,22.5,0,0,0,F,20,A,A,D,D,C
1602,9410.0,23.5,0,0,0,F,20,A,A,D,E,C
1602,9411.0,14.5,0,30,0,F,20,A,A,D,E,C
1602,9412.0,9.0,0,0,0,M,20,A,A,D,E,C
1602,9413.0,22.5,0,0,0,M,20,A,A,D,E,C
1602,9414.0,10.9,0,0,0,M,20,A,A,D,E,D
1602,9415.0,18.2,0,20,0,M,20,A,A,D,E,D
1602,9416.0,15.0,0,25,0,M,20,A,A,D,E,D
1602,9417.0,21.4,0,0,0,M,20,A,B,E,E,D
1602,9418.0,9.0,0,0,0,M,20,A,B,E,E,D
1602,9419.0,19.0,0,0,0,M,20,A,B,E,F,D
1602,9420.0,15.9,10,30,10,M,20,A,D,E,F,E
1602,9421.0,21.2,0,0,0,M,20,A,D,E,F,E
1602,9422.0,10.5,25,15,15,M,20,A,D,E,F,E
1602,9423.0,9.1,0,0,0,M,20,A,D,E,F,E
1602,9424.0,7.5,0,0,50,M,20,A,D,E,F,F
1602,9425.0,22.5,40,0,40,M,20,A,D,F,F,F
1602,9426.0,22.5,0,0,0,M,20,A,F,F,F,F
1602,9427.0,13.9,0,0,0,M,20,A,F,F,F,G
5402,9428.0,17.2,0,20,0,F,20,A,A,A,B,A
5402,9429.0,10.5,30,0,0,F,20,A,A,C,D,B
5402,9430.0,18.8,0,0,0,F,20,A,A,C,D,C
5402,9431.0,13.3,35,20,10,F,20,A,A,C,D,C
5402,9432.0,12.7,50,0,20,F,20,A,A,D,D,C
5402,9433.0,1.0,0,0,0,F,20,A,A,D,D,C
5402,9434.0,30.0,30,0,0,F,20,A,A,D,D,C
5402,9435.0,10.1,15,0,0,F,20,A,A,D,D,C
5402,9436.0,14.5,0,30,0,F,20,A,A,E,D,C
5402,9437.0,1.0,0,0,0,F,20,A,A,E,E,C
5402,9438.0,15.0,0,0,0,F,20,A,B,E,E,D
5402,9439.0,18.7,0,25,0,F,20,A,B,E,E,D
5402,9440.0,5.4,0,0,0,F,20,A,B,E,F,D
5402,9441.0,10.0,15,0,0,F,20,A,B,F,F,E
5402,9442.0,9.9,25,0,0,F,20,C,D,F,F,E
5402,9443.0,7.2,0,0,0,F,20,E,D,F,F,F
5402,9444.0,17.3,10,0,30,M,20,,,,,
5402,9445.0,1.0,0,0,0,M,20,,,,,
2402,9446.0,11.5,15,45,20,F,20,A,A,B,A,A
2402,9447.0,8.5,10,15,0,F,20,A,A,B,B,A
2402,9448.0,9.1,0,0,0,F,20,A,A,B,B,A
2402,9449.0,1.0,0,0,0,F,20,A,A,B,B,A
2402,9450.0,16.3,0,15,0,F,20,A,A,B,B,A
2402,9451.0,16.0,30,0,20,F,20,A,A,B,B,A
2402,9452.0,16.0,0,50,0,F,20,A,A,B,B,A
2402,9453.0,22.5,30,50,0,F,20,A,A,B,B,A
2402,9454.0,22.0,0,5,5,F,20,A,A,C,C,B
2402,9455.0,6.4,30,0,10,F,20,A,A,C,C,B
2402,9456.0,12.1,35,30,10,F,20,A,A,C,C,B
2402,9457.0,7.5,0,0,0,F,20,A,A,C,C,B
2402,9458.0,22.8,0,0,0,F,20,A,A,C,C,B
2402,9459.0,2.4,15,40,15,F,20,A,A,C,C,B
2402,9460.0,7.5,0,25,0,F,20,A,A,C,C,B
2402,9461.0,7.5,0,0,0,F,20,A,A,C,D,B
2402,9462.0,24.2,75,0,0,F,20,A,A,D,D,B
2402,9463.0,1.6,0,0,0,F,20,A,A,D,D,B
2402,9464.0,2.6,60,0,10,F,20,A,A,D,D,B
2402,9465.0,7.5,0,0,0,F,20,A,A,D,D,B
2402,9466.0,7.5,0,0,0,F,20,A,A,D,D,B
2402,9467.0,5.6,80,50,65,F,20,A,A,D,D,B
2402,9468.0,5.8,0,0,0,F,20,A,A,D,D,B
2402,9469.0,9.5,0,0,0,F,20,A,A,D,D,B
2402,9470.0,7.5,0,0,0,F,20,A,A,D,D,B
2402,9471.0,7.5,0,0,0,F,20,A,A,D,D,B
2402,9472.0,7.5,0,0,0,F,20,A,A,D,D,B
2402,9473.0,9.5,20,0,0,F,20,A,A,D,D,B
2402,9474.0,1.4,0,0,0,F,20,A,A,D,D,B
2402,9475.0,5.6,0,0,0,M,20,A,A,D,D,C
2402,9476.0,7.5,0,0,0,M,20,A,A,D,D,C
2402,9477.0,19.2,0,0,0,M,20,A,A,D,D,C
2402,9478.0,22.5,0,35,30,M,20,A,A,D,D,C
2402,9479.0,12.3,20,10,25,M,20,A,A,D,D,C
2402,9480.0,20.6,10,0,10,M,20,A,A,D,D,C
2402,9481.0,17.0,0,0,15,M,20,A,A,D,D,C
2402,9482.0,0.0,0,0,10,M,20,A,A,D,D,C
2402,9483.0,9.5,0,0,0,M,20,A,A,D,E,C
2402,9484.0,7.5,0,0,0,M,20,A,A,E,E,C
2402,9485.0,23.0,0,0,0,M,20,A,A,E,E,C
2402,9486.0,8.6,35,35,30,M,20,A,A,E,E,C
2402,9487.0,24.2,70,0,0,M,20,A,B,E,E,C
2402,9488.0,7.5,0,0,0,M,20,A,B,E,E,D
2402,9489.0,11.3,0,0,0,M,20,A,B,E,E,D
2402,9490.0,7.5,0,0,0,M,20,A,B,E,E,D
2402,9491.0,27.5,50,0,0,M,20,A,B,E,E,D
2402,9492.0,19.2,0,0,0,M,20,A,B,E,E,D
2402,9493.0,9.4,0,0,0,M,20,A,C,E,F,D
2402,9494.0,14.1,0,40,10,M,20,A,D,E,F,D
2402,9495.0,30.0,0,25,0,M,20,A,D,E,F,E
2402,9496.0,11.9,30,60,0,M,20,A,D,E,F,E
2402,9497.0,19.4,0,0,0,M,20,A,D,E,F,E
2402,9498.0,11.1,0,0,0,M,20,A,D,E,F,E
2402,9499.0,7.5,5,15,15,M,20,A,D,E,F,E
2402,9500.0,14.9,35,0,0,M,20,A,D,E,F,E
2402,9501.0,7.5,0,0,0,M,20,A,D,E,F,E
2402,9502.0,7.5,0,0,0,M,20,A,D,E,F,E
2402,9503.0,19.0,0,0,25,M,20,A,D,F,F,E
2402,9504.0,9.5,0,0,0,M,20,A,D,F,F,E
2402,9505.0,7.5,0,0,0,M,20,B,D,F,F,F
2402,9506.0,7.5,0,0,0,M,20,C,D,F,F,F
2402,9507.0,7.5,0,0,0,M,20,E,D,F,F,F
2402,9508.0,7.5,0,0,0,M,20,,,,,
2402,9509.0,7.5,0,0,0,M,20,,,,,
2402,9510.0,19.1,0,0,0,M,20,,,,,
2402,9511.0,7.5,35,0,0,M,20,,,,,
2402,9512.0,17.0,0,15,30,M,20,,,,,
2402,9513.0,12.1,5,0,0,M,20,,,,,
2402,9514.0,14.9,15,25,20,M,20,,,,,
2402,9515.0,7.5,10,10,15,M,20,,,,,
2402,9516.0,17.0,15,30,0,M,20,,,,,
2402,9517.0,23.8,0,0,0,M,20,,,,,
2402,9518.0,0.0,0,10,0,M,20,,,,,
2402,9519.0,9.5,0,0,0,M,20,,,,,
2402,9520.0,5.6,0,0,0,M,20,,,,,
2402,9521.0,3.8,0,60,0,M,20,,,,,
2402,9522.0,9.5,0,0,0,M,20,,,,,
2402,9523.0,0.0,70,15,0,M,20,,,,,
2402,9524.0,10.1,40,45,5,M,20,,,,,
2402,9525.0,7.5,35,0,0,M,20,,,,,
2402,9526.0,17.0,20,0,25,M,20,,,,,
2402,9527.0,7.5,0,0,0,M,20,,,,,
2402,9528.0,13.3,40,30,0,M,20,,,,,
2402,9529.0,7.5,0,0,0,M,20,,,,,
4004,9530.0,19.2,0,0,0,M,20,A,A,D,D,B
4004,9531.0,5.8,30,45,15,M,20,A,A,D,D,B
4004,9532.0,7.5,0,0,0,M,20,A,A,D,D,B
4004,9533.0,9.5,35,30,0,M,20,A,A,D,D,B
4004,9534.0,0.0,0,10,0,M,20,A,A,D,D,C
4004,9535.0,0.0,30,15,40,M,20,A,A,D,E,C
4004,9536.0,7.5,0,0,0,M,20,A,A,D,E,C
4004,9537.0,9.5,0,0,0,M,20,A,A,E,E,C
4004,9538.0,21.0,25,0,0,M,20,A,A,E,E,C
4004,9539.0,31.0,0,10,0,M,20,A,A,E,E,D
4004,9540.0,23.3,0,45,15,M,20,A,A,E,E,D
4004,9541.0,15.1,80,20,15,M,20,A,A,E,E,D
4004,9542.0,19.4,0,0,0,M,20,A,A,E,E,D
4004,9543.0,7.5,0,0,0,M,20,A,A,E,E,D
4004,9544.0,4.8,0,30,0,M,20,A,A,E,E,D
4004,9545.0,0.0,10,0,0,M,20,A,A,E,E,D
4004,9546.0,11.8,50,0,30,M,20,A,A,E,E,E
4004,9547.0,0.0,0,0,10,M,20,A,C,E,E,E
4004,9548.0,7.5,15,0,20,M,20,A,D,E,F,E
4004,9549.0,18.4,15,0,20,M,20,A,D,E,F,F
4004,9550.0,21.6,0,0,0,M,20,A,D,E,F,F
4004,9551.0,14.5,55,0,0,M,20,A,F,F,F,F
4004,9552.0,11.9,0,0,5,M,20,A,F,F,F,F
4004,9553.0,28.3,20,5,20,M,20,,,,,
3202,9554.0,19.6,0,15,0,F,20,A,A,B,B,A
3202,9555.0,7.5,0,0,0,F,20,A,A,B,B,B
3202,9556.0,14.6,10,60,50,F,20,A,A,B,B,B
3202,9557.0,0.0,0,0,10,F,20,A,A,B,C,B
3202,9558.0,12.5,0,0,0,F,20,A,A,B,C,B
3202,9559.0,1.6,0,0,0,F,20,A,A,B,C,B
3202,9560.0,17.0,50,65,5,F,20,A,A,B,C,B
3202,9561.0,12.7,0,0,0,F,20,A,A,C,C,B
3202,9562.0,7.0,10,0,30,M,20,A,A,C,D,B
3202,9563.0,0.0,0,0,10,M,20,A,A,C,D,B
3202,9564.0,2.0,0,0,0,M,20,A,A,C,D,B
3202,9565.0,10.9,15,0,0,M,20,A,A,C,D,B
3202,9566.0,17.9,0,20,0,M,20,A,A,C,E,C
3202,9567.0,2.0,0,0,0,M,20,A,A,D,E,C
3202,9568.0,17.4,0,30,0,M,20,A,A,D,E,C
3202,9569.0,18.0,75,25,0,M,20,A,A,D,E,C
3202,9570.0,19.8,30,0,0,M,20,A,A,D,E,C
3202,9571.0,22.2,0,0,0,M,20,A,B,D,E,C
3202,9572.0,4.0,70,45,20,M,20,B,B,D,E,C
3202,9573.0,3.6,0,0,0,M,20,C,C,D,E,D
3202,9574.0,21.0,0,0,0,M,20,E,C,E,F,D
3202,9575.0,7.5,0,40,0,M,20,E,D,E,F,D
3202,9576.0,17.1,0,25,0,M,20,E,D,F,F,E
3202,9577.0,22.0,0,0,0,M,20,E,F,F,F,E
4301,9578.0,8.5,5,5,20,F,20,A,A,A,A,A
4301,9579.0,24.1,0,0,0,F,20,A,A,C,C,B
4301,9580.0,10.9,15,0,0,F,20,A,A,D,C,B
4301,9581.0,15.0,30,30,0,M,20,A,A,D,D,B
4301,9582.0,17.5,30,0,0,M,20,A,B,E,D,D
4301,9583.0,33.4,0,0,0,M,20,A,B,E,E,D
4301,9584.0,0.0,0,0,0,M,20,A,C,E,E,E
4301,9585.0,11.5,0,0,0,M,20,B,D,E,E,E
4301,9586.0,0.0,0,0,0,M,20,B,D,E,E,F
4301,9587.0,34.9,0,0,0,M,20,B,D,E,F,F
4301,9588.0,0.0,0,0,0,M,20,B,F,F,F,F
3202,9589.0,16.0,30,0,25,M,20,,,,,
2001,9590.0,27.3,0,50,0,F,20,A,A,A,A,A
2001,9591.0,7.5,0,30,50,F,20,A,A,A,B,A
2001,9592.0,20.8,0,0,0,F,20,A,A,D,D,D
2001,9593.0,0.0,0,0,0,F,20,A,A,D,D,D
2001,9594.0,30.9,30,0,0,F,20,A,A,D,D,D
2001,9595.0,18.6,20,15,0,F,20,A,A,D,D,D
2001,9596.0,7.5,70,30,10,F,20,A,A,D,D,D
2001,9597.0,6.4,20,15,10,F,20,A,A,D,D,D
2001,9598.0,15.5,55,30,30,F,20,A,A,D,D,D
2001,9599.0,15.0,0,30,0,F,20,A,A,D,D,D
2001,9600.0,5.0,35,10,10,F,20,A,A,D,D,D
2001,9601.0,12.8,50,90,10,F,20,A,A,D,D,D
2001,9602.0,7.5,20,15,5,F,20,A,A,D,D,D
2001,9603.0,19.4,25,0,0,F,20,A,A,D,D,D
2001,9604.0,7.5,20,0,20,F,20,A,A,D,D,D
2001,9605.0,18.6,0,25,0,F,20,A,A,D,D,D
2001,9606.0,13.1,0,0,0,F,20,A,A,D,E,D
2001,9607.0,0.0,0,0,0,F,20,A,A,D,E,D
2001,9608.0,16.0,30,5,20,F,20,A,A,D,E,D
2001,9609.0,8.5,30,0,0,F,20,A,A,D,E,D
2001,9610.0,20.7,20,0,5,F,20,A,A,D,E,E
2001,9611.0,8.1,10,0,0,F,20,A,A,D,E,E
2001,9612.0,9.9,0,0,0,F,20,B,A,D,E,E
2001,9613.0,8.0,20,10,5,F,20,B,A,D,E,E
2001,9614.0,16.0,10,45,0,F,20,B,A,D,E,E
2001,9615.0,2.0,40,30,5,F,20,B,B,E,F,E
2001,9616.0,7.5,0,40,0,F,20,B,B,E,F,E
2001,9617.0,10.5,40,50,0,F,20,B,B,E,F,E
2001,9618.0,22.5,0,0,10,F,20,B,C,E,F,E
2001,9619.0,11.5,40,45,0,F,20,B,C,E,F,E
2001,9620.0,8.4,0,20,10,F,20,B,D,E,F,E
2001,9621.0,2.0,0,0,0,F,20,B,D,E,F,E
2001,9622.0,7.5,0,0,0,F,20,B,D,E,F,E
2001,9623.0,6.4,0,0,0,F,20,B,D,E,F,E
2001,9624.0,22.5,0,0,0,F,20,B,D,E,F,F
2001,9625.0,18.7,25,0,0,F,20,B,D,E,F,F
2001,9626.0,4.6,20,0,40,F,20,B,D,F,F,F
2001,9627.0,9.4,30,45,25,F,20,D,F,F,F,F
2001,9628.0,13.5,50,15,10,M,20,E,F,F,F,F
3502,9629.0,22.5,0,0,0,F,20,A,A,A,B,A
3502,9630.0,22.5,0,0,0,F,20,A,A,B,B,A
3502,9631.0,32.8,0,0,20,F,20,A,A,B,B,B
3502,9632.0,7.5,50,0,65,F,20,A,A,B,B,B
3502,9633.0,5.4,30,0,25,F,20,A,A,B,C,B
3502,9634.0,15.0,0,0,0,F,20,A,A,B,C,B
3502,9635.0,22.5,0,0,0,F,20,A,A,B,C,B
3502,9636.0,5.6,0,20,10,F,20,A,A,C,C,B
3502,9637.0,16.5,20,35,0,M,20,A,A,C,C,B
3502,9638.0,22.5,0,0,0,M,20,A,A,C,D,B
3502,9639.0,7.5,50,0,65,M,20,A,A,C,D,B
3502,9640.0,8.5,0,0,0,M,20,A,A,C,D,B
3502,9641.0,2.2,0,0,0,M,20,A,A,C,D,B
3502,9642.0,22.5,0,0,0,M,20,A,A,C,D,B
3502,9643.0,22.5,0,0,0,M,20,A,A,C,D,B
3502,9644.0,22.5,0,0,0,M,20,A,B,D,D,C
3502,9645.0,22.5,0,0,0,M,20,A,D,D,D,C
3502,9646.0,22.5,0,0,0,M,20,A,D,D,D,C
3502,9647.0,10.1,0,0,0,M,20,,,,,
702,9648.0,17.2,20,20,10,F,20,A,A,A,A,B
702,9649.0,18.1,20,5,20,F,20,A,A,B,B,B
702,9650.0,15.0,0,0,0,F,20,A,A,B,B,B
702,9651.0,7.8,40,0,0,F,20,A,A,B,B,B
702,9652.0,15.0,0,0,0,F,20,A,A,B,B,B
702,9653.0,22.5,0,0,0,F,20,A,A,C,C,B
702,9654.0,22.5,0,0,0,F,20,A,A,C,C,C
702,9655.0,17.0,0,20,0,F,20,A,A,C,C,C
702,9656.0,30.9,0,25,0,F,20,A,A,C,C,C
702,9657.0,22.5,0,0,0,F,20,A,A,C,C,C
702,9658.0,8.5,10,0,25,M,20,A,A,D,C,C
702,9659.0,22.5,0,0,0,M,20,A,A,D,D,C
702,9660.0,8.2,100,80,5,M,20,A,A,D,D,D
702,9661.0,4.2,0,0,0,M,20,A,A,D,D,D
702,9662.0,15.0,0,0,0,M,20,A,A,D,E,D
702,9663.0,15.0,0,0,0,M,20,A,A,D,E,D
702,9664.0,20.0,0,0,0,M,20,A,A,D,E,D
702,9665.0,26.5,0,0,0,M,20,A,D,E,F,E
1601,9666.0,15.0,0,0,0,F,20,A,A,B,B,A
1601,9667.0,22.5,0,0,0,F,20,A,A,B,B,A
1601,9668.0,22.5,0,0,0,F,20,A,A,C,D,B
1601,9669.0,22.5,0,0,0,F,20,A,A,C,D,B
1601,9670.0,22.5,0,0,0,F,20,A,A,C,D,B
1601,9671.0,18.9,0,25,0,F,20,A,A,D,D,C
1601,9672.0,10.1,0,0,0,F,20,A,A,D,D,C
1601,9673.0,22.5,0,0,0,F,20,A,A,D,D,C
1601,9674.0,17.2,10,0,40,F,20,A,A,D,E,D
1601,9675.0,13.9,20,0,50,F,20,A,A,D,E,D
1601,9676.0,18.6,15,25,0,F,20,A,A,E,E,D
1601,9677.0,9.1,20,10,0,F,20,A,A,E,E,E
1601,9678.0,21.4,25,50,20,F,20,A,A,F,E,E
1601,9679.0,12.3,10,0,0,M,20,A,A,F,F,E
1601,9680.0,28.2,30,10,10,M,20,A,A,F,F,E
1601,9681.0,29.2,25,0,0,M,20,A,A,F,F,E
1601,9682.0,13.1,0,45,0,M,20,A,A,F,F,F
1601,9683.0,6.4,0,0,0,M,20,A,A,F,F,F
4004,9684.0,22.5,0,0,0,F,20,A,A,B,C,B
4004,9685.0,6.6,30,45,15,M,20,A,A,B,D,D
4004,9686.0,19.1,5,15,15,M,20,A,A,C,D,D
4004,9687.0,22.5,0,0,0,M,20,A,A,C,D,D
4004,9688.0,15.0,0,0,0,M,20,A,A,D,D,D
4004,9689.0,20.0,0,0,0,M,20,A,A,D,D,E
4004,9690.0,8.5,0,0,0,M,20,A,A,D,D,E
4004,9691.0,18.0,25,5,15,M,20,A,A,D,D,E
4004,9692.0,13.9,10,30,0,M,20,A,A,D,D,E
4004,9693.0,22.5,0,0,0,M,20,A,A,D,E,E
4004,9694.0,22.5,0,0,0,M,20,A,A,D,E,E
4004,9695.0,20.0,0,0,0,M,20,A,A,E,E,E
4004,9696.0,14.9,0,50,0,M,20,A,A,E,E,E
4004,9697.0,18.6,10,0,30,M,20,A,A,E,E,E
4004,9698.0,10.3,10,0,10,M,20,A,A,E,E,E
4004,9699.0,22.5,0,0,0,M,20,A,A,E,E,F
4004,9700.0,22.5,0,0,0,M,20,A,A,E,E,F
4004,9701.0,7.2,0,70,15,M,20,A,A,E,E,F
4004,9702.0,8.5,30,45,0,M,20,A,A,E,E,F
4004,9703.0,4.2,75,30,0,M,20,A,A,E,E,F
4004,9704.0,22.5,0,0,0,M,20,A,A,E,E,F
4004,9705.0,22.6,0,0,0,M,20,A,A,E,E,F
4004,9706.0,10.1,0,0,0,M,20,A,A,E,E,F
4004,9707.0,11.3,10,5,0,M,20,A,B,F,F,F
4004,9708.0,22.5,0,0,0,M,20,A,C,F,F,F
4004,9709.0,22.5,0,0,0,M,20,A,C,F,F,G
4004,9710.0,22.5,0,0,0,M,20,A,C,F,F,G
4004,9711.0,22.5,0,0,0,M,20,A,C,F,F,G
4004,9712.0,22.5,0,0,0,M,20,A,D,F,F,G
4004,9713.0,22.5,0,0,0,M,20,A,F,F,F,G
4004,9714.0,22.5,0,0,0,M,20,,,,,
4004,9715.0,10.3,20,0,0,M,20,,,,,
4004,9716.0,27.4,10,35,10,M,20,,,,,
4004,9717.0,16.0,0,0,30,M,20,,,,,
3202,9718.0,8.8,0,0,0,F,20,A,A,B,B,A
3202,9719.0,8.8,0,0,0,F,20,A,A,B,B,A
3202,9720.0,17.6,0,50,0,F,20,A,A,B,D,B
3202,9721.0,1.0,0,40,0,F,20,A,A,D,D,B
3202,9722.0,17.3,30,0,20,M,20,A,B,D,D,B
3202,9723.0,25.1,0,0,0,M,20,A,B,D,D,B
3202,9724.0,27.8,50,30,50,M,20,A,D,D,D,B
3202,9725.0,16.7,0,15,25,M,20,A,D,D,D,B
3202,9726.0,5.6,20,10,25,M,20,A,D,D,E,C
3202,9727.0,33.2,0,0,10,M,20,C,D,E,F,D
2001,9728.0,10.5,0,0,0,F,20,A,A,B,B,A
2001,9729.0,22.9,0,0,0,F,20,A,A,B,B,A
2001,9730.0,10.5,0,0,0,F,20,A,B,C,C,A
2001,9731.0,10.5,0,0,0,F,20,A,D,C,C,A
2001,9732.0,22.8,0,0,0,F,20,A,D,C,D,A
2001,9733.0,2.6,55,0,0,F,20,A,D,C,D,A
2001,9734.0,23.9,0,0,0,F,20,A,D,D,D,B
2001,9735.0,10.1,0,55,15,F,20,A,D,D,D,B
2001,9736.0,11.5,0,60,0,F,20,B,D,D,D,B
2001,9737.0,10.5,0,0,0,F,20,B,D,D,E,B
2001,9738.0,12.3,0,0,0,F,20,B,D,D,E,B
2001,9739.0,11.5,50,35,5,F,20,B,D,D,E,B
2001,9740.0,12.7,10,0,0,F,20,B,D,D,E,C
2001,9741.0,8.4,0,15,0,F,20,E,F,F,F,D
2001,9742.0,11.4,100,0,65,F,20,,,,,
2402,9743.0,20.4,0,0,0,F,20,A,A,A,B,A
2402,9744.0,35.7,0,0,0,F,20,A,A,B,B,A
2402,9745.0,14.7,55,0,0,F,20,A,A,B,B,A
2402,9746.0,22.7,0,0,0,F,20,A,A,B,B,A
2402,9747.0,12.7,10,0,0,F,20,A,A,B,B,A
2402,9748.0,2.6,0,0,0,F,20,A,A,B,B,A
2402,9749.0,19.4,20,0,15,F,20,A,A,B,B,A
2402,9750.0,23.0,0,15,0,F,20,A,A,B,C,A
2402,9751.0,24.9,0,0,0,F,20,A,A,B,C,A
2402,9752.0,20.4,50,35,20,F,20,A,A,B,C,A
2402,9753.0,17.6,50,0,0,F,20,A,A,B,C,A
2402,9754.0,12.3,40,45,0,F,20,A,A,B,C,A
2402,9755.0,7.0,0,0,0,F,20,A,A,B,C,A
2402,9756.0,18.5,55,30,15,F,20,A,A,C,C,A
2402,9757.0,24.3,55,15,0,F,20,A,A,C,D,A
2402,9758.0,17.0,15,35,5,F,20,A,A,C,D,A
2402,9759.0,2.0,0,5,0,F,20,A,A,C,D,A
2402,9760.0,10.6,60,45,65,F,20,A,A,C,D,A
2402,9761.0,12.9,30,30,20,F,20,A,A,C,D,A
2402,9762.0,16.7,20,15,20,F,20,A,A,C,D,B
2402,9763.0,10.6,0,0,0,F,20,A,A,C,D,B
2402,9764.0,30.8,0,15,10,F,20,A,A,C,D,B
2402,9765.0,25.2,10,30,15,F,20,A,A,C,D,B
2402,9766.0,18.8,15,10,15,F,20,A,A,C,D,B
2402,9767.0,26.5,15,30,20,F,20,A,A,C,D,B
2402,9768.0,22.5,20,35,35,F,20,A,A,C,D,B
2402,9769.0,2.6,0,30,0,F,20,A,A,C,D,B
2402,9770.0,15.0,0,35,0,F,20,A,B,C,D,B
2402,9771.0,22.8,0,0,0,M,20,A,B,C,D,B
2402,9772.0,19.0,0,10,0,M,20,A,B,D,D,B
2402,9773.0,7.5,10,65,0,M,20,A,B,D,D,B
2402,9774.0,15.0,0,65,0,M,20,A,B,D,D,B
2402,9775.0,19.9,20,0,0,M,20,A,B,D,D,B
2402,9776.0,7.2,10,10,25,M,20,A,B,D,D,B
2402,9777.0,8.9,20,0,15,M,20,A,B,D,D,B
2402,9778.0,28.6,20,30,0,M,20,A,B,D,D,B
2402,9779.0,14.9,10,35,20,M,20,A,B,D,D,B
2402,9780.0,9.5,15,5,10,M,20,A,B,D,D,B
2402,9781.0,13.3,0,5,0,M,20,A,C,D,D,B
2402,9782.0,10.6,35,60,0,M,20,A,D,D,D,B
2402,9783.0,15.0,30,5,30,M,20,A,D,D,D,B
2402,9784.0,25.0,0,25,40,M,20,A,D,D,E,B
2402,9785.0,7.5,0,0,0,M,20,A,D,D,E,B
2402,9786.0,7.5,0,0,0,M,20,A,D,D,E,C
2402,9787.0,7.5,0,0,0,M,20,A,D,E,E,C
2402,9788.0,7.5,0,0,0,M,20,A,D,E,E,C
2402,9789.0,7.5,0,0,0,M,20,A,D,E,E,C
2402,9790.0,19.8,15,5,15,M,20,A,D,E,E,D
2402,9791.0,30.3,40,0,0,M,20,A,D,E,E,D
2402,9792.0,7.5,0,0,0,M,20,A,D,E,E,D
2402,9793.0,7.5,0,0,0,M,20,A,D,E,E,D
2402,9794.0,6.0,0,20,0,M,20,A,D,E,E,E
2402,9795.0,7.5,0,0,0,M,20,B,D,E,F,E
702,9796.0,10.9,0,0,0,M,20,A,A,C,D,A
702,9797.0,7.5,0,0,0,M,20,A,A,C,D,A
702,9798.0,7.4,0,0,0,M,20,A,B,C,D,B
702,9799.0,7.5,0,0,0,M,20,A,B,D,D,B
702,9800.0,7.5,0,0,0,M,20,A,B,D,D,B
702,9801.0,7.5,0,0,0,M,20,A,B,D,D,B
702,9802.0,7.5,0,0,0,M,20,A,C,D,D,B
702,9803.0,7.5,0,0,0,M,20,A,D,D,D,B
702,9804.0,7.5,0,0,0,M,20,B,D,D,E,B
702,9805.0,18.4,0,15,0,M,20,B,D,D,E,B
702,9806.0,7.5,0,0,0,M,20,B,D,E,F,B
702,9807.0,7.5,0,0,0,M,20,B,D,E,F,C
702,9808.0,29.7,10,25,10,M,20,B,D,F,F,D
702,9809.0,9.1,0,25,0,M,20,C,D,F,F,E
702,9810.0,7.5,0,0,0,M,20,,,,,
702,9811.0,20.0,0,0,5,M,20,,,,,
702,9812.0,0.6,0,45,0,M,20,,,,,
702,9813.0,14.4,65,45,40,M,20,,,,,
702,9814.0,7.5,0,0,0,M,20,,,,,
1402,9815.0,7.5,0,0,0,F,20,A,A,B,B,B
1402,9816.0,34.0,0,0,0,F,20,A,A,B,B,B
1402,9817.0,7.5,0,0,0,F,20,A,D,C,D,C
1402,9818.0,11.1,0,0,0,F,20,A,D,D,D,C
1402,9819.0,0.0,20,0,0,M,20,A,D,D,E,C
1402,9820.0,19.4,10,25,5,M,20,A,D,D,E,C
1402,9821.0,7.5,0,0,0,M,20,A,D,D,E,E
1402,9822.0,15.6,0,0,0,M,20,A,F,F,F,E
1402,9823.0,37.5,0,0,0,M,20,A,F,F,F,E
1402,9824.0,15.9,0,40,0,M,20,,,,,
4004,9825.0,10.1,0,80,0,F,20,A,A,B,C,A
4004,9826.0,7.5,0,0,0,F,20,A,A,C,D,B
4004,9827.0,7.5,0,0,0,F,20,A,A,C,D,B
4004,9828.0,7.5,55,20,15,F,20,A,A,C,D,B
4004,9829.0,26.4,25,0,40,F,20,A,A,D,D,B
4004,9830.0,7.5,0,0,0,F,20,A,A,D,D,B
4004,9831.0,23.2,0,0,0,F,20,A,A,D,D,B
4004,9832.0,23.4,0,0,0,F,20,A,A,D,D,B
4004,9833.0,7.5,0,0,0,F,20,A,A,D,D,C
4004,9834.0,7.5,25,0,20,M,20,A,A,D,D,C
4004,9835.0,19.8,35,0,0,M,20,A,A,D,D,C
4004,9836.0,7.5,0,0,0,M,20,A,A,D,D,C
4004,9837.0,15.3,100,30,10,M,20,A,A,D,D,C
4004,9838.0,11.1,10,0,10,M,20,A,A,D,D,C
4004,9839.0,0.0,0,0,20,M,20,A,A,D,D,C
4004,9840.0,25.2,0,0,0,M,20,A,A,D,D,C
4004,9841.0,22.5,20,0,0,M,20,A,A,D,D,D
4004,9842.0,12.7,20,60,5,M,20,A,A,D,E,D
4004,9843.0,2.6,0,5,0,M,20,A,A,D,E,D
4004,9844.0,4.2,0,60,10,M,20,A,A,D,E,D
4004,9845.0,22.5,20,0,0,M,20,A,A,D,E,D
4004,9846.0,7.5,0,0,0,M,20,A,A,E,E,D
4004,9847.0,8.5,30,0,10,M,20,A,A,E,E,D
4004,9848.0,21.4,50,30,20,M,20,A,A,E,E,D
4004,9849.0,7.5,0,0,0,M,20,A,A,E,E,D
4004,9850.0,3.2,20,45,10,M,20,A,A,E,E,E
4004,9851.0,8.4,50,0,0,M,20,A,A,E,E,E
4004,9852.0,7.5,0,0,0,M,20,A,A,E,E,E
4004,9853.0,7.5,0,0,0,M,20,A,A,E,E,E
4004,9854.0,15.4,0,35,0,M,20,A,A,E,E,E
4004,9855.0,17.6,0,45,65,M,20,A,A,E,E,E
4004,9856.0,7.5,0,0,0,M,20,A,A,E,E,E
4004,9857.0,7.5,0,0,0,M,20,A,A,E,E,E
4004,9858.0,7.5,0,0,0,M,20,A,A,E,E,E
4004,9859.0,28.8,0,20,20,M,20,A,A,E,E,E
4004,9860.0,7.5,0,0,0,M,20,A,A,E,E,E
4004,9861.0,7.5,0,0,0,M,20,A,D,E,F,F
4004,9862.0,7.5,0,0,0,M,20,A,D,E,F,F
4004,9863.0,7.5,0,0,0,M,20,A,D,E,F,F
4004,9864.0,12.3,35,20,0,M,20,A,D,E,F,F
4004,9865.0,7.5,0,0,0,M,20,A,D,E,F,F
4004,9866.0,7.5,0,0,0,M,20,A,D,E,F,F
4004,9867.0,7.5,0,0,0,M,20,A,D,E,F,F
4004,9868.0,7.5,0,0,0,M,20,A,D,F,F,F
4004,9869.0,7.5,0,0,0,M,20,A,D,F,F,F
4004,9870.0,7.5,0,0,0,M,20,A,D,F,F,F
4004,9871.0,7.5,0,0,0,M,20,A,D,F,F,F
4004,9872.0,3.6,25,0,0,M,20,A,D,F,F,F
4004,9873.0,18.0,0,20,0,M,20,A,D,F,F,F
4004,9874.0,7.5,0,0,0,M,20,A,D,F,F,F
4004,9875.0,7.5,0,0,0,M,20,A,D,F,F,F
4004,9876.0,8.5,10,30,0,M,20,A,F,F,F,F
4004,9877.0,7.5,0,0,0,M,20,,,,,
1502,9878.0,7.5,0,0,0,F,20,A,A,C,C,B
1502,9879.0,34.0,0,0,0,F,20,A,A,C,C,B
1502,9880.0,7.5,0,0,0,F,20,A,A,D,D,B
1502,9881.0,7.5,0,0,0,F,20,A,B,D,D,B
1502,9882.0,17.7,15,15,20,F,20,A,D,D,D,B
1502,9883.0,7.5,20,25,0,F,20,A,D,D,D,B
1502,9884.0,11.3,0,0,20,M,20,A,D,D,D,B
1502,9885.0,7.8,25,0,20,M,20,A,D,D,D,C
1502,9886.0,7.5,0,0,0,M,20,A,D,D,D,C
1502,9887.0,7.5,0,0,0,M,20,A,D,D,D,C
1502,9888.0,7.5,0,0,0,M,20,A,D,E,E,C
1502,9889.0,7.5,0,0,0,M,20,B,D,E,F,E
1502,9890.0,7.5,0,0,0,M,20,B,D,F,F,E
1502,9891.0,7.5,0,0,0,M,20,B,D,F,F,F
1502,9892.0,7.5,0,0,0,M,20,,,,,
1602,9893.0,8.5,0,0,40,F,20,A,A,A,B,A
1602,9894.0,7.5,0,0,0,F,20,A,B,D,D,B
1602,9895.0,7.5,0,0,0,F,20,A,B,D,D,B
1602,9896.0,7.5,0,0,0,F,20,A,D,E,D,B
1602,9897.0,7.5,0,0,0,F,20,A,D,E,E,C
1602,9898.0,7.5,0,0,0,F,20,A,D,E,E,D
1602,9899.0,7.5,0,0,0,M,20,A,D,E,E,D
1602,9900.0,7.5,0,0,0,M,20,A,D,F,E,E
1602,9901.0,3.0,0,0,0,M,20,,,,,
1602,9902.0,17.0,0,0,0,M,20,,,,,
3001,9903.0,7.5,0,0,0,F,20,A,A,A,A,A
3001,9904.0,7.5,0,0,0,F,20,A,A,B,B,A
3001,9905.0,7.5,0,0,0,F,20,A,A,B,B,A
3001,9906.0,34.0,0,0,0,M,20,A,A,B,B,B
3001,9907.0,7.5,0,0,0,M,20,A,A,C,C,B
3001,9908.0,7.5,0,35,10,M,20,A,A,C,C,B
3001,9909.0,24.5,5,0,0,M,20,A,A,D,D,B
3001,9910.0,1.6,10,0,0,M,20,A,A,D,D,C
3001,9911.0,19.8,25,0,10,M,20,A,A,D,D,C
3001,9912.0,11.1,20,0,0,M,20,A,A,D,E,C
3001,9913.0,20.1,10,80,20,M,20,A,A,D,E,D
3001,9914.0,10.7,15,10,0,M,20,E,F,F,F,D
3001,9915.0,0.0,30,35,30,M,20,,,,,
2402,9916.0,3.6,0,0,0,F,20,A,A,B,B,A
2402,9917.0,1.0,0,0,0,F,20,A,A,B,B,A
2402,9918.0,22.5,0,0,0,F,20,A,A,B,B,B
2402,9919.0,22.5,0,0,0,F,20,A,A,B,B,B
2402,9920.0,13.2,40,0,45,F,20,A,A,B,B,B
2402,9921.0,5.8,0,10,0,M,20,A,A,B,C,B
2402,9922.0,17.2,0,0,0,M,20,A,A,C,D,B
2402,9923.0,22.5,0,0,0,M,20,A,A,C,D,B
2402,9924.0,22.5,0,0,0,M,20,A,B,C,D,B
2402,9925.0,14.5,0,0,0,M,20,A,D,D,D,C
2402,9926.0,11.2,0,0,0,M,20,A,D,D,D,C
2402,9927.0,31.9,0,20,0,M,20,A,D,D,E,E
702,9928.0,18.1,0,20,0,F,20,A,A,B,B,A
702,9929.0,23.5,0,0,0,F,20,A,A,B,B,B
702,9930.0,31.0,0,40,0,F,20,A,A,B,B,B
702,9931.0,32.7,0,25,0,M,20,B,A,C,C,B
702,9932.0,21.0,0,25,0,M,20,B,A,C,C,B
702,9933.0,16.7,60,0,0,M,20,B,A,C,C,B
702,9934.0,10.9,15,0,10,M,20,B,A,D,C,B
702,9935.0,6.4,75,25,0,M,20,B,B,D,D,B
702,9936.0,22.5,0,0,0,M,20,C,B,D,E,C
702,9937.0,12.4,0,15,50,M,20,D,F,E,E,C
904,9938.0,19.2,0,30,0,F,20,A,A,B,B,A
904,9939.0,5.2,75,30,0,F,20,A,A,B,B,A
904,9940.0,47.8,0,0,0,F,20,A,A,B,B,A
904,9941.0,0.0,15,55,30,F,20,A,A,B,B,A
904,9942.0,10.1,10,20,0,F,20,A,A,B,C,A
904,9943.0,3.6,0,0,0,F,20,A,A,C,C,A
904,9944.0,16.3,0,0,0,F,20,A,A,C,C,A
904,9945.0,23.8,0,0,0,F,20,A,A,C,C,B
904,9946.0,23.8,0,0,0,F,20,A,A,C,C,B
904,9947.0,45.7,0,15,0,F,20,A,A,C,D,B
904,9948.0,23.8,0,0,0,F,20,A,A,C,D,B
904,9949.0,11.5,0,0,0,F,20,A,A,D,D,B
904,9950.0,7.5,0,0,15,F,20,A,A,D,D,B
904,9951.0,33.9,10,0,10,F,20,A,A,D,D,B
904,9952.0,12.3,10,60,20,F,20,B,A,D,D,B
904,9953.0,19.6,25,5,10,F,20,B,A,D,D,C
904,9954.0,16.1,0,0,0,F,20,B,A,E,D,C
904,9955.0,10.3,0,0,30,M,20,B,A,E,D,C
904,9956.0,13.1,50,10,25,M,20,E,A,E,E,D
904,9957.0,14.7,30,45,0,M,20,E,B,E,E,D
904,9958.0,2.2,10,0,0,M,20,E,B,E,E,D
904,9959.0,15.4,20,45,5,M,20,E,D,E,E,D
904,9960.0,12.5,0,15,0,M,20,E,D,F,E,E
904,9961.0,11.1,20,5,0,M,20,,,,,
904,9962.0,22.5,0,0,0,M,20,,,,,
2501,9963.0,4.6,0,20,0,F,20,A,A,A,A,A
2501,9964.0,13.5,10,0,0,F,20,A,A,B,A,A
2501,9965.0,13.5,0,0,10,F,20,A,A,B,B,A
2501,9966.0,0.0,50,45,5,F,20,A,A,B,B,A
2501,9967.0,13.3,0,0,0,F,20,A,A,C,B,A
2501,9968.0,9.5,20,15,0,F,20,A,A,C,C,A
2501,9969.0,2.4,0,35,0,M,20,,,,,
905,9970.0,7.8,0,0,0,F,20,A,A,B,B,A
905,9971.0,9.5,0,0,0,F,20,A,A,B,B,A
905,9972.0,16.0,10,15,40,F,20,A,A,B,C,A
905,9973.0,11.3,0,0,0,M,20,B,D,F,F,E
905,9974.0,11.2,0,0,0,M,20,,,,,
906,9975.0,9.6,0,25,0,F,20,A,A,A,A,A
906,9976.0,23.0,0,60,15,F,20,A,A,A,B,A
906,9977.0,14.5,30,45,0,F,20,A,A,A,B,A
906,9978.0,21.8,90,0,10,F,20,A,A,B,B,A
906,9979.0,16.0,0,0,0,F,20,A,A,B,B,A
906,9980.0,21.4,90,0,15,F,20,A,A,B,B,B
906,9981.0,1.6,0,0,0,F,20,A,A,B,B,B
906,9982.0,11.5,0,0,0,M,20,B,A,D,D,C
906,9983.0,5.4,15,0,0,M,20,E,D,E,F,E
2402,9984.0,12.1,25,0,0,F,20,A,A,A,B,A
2402,9985.0,8.9,30,0,10,F,20,A,A,A,B,A
2402,9986.0,9.1,15,5,20,F,20,A,A,B,B,A
2402,9987.0,0.0,20,0,5,F,20,A,A,B,C,B
2402,9988.0,17.6,20,5,30,F,20,A,A,C,C,B
2402,9989.0,19.7,20,75,20,F,20,A,A,C,C,B
2402,9990.0,6.6,20,25,10,F,20,A,A,C,C,B
2402,9991.0,0.0,25,0,0,F,20,A,A,C,C,B
2402,9992.0,11.1,25,0,0,F,20,A,A,C,C,B
2402,9993.0,10.1,0,0,0,F,20,A,A,C,D,B
2402,9994.0,18.6,0,20,0,F,20,A,A,C,D,C
2402,9995.0,10.1,0,25,0,F,20,A,A,C,D,C
2402,9996.0,7.5,0,0,0,F,20,A,A,C,D,C
2402,9997.0,15.0,0,0,0,F,20,A,A,D,D,C
2402,9998.0,23.0,10,0,10,F,20,A,A,D,D,C
2402,9999.0,15.0,0,0,0,M,20,A,A,D,D,C
2402,10000.0,15.0,0,0,0,M,20,C,D,D,F,E
2402,10001.0,15.0,0,0,0,M,20,C,F,F,F,F
2402,10002.0,15.0,0,0,0,M,20,,,,,
1602,10003.0,11.7,0,0,0,F,20,A,A,B,B,A
1602,10004.0,15.0,0,0,0,F,20,A,A,B,B,A
1602,10005.0,15.0,0,0,0,F,20,A,A,B,B,A
1602,10006.0,15.0,0,0,0,F,20,A,A,C,B,A
1602,10007.0,13.5,10,10,0,F,20,A,A,C,B,B
1602,10008.0,16.5,0,0,0,F,20,A,A,C,B,B
1602,10009.0,16.1,20,45,0,F,20,A,A,C,B,B
1602,10010.0,7.5,0,0,0,F,20,A,A,C,C,B
1602,10011.0,9.5,0,15,0,F,20,A,A,C,C,B
1602,10012.0,32.0,0,20,0,F,20,A,A,C,D,B
1602,10013.0,3.8,0,0,0,F,20,A,A,C,D,B
1602,10014.0,15.0,0,0,0,F,20,A,A,C,D,B
1602,10015.0,15.0,0,0,0,F,20,A,A,D,D,D
1602,10016.0,11.7,0,0,0,F,20,A,A,D,E,D
1602,10017.0,13.6,0,0,0,F,20,A,A,D,E,D
1602,10018.0,15.0,0,0,0,F,20,A,B,D,E,D
1602,10019.0,14.7,35,10,0,M,20,A,D,D,E,D
1602,10020.0,8.4,20,15,10,M,20,B,D,E,F,E
1602,10021.0,8.2,0,0,0,M,20,E,F,E,F,F
1602,10022.0,14.7,0,45,0,M,20,,,,,
1602,10023.0,13.1,30,0,0,M,20,,,,,
1602,10024.0,13.5,0,0,0,M,20,,,,,
1602,10025.0,15.0,0,0,0,M,20,,,,,
1602,10026.0,15.0,0,0,0,M,20,,,,,
4004,10027.0,15.0,0,0,0,M,20,A,A,B,B,B
4004,10028.0,7.5,0,0,0,M,20,A,A,B,B,C
4004,10029.0,15.0,0,0,0,M,20,A,A,B,C,C
4004,10030.0,22.5,0,0,10,M,20,A,A,D,D,D
4004,10031.0,15.0,0,0,0,M,20,A,A,D,D,E
4004,10032.0,16.5,0,0,0,M,20,A,A,D,D,E
4004,10033.0,15.0,0,0,0,M,20,A,A,D,D,E
4004,10034.0,15.0,0,0,0,M,20,A,A,D,D,E
4004,10035.0,15.0,0,0,0,M,20,A,A,D,D,E
4004,10036.0,11.7,25,65,5,M,20,A,A,D,D,E
4004,10037.0,15.0,0,0,0,M,20,A,A,D,D,E
4004,10038.0,9.5,0,15,0,M,20,A,A,D,D,E
4004,10039.0,7.5,0,0,0,M,20,A,A,D,D,E
4004,10040.0,18.6,0,20,0,M,20,A,A,D,D,E
4004,10041.0,15.0,0,0,0,M,20,A,A,E,E,E
4004,10042.0,15.0,0,0,0,M,20,E,F,F,F,F
4004,10043.0,15.0,0,0,0,M,20,E,F,F,F,G
4004,10044.0,15.0,0,0,0,M,20,,,,,
4004,10045.0,15.0,0,0,0,M,20,,,,,
702,10046.0,7.5,0,50,0,F,20,A,A,B,B,B
702,10047.0,15.0,0,0,0,F,20,A,A,B,B,B
702,10048.0,15.0,0,0,0,M,20,,,,,
2402,10049.0,15.0,0,0,0,F,20,A,A,A,A,A
2402,10050.0,15.0,0,0,0,F,20,A,A,B,B,A
2402,10051.0,15.0,0,0,0,F,20,A,A,B,B,A
2402,10052.0,15.0,0,0,0,F,20,A,A,B,B,B
2402,10053.0,15.0,0,0,0,F,20,A,A,B,B,B
2402,10054.0,15.0,0,0,0,F,20,A,A,B,B,B
2402,10055.0,15.0,0,0,0,F,20,A,A,B,B,C
2402,10056.0,15.0,0,0,0,F,20,A,A,B,C,C
2402,10057.0,21.8,5,5,20,F,20,A,A,C,C,C
2402,10058.0,15.0,0,0,0,F,20,A,A,D,D,D
2402,10059.0,17.3,0,30,0,M,20,A,A,D,D,D
2402,10060.0,15.0,0,0,0,M,20,A,A,D,D,D
2402,10061.0,15.0,0,0,0,M,20,,,,,
2402,10062.0,15.0,0,0,0,M,20,,,,,
2402,10063.0,15.0,0,0,0,M,20,,,,,
2402,10064.0,7.5,15,35,0,M,20,,,,,
2402,10065.0,15.0,0,0,0,M,20,,,,,
3202,10066.0,11.9,0,0,0,F,20,A,A,B,C,B
3202,10067.0,7.5,0,0,0,F,20,A,A,B,C,B
3202,10068.0,15.0,0,0,0,F,20,A,A,B,C,B
3202,10069.0,11.9,0,0,0,F,20,A,A,B,C,B
5402,10070.0,15.0,0,0,0,F,20,A,A,A,D,B
5402,10071.0,15.0,0,0,0,F,20,A,A,C,D,B
5402,10072.0,15.0,0,0,0,M,20,A,A,D,E,B
5402,10073.0,18.6,40,0,10,M,20,A,A,D,E,C
3502,10074.0,15.0,0,0,0,F,20,A,A,A,A,A
3502,10075.0,15.0,0,0,0,F,20,A,A,B,B,A
3502,10076.0,15.0,0,0,0,F,20,A,A,B,B,A
3502,10077.0,15.0,0,0,0,F,20,A,A,B,B,B
3502,10078.0,11.1,20,60,20,F,20,A,A,B,B,B
3502,10079.0,15.0,0,0,0,F,20,A,A,B,B,B
3502,10080.0,15.0,0,0,0,F,20,A,A,B,B,B
3502,10081.0,15.0,0,0,0,F,20,A,A,C,C,B
3502,10082.0,11.9,0,0,0,F,20,A,A,C,C,B
3502,10083.0,15.0,0,0,0,F,20,A,A,C,C,B
3502,10084.0,9.8,0,0,0,F,20,A,A,C,C,B
3502,10085.0,25.1,0,0,0,F,20,A,A,C,D,B
3502,10086.0,17.9,30,0,25,F,20,A,A,C,D,C
3502,10087.0,15.0,0,0,0,F,20,A,A,C,D,C
3502,10088.0,15.0,0,0,0,F,20,A,A,C,D,C
3502,10089.0,15.0,0,0,0,F,20,A,A,C,D,C
3502,10090.0,15.0,0,0,0,F,20,A,A,C,D,C
3502,10091.0,15.0,0,0,0,F,20,A,A,D,D,C
3502,10092.0,7.2,60,10,0,F,20,A,A,D,D,C
3502,10093.0,15.0,0,0,0,F,20,A,A,D,D,C
3502,10094.0,15.0,0,0,0,F,20,A,A,D,D,C
3502,10095.0,15.0,0,0,0,F,20,B,A,D,D,C
3502,10096.0,4.0,0,0,0,M,20,B,A,D,D,C
3502,10097.0,15.0,0,0,0,M,20,E,D,F,F,E
3502,10098.0,15.0,0,0,0,M,20,,,,,
3502,10099.0,15.0,0,0,0,M,20,,,,,
3502,10100.0,15.0,0,0,0,M,20,,,,,
3502,10101.0,15.0,0,0,0,M,20,,,,,
3502,10102.0,8.5,0,45,0,M,20,,,,,
3502,10103.0,15.0,0,0,0,M,20,,,,,
3502,10104.0,9.0,50,45,20,M,20,,,,,
3502,10105.0,15.0,0,0,0,M,20,,,,,
3502,10106.0,21.6,30,0,0,M,20,,,,,
3502,10107.0,7.5,25,20,5,M,20,,,,,
3502,10108.0,17.0,30,20,10,M,20,,,,,
3502,10109.0,15.0,0,0,0,M,20,,,,,
3502,10110.0,15.0,0,0,0,M,20,,,,,
3502,10111.0,13.1,15,0,0,M,20,,,,,
3502,10112.0,15.0,0,0,0,M,20,,,,,
3502,10113.0,15.0,0,0,0,M,20,,,,,
3502,10114.0,2.6,10,0,0,M,20,,,,,
3502,10115.0,15.0,0,0,0,M,20,,,,,
3502,10116.0,15.0,0,0,0,M,20,,,,,
3502,10117.0,15.0,0,0,0,M,20,,,,,
3502,10118.0,15.0,0,0,0,M,20,,,,,
4006,10119.0,15.0,0,0,0,F,20,A,A,A,B,B
4006,10120.0,15.0,0,0,0,F,20,A,A,B,B,B
4006,10121.0,7.5,50,0,0,F,20,A,A,B,B,B
4006,10122.0,15.0,0,0,0,M,20,A,A,B,C,B
4006,10123.0,15.0,0,0,0,M,20,A,A,B,C,C
4006,10124.0,15.0,0,0,0,M,20,A,A,B,D,D
4006,10125.0,11.1,30,30,40,M,20,A,A,B,D,D
4006,10126.0,11.1,30,0,0,M,20,A,A,C,D,D
4006,10127.0,0.0,0,0,0,M,20,A,A,D,D,D
4006,10128.0,19.5,50,65,5,M,20,A,A,D,D,E
4006,10129.0,14.7,0,50,0,M,20,A,A,D,D,E
4006,10130.0,42.9,40,0,0,M,20,A,A,D,D,E
4006,10131.0,4.8,10,0,0,M,20,A,A,D,D,E
4006,10132.0,14.5,0,35,15,M,20,A,A,D,D,E
4006,10133.0,19.4,0,0,0,M,20,A,A,E,D,E
4006,10134.0,0.0,0,0,0,M,20,A,A,E,E,F
4006,10135.0,40.8,20,15,20,M,20,A,A,E,E,F
4006,10136.0,19.0,20,85,20,M,20,A,A,E,E,F
4006,10137.0,48.7,0,0,0,M,20,B,A,E,E,F
2001,10138.0,0.0,0,0,0,F,20,A,A,B,B,A
2001,10139.0,0.0,0,0,0,F,20,A,A,B,B,A
2001,10140.0,0.0,0,0,0,F,20,A,A,B,C,A
2001,10141.0,0.0,0,0,0,F,20,A,A,B,C,A
2001,10142.0,0.0,0,0,0,F,20,A,B,B,C,A
2001,10143.0,0.0,0,0,0,F,20,A,B,C,D,B
2001,10144.0,0.0,0,0,0,F,20,A,D,C,D,B
2001,10145.0,0.0,0,0,0,F,20,B,D,D,E,B
2001,10146.0,0.0,0,0,0,F,20,B,D,E,E,B
2001,10147.0,0.0,0,0,0,F,20,C,D,E,E,C
2001,10148.0,0.0,0,0,0,F,20,C,D,E,E,F
2001,10149.0,0.0,0,0,0,F,20,E,D,F,F,F
2001,10150.0,0.0,0,0,0,F,20,,,,,
2001,10151.0,0.0,0,0,0,M,20,,,,,
2001,10152.0,0.0,0,0,0,M,20,,,,,
2001,10153.0,0.0,0,0,0,M,20,,,,,
3502,10154.0,0.0,0,0,0,F,20,A,A,A,B,A
3502,10155.0,0.0,0,0,0,F,20,A,B,B,D,B
3502,10156.0,0.0,0,0,0,F,20,A,B,C,D,B
3502,10157.0,0.0,0,0,0,F,20,A,C,C,D,B
3502,10158.0,0.0,0,0,0,F,20,A,D,D,D,B
3502,10159.0,0.0,0,0,0,F,20,A,D,D,D,B
3502,10160.0,0.0,0,0,0,F,20,A,D,D,D,B
3502,10161.0,0.0,0,0,0,F,20,A,D,D,D,C
3502,10162.0,0.0,0,0,0,M,20,A,D,D,E,D
3502,10163.0,0.0,0,0,0,M,20,A,D,D,E,D
3502,10164.0,0.0,0,0,0,M,20,A,D,D,E,D
3502,10165.0,0.0,0,0,0,M,20,B,D,D,F,D
3502,10166.0,0.0,0,0,0,M,20,B,D,E,F,E
3502,10167.0,0.0,0,0,0,M,20,B,D,E,F,E
3502,10168.0,0.0,0,0,0,M,20,E,F,F,F,E
3502,10169.0,0.0,0,0,0,M,20,,,,,
3502,10170.0,0.0,0,0,0,M,20,,,,,
3502,10171.0,0.0,0,0,0,M,20,,,,,
3502,10172.0,0.0,0,0,0,M,20,,,,,
3502,10173.0,0.0,0,0,0,M,20,,,,,
3502,10174.0,0.0,0,0,0,M,20,,,,,
3502,10175.0,0.0,0,0,0,M,20,,,,,
3502,10176.0,0.0,0,0,0,M,20,,,,,
3502,10177.0,0.0,0,0,0,M,20,,,,,
2001,10178.0,0.0,0,0,0,F,20,A,A,A,A,A
2001,10179.0,0.0,0,0,0,F,20,A,A,A,B,A
2001,10180.0,0.0,0,0,0,F,20,A,A,A,B,A
2001,10181.0,0.0,0,0,0,F,20,A,A,B,B,A
2001,10182.0,0.0,0,0,0,F,20,A,B,B,B,B
2001,10183.0,0.0,0,0,0,F,20,A,B,B,C,B
2001,10184.0,0.0,0,0,0,F,20,A,D,B,D,B
2001,10185.0,0.0,0,0,0,F,20,A,D,B,D,B
2001,10186.0,0.0,0,0,0,F,20,A,D,B,D,B
2001,10187.0,0.0,0,0,0,F,20,A,D,B,D,B
2001,10188.0,0.0,0,0,0,F,20,B,D,B,D,B
2001,10189.0,0.0,0,0,0,F,20,B,D,B,D,B
2001,10190.0,0.0,0,0,0,F,20,B,D,B,D,B
2001,10191.0,0.0,0,0,0,F,20,C,D,C,E,B
2001,10192.0,0.0,0,0,0,F,20,C,D,C,E,B
2001,10193.0,0.0,0,0,0,F,20,C,D,C,E,B
2001,10194.0,0.0,0,0,0,F,20,C,D,D,E,B
2001,10195.0,0.0,0,0,0,F,20,E,F,D,F,C
2001,10196.0,0.0,0,0,0,F,20,,,,,
2001,10197.0,0.0,0,0,0,M,20,,,,,
2001,10198.0,0.0,0,0,0,M,20,,,,,
3002,10199.0,0.0,0,0,0,F,20,A,A,A,A,A
3002,10200.0,0.0,0,0,0,F,20,A,A,A,B,A
3002,10201.0,0.0,0,0,0,F,20,A,A,A,B,A
3002,10202.0,0.0,0,0,0,F,20,A,B,B,B,A
3002,10203.0,0.0,0,0,0,F,20,A,B,B,B,A
3002,10204.0,0.0,0,0,0,F,20,A,B,B,B,B
3002,10205.0,0.0,0,0,0,M,20,A,D,B,B,B
3002,10206.0,0.0,0,0,0,M,20,A,D,B,B,B
3002,10207.0,0.0,0,0,0,M,20,A,D,B,C,B
3002,10208.0,0.0,0,0,0,M,20,A,D,C,C,B
3002,10209.0,0.0,0,0,0,M,20,A,D,D,C,B
3002,10210.0,0.0,0,0,0,M,20,A,D,D,C,B
3002,10211.0,0.0,0,0,0,M,20,B,D,D,D,C
3002,10212.0,0.0,0,0,0,M,20,,,,,
3002,10213.0,0.0,0,0,0,M,20,,,,,
2402,10214.0,0.0,0,0,0,F,20,A,A,B,B,A
2402,10215.0,0.0,0,0,0,F,20,A,A,B,B,A
2402,10216.0,0.0,0,0,0,F,20,A,A,B,B,A
2402,10217.0,0.0,0,0,0,F,20,A,A,B,B,A
2402,10218.0,0.0,0,0,0,F,20,A,A,B,B,A
2402,10219.0,0.0,0,0,0,F,20,A,B,B,C,B
2402,10220.0,0.0,0,0,0,F,20,A,B,B,C,B
2402,10221.0,0.0,0,0,0,F,20,A,B,B,D,B
2402,10222.0,0.0,0,0,0,F,20,A,B,C,D,B
2402,10223.0,0.0,0,0,0,F,20,A,D,C,D,B
2402,10224.0,0.0,0,0,0,F,20,A,D,D,D,B
2402,10225.0,0.0,0,0,0,F,20,A,D,D,D,B
2402,10226.0,0.0,0,0,0,M,20,A,D,D,D,C
2402,10227.0,0.0,0,0,0,M,20,A,D,D,D,C
2402,10228.0,0.0,0,0,0,M,20,A,D,D,D,C
2402,10229.0,0.0,0,0,0,M,20,B,D,D,E,C
2402,10230.0,0.0,0,0,0,M,20,B,D,E,E,D
2402,10231.0,0.0,0,0,0,M,20,B,D,E,E,D
2402,10232.0,0.0,0,0,0,M,20,E,F,E,E,D
2402,10233.0,0.0,0,0,0,M,20,E,F,E,F,E
2402,10234.0,0.0,0,0,0,M,20,,,,,
2402,10235.0,0.0,0,0,0,M,20,,,,,
2402,10236.0,0.0,0,0,0,M,20,,,,,
2402,10237.0,0.0,0,0,0,M,20,,,,,
2402,10238.0,0.0,0,0,0,M,20,,,,,
702,10239.0,0.0,0,0,0,F,20,A,A,B,B,A
702,10240.0,0.0,0,0,0,M,20,A,D,C,C,B
702,10241.0,0.0,0,0,0,M,20,A,D,C,D,C
702,10242.0,0.0,0,0,0,M,20,A,D,C,D,D
702,10243.0,0.0,0,0,0,M,20,A,D,D,D,D
702,10244.0,0.0,0,0,0,M,20,B,D,D,D,D
702,10245.0,0.0,0,0,0,M,20,B,D,E,D,E
702,10246.0,0.0,0,0,0,M,20,E,F,E,F,F
1402,10247.0,0.0,0,0,0,F,20,A,A,A,B,A
1402,10248.0,0.0,0,0,0,F,20,A,A,B,C,A
1402,10249.0,0.0,0,0,0,F,20,A,B,B,D,A
1402,10250.0,0.0,0,0,0,F,20,A,B,C,D,B
1402,10251.0,0.0,0,0,0,M,20,A,D,E,E,E
1402,10252.0,0.0,0,0,0,M,20,B,D,F,E,F
1602,10253.0,0.0,0,0,0,F,20,A,A,B,B,A
1602,10254.0,0.0,0,0,0,F,20,A,A,B,C,A
1602,10255.0,0.0,0,0,0,F,20,A,A,B,C,A
1602,10256.0,0.0,0,0,0,F,20,A,A,B,D,A
1602,10257.0,0.0,0,0,0,F,20,A,A,B,D,A
1602,10258.0,0.0,0,0,0,F,20,A,A,C,D,A
1602,10259.0,0.0,0,0,0,F,20,A,A,C,D,A
1602,10260.0,0.0,0,0,0,F,20,A,A,C,D,A
1602,10261.0,0.0,0,0,0,F,20,A,A,D,D,A
1602,10262.0,0.0,0,0,0,F,20,A,A,D,D,A
1602,10263.0,0.0,0,0,0,F,20,A,A,D,D,A
1602,10264.0,0.0,0,0,0,F,20,A,B,D,D,A
1602,10265.0,0.0,0,0,0,F,20,A,B,D,D,A
1602,10266.0,0.0,0,0,0,M,20,A,C,D,D,A
1602,10267.0,0.0,0,0,0,M,20,A,D,D,D,B
1602,10268.0,0.0,0,0,0,M,20,A,D,D,D,B
1602,10269.0,0.0,0,0,0,M,20,A,D,D,E,B
1602,10270.0,0.0,0,0,0,M,20,A,D,D,E,B
1602,10271.0,0.0,0,0,0,M,20,A,D,D,E,B
1602,10272.0,0.0,0,0,0,M,20,A,D,D,E,B
1602,10273.0,0.0,0,0,0,M,20,A,D,D,E,C
1602,10274.0,0.0,0,0,0,M,20,A,D,D,E,C
1602,10275.0,0.0,0,0,0,M,20,A,D,E,F,D
1602,10276.0,0.0,0,0,0,M,20,A,D,E,F,D
1602,10277.0,0.0,0,0,0,M,20,A,D,E,F,E
1602,10278.0,0.0,0,0,0,M,20,A,D,E,F,E
1602,10279.0,0.0,0,0,0,M,20,B,F,F,F,F
1602,10280.0,0.0,0,0,0,F,20,A,A,A,A,A
1602,10281.0,0.0,0,0,0,F,20,A,A,B,B,A
1602,10282.0,0.0,0,0,0,F,20,A,A,B,D,A
1602,10283.0,0.0,0,0,0,F,20,A,A,B,D,A
1602,10284.0,0.0,0,0,0,F,20,A,A,B,D,B
1602,10285.0,0.0,0,0,0,F,20,A,B,C,D,B
1602,10286.0,0.0,0,0,0,F,20,A,B,C,E,B
1602,10287.0,0.0,0,0,0,F,20,A,D,D,E,B
1602,10288.0,0.0,0,0,0,F,20,A,D,D,E,B
1602,10289.0,0.0,0,0,0,F,20,,,,,
1602,10290.0,0.0,0,0,0,F,20,,,,,
1602,10291.0,0.0,0,0,0,M,20,,,,,
1602,10292.0,0.0,0,0,0,M,20,,,,,
1602,10293.0,0.0,0,0,0,M,20,,,,,
1602,10294.0,0.0,0,0,0,M,20,,,,,
1602,10295.0,0.0,0,0,0,M,20,,,,,
1602,10296.0,0.0,0,0,0,M,20,,,,,
702,10297.0,0.0,0,0,0,F,20,A,A,A,A,A
702,10298.0,0.0,0,0,0,F,20,A,A,A,A,A
702,10299.0,0.0,0,0,0,F,20,A,B,B,A,B
702,10300.0,0.0,0,0,0,F,20,A,B,B,B,B
702,10301.0,0.0,0,0,0,F,20,A,B,B,B,B
702,10302.0,0.0,0,0,0,F,20,A,C,B,B,B
702,10303.0,0.0,0,0,0,F,20,A,D,B,D,B
702,10304.0,0.0,0,0,0,F,20,A,D,C,D,B
702,10305.0,0.0,0,0,0,M,20,A,D,D,D,B
702,10306.0,0.0,0,0,0,M,20,A,D,D,D,B
702,10307.0,0.0,0,0,0,M,20,A,D,D,E,C
702,10308.0,0.0,0,0,0,M,20,A,D,D,E,C
702,10309.0,0.0,0,0,0,M,20,B,D,E,F,D
702,10310.0,0.0,0,0,0,M,20,B,D,E,F,E
4004,10311.0,0.0,0,0,0,F,20,A,A,A,B,A
4004,10312.0,0.0,0,0,0,F,20,A,A,B,B,A
4004,10313.0,0.0,0,0,0,F,20,A,A,B,C,B
4004,10314.0,0.0,0,0,0,M,20,A,A,B,C,B
4004,10315.0,0.0,0,0,0,M,20,A,A,B,D,B
4004,10316.0,0.0,0,0,0,M,20,A,A,C,D,C
4004,10317.0,0.0,0,0,0,M,20,A,A,D,D,C
4004,10318.0,0.0,0,0,0,M,20,A,A,D,D,C
4004,10319.0,0.0,0,0,0,M,20,A,A,D,D,C
4004,10320.0,0.0,0,0,0,M,20,A,A,D,D,C
4004,10321.0,0.0,0,0,0,M,20,A,A,D,D,C
4004,10322.0,0.0,0,0,0,M,20,A,B,D,D,D
4004,10323.0,0.0,0,0,0,M,20,A,B,D,D,D
4004,10324.0,0.0,0,0,0,M,20,A,B,D,D,D
4004,10325.0,0.0,0,0,0,M,20,A,B,D,E,D
4004,10326.0,0.0,0,0,0,M,20,A,C,D,E,E
4004,10327.0,0.0,0,0,0,M,20,A,C,E,E,E
4004,10328.0,0.0,0,0,0,M,20,A,D,E,E,E
4004,10329.0,0.0,0,0,0,M,20,A,D,E,E,E
4004,10330.0,0.0,0,0,0,M,20,A,D,E,E,E
4004,10331.0,0.0,0,0,0,M,20,A,D,E,E,E
4004,10332.0,0.0,0,0,0,M,20,A,D,E,E,E
4004,10333.0,0.0,0,0,0,M,20,A,D,E,E,E
4004,10334.0,0.0,20,0,0,M,20,A,D,F,F,E
4004,10335.0,3.6,0,0,0,M,20,A,D,F,F,E
4004,10336.0,1.0,0,20,0,M,20,A,D,F,F,F
4004,10337.0,1.4,0,15,0,M,20,A,D,F,F,F
4004,10338.0,5.2,0,0,0,M,20,A,D,F,F,F
4004,10339.0,5.2,0,0,0,M,20,A,F,F,F,F
4004,10340.0,3.2,0,15,0,M,20,A,F,F,F,F
4004,10341.0,4.0,0,0,10,M,20,A,F,F,F,G
4004,10342.0,5.4,0,0,0,M,20,,,,,
4004,10343.0,3.4,15,0,0,M,20,,,,,
4004,10344.0,6.8,0,0,0,M,20,,,,,
4004,10345.0,0.0,0,45,0,F,20,A,A,A,B,A
4004,10346.0,3.6,0,20,0,F,20,A,A,A,C,A
4004,10347.0,6.6,0,0,0,F,20,A,A,B,C,A
4004,10348.0,7.5,0,0,0,F,20,A,A,B,C,B
4004,10349.0,7.5,0,0,0,F,20,A,A,B,C,B
4004,10350.0,7.5,0,0,0,F,20,A,A,B,D,B
4004,10351.0,7.5,0,0,0,F,20,A,A,B,D,B
4004,10352.0,7.5,0,0,0,F,20,A,A,B,D,B
4004,10353.0,7.5,0,0,0,F,20,A,A,C,D,B
4004,10354.0,7.5,0,0,0,F,20,A,A,C,D,B
4004,10355.0,7.5,0,0,0,F,20,A,A,C,D,B
4004,10356.0,7.5,0,0,0,F,20,A,A,D,D,C
4004,10357.0,7.5,0,0,0,F,20,A,A,D,D,C
4004,10358.0,7.5,0,0,0,F,20,A,A,D,D,C
4004,10359.0,7.5,0,0,0,M,20,A,A,D,D,C
4004,10360.0,7.5,0,0,0,M,20,A,A,D,D,C
4004,10361.0,7.5,0,0,0,M,20,A,A,D,D,C
4004,10362.0,7.5,0,0,0,M,20,A,A,D,D,C
4004,10363.0,7.5,0,0,0,M,20,A,A,D,D,C
4004,10364.0,7.5,0,0,0,M,20,A,A,D,D,C
4004,10365.0,7.5,0,0,0,M,20,A,A,D,D,C
4004,10366.0,7.4,0,0,0,M,20,A,A,D,D,C
4004,10367.0,7.5,0,0,0,M,20,A,A,D,D,C
4004,10368.0,7.5,0,0,0,M,20,A,A,D,D,D
4004,10369.0,7.5,0,0,0,M,20,A,A,D,D,D
4004,10370.0,7.5,0,0,0,M,20,A,A,D,D,D
4004,10371.0,7.6,0,0,0,M,20,A,A,D,D,D
4004,10372.0,7.8,0,0,0,M,20,A,A,D,D,D
4004,10373.0,7.8,0,0,0,M,20,A,A,D,D,D
4004,10374.0,2.0,30,10,0,M,20,A,A,D,D,D
4004,10375.0,6.4,10,0,0,M,20,A,A,D,E,D
4004,10376.0,8.4,0,0,0,M,20,A,A,D,E,D
4004,10377.0,8.4,0,0,0,M,20,A,A,D,E,E
4004,10378.0,9.2,0,0,0,M,20,A,A,E,E,E
4004,10379.0,0.0,0,0,0,M,20,A,A,E,E,E
4004,10380.0,9.4,0,0,0,M,20,A,A,E,E,E
4004,10381.0,7.5,0,15,0,M,20,A,A,E,E,E
4004,10382.0,10.1,0,0,0,M,20,A,A,E,E,E
4004,10383.0,0.0,20,45,0,M,20,A,A,E,E,E
4004,10384.0,0.0,40,10,20,M,20,A,B,E,E,E
4004,10385.0,10.6,0,0,0,M,20,A,B,E,E,E
4004,10386.0,10.6,0,0,0,M,20,A,B,E,E,E
4004,10387.0,0.0,0,0,0,M,20,A,B,E,E,E
4004,10388.0,11.1,0,0,0,M,20,A,B,E,E,F
4004,10389.0,0.0,0,0,0,M,20,A,B,E,E,F
4004,10390.0,11.1,0,0,0,M,20,A,B,E,E,F
4004,10391.0,9.5,0,0,10,M,20,A,C,E,E,F
4004,10392.0,2.2,60,0,0,M,20,A,C,E,E,F
4004,10393.0,0.0,0,0,0,M,20,A,C,E,E,F
4004,10394.0,0.0,0,0,0,M,20,A,D,E,E,F
4004,10395.0,0.0,0,0,0,M,20,A,D,E,E,F
4004,10396.0,0.0,0,0,0,M,20,A,D,E,E,F
4004,10397.0,0.0,0,0,0,M,20,A,D,E,F,F
4004,10398.0,11.5,0,0,0,M,20,A,D,E,F,F
4004,10399.0,6.2,30,5,0,M,20,A,D,E,F,F
4004,10400.0,4.6,0,50,0,M,20,A,D,E,F,F
4004,10401.0,12.1,0,0,0,M,20,A,D,E,F,F
4004,10402.0,11.9,0,0,0,M,20,A,D,E,F,F
4004,10403.0,0.0,0,0,0,M,20,A,D,E,F,F
4004,10404.0,2.0,0,0,0,M,20,A,D,E,F,F
4004,10405.0,0.0,0,0,0,M,20,A,D,E,F,F
4004,10406.0,9.2,0,20,0,M,20,A,D,E,F,F
4004,10407.0,12.5,0,0,0,M,20,A,D,E,F,F
4004,10408.0,1.6,0,0,0,M,20,A,D,F,F,F
4004,10409.0,0.0,0,0,0,M,20,A,D,F,F,F
4004,10410.0,12.9,0,0,0,M,20,A,D,F,F,F
4004,10411.0,9.4,25,0,0,M,20,A,D,F,F,F
4004,10412.0,8.5,0,15,15,M,20,A,D,F,F,F
4004,10413.0,0.0,0,0,0,M,20,A,D,F,F,F
4004,10414.0,0.0,0,0,0,M,20,A,D,F,F,F
4004,10415.0,0.0,0,0,0,M,20,A,D,F,F,F
4004,10416.0,6.2,20,0,30,M,20,A,D,F,F,F
4004,10417.0,0.0,0,0,0,M,20,A,D,F,F,G
4004,10418.0,11.0,0,15,0,M,20,A,D,F,F,G
4004,10419.0,0.0,0,0,0,M,20,A,D,F,F,G
4004,10420.0,0.0,0,0,0,M,20,A,D,F,F,G
4004,10421.0,0.0,0,0,0,M,20,A,D,F,F,G
4004,10422.0,0.0,0,0,0,M,20,B,F,F,F,G
4004,10423.0,2.6,0,0,0,M,20,B,F,F,F,G
4004,10424.0,0.0,0,0,0,M,20,B,F,F,F,G
4004,10425.0,0.0,0,0,0,M,20,E,F,F,,G
4004,10426.0,6.6,25,15,5,M,20,,,,,
4004,10427.0,0.0,0,0,0,M,20,,,,,
4004,10428.0,2.2,0,0,0,M,20,,,,,
4004,10429.0,14.4,0,0,0,M,20,,,,,
4004,10430.0,2.0,0,0,0,M,20,,,,,
4004,10431.0,14.3,0,0,0,M,20,,,,,
4004,10432.0,11.0,0,0,25,M,20,,,,,
4004,10433.0,4.2,20,0,50,M,20,,,,,
4301,10434.0,15.0,0,0,0,F,20,A,A,B,D,B
4301,10435.0,15.0,0,0,0,F,20,A,A,B,D,C
4301,10436.0,7.6,30,20,0,F,20,A,A,B,D,C
4301,10437.0,15.0,0,0,0,F,20,A,A,C,D,C
4301,10438.0,15.0,0,0,0,F,20,A,A,D,D,C
4301,10439.0,15.0,0,0,0,F,20,A,A,D,E,D
4301,10440.0,15.0,0,0,0,F,20,A,A,D,E,D
4301,10441.0,15.0,0,0,0,F,20,A,A,D,E,D
4301,10442.0,15.0,0,0,0,F,20,A,A,D,E,D
4301,10443.0,15.0,0,0,0,F,20,A,B,E,E,E
4301,10444.0,15.0,0,0,0,M,20,A,B,E,E,E
4301,10445.0,15.0,0,0,0,M,20,A,B,E,E,E
4301,10446.0,15.0,0,0,0,M,20,A,B,E,E,E
4301,10447.0,6.4,10,0,50,M,20,A,D,E,E,E
4301,10448.0,4.4,0,0,0,M,20,A,D,E,E,E
4301,10449.0,9.5,0,40,0,M,20,A,D,E,E,E
4301,10450.0,15.9,0,0,0,M,20,A,D,E,F,E
4301,10451.0,4.0,70,0,10,M,20,A,D,E,F,F
4301,10452.0,2.6,0,0,0,M,20,A,D,E,F,F
4301,10453.0,16.2,0,0,0,M,20,B,D,F,F,F
4301,10454.0,16.3,0,0,0,M,20,B,D,F,F,F
4301,10455.0,8.4,0,35,20,M,20,B,D,F,F,F
4301,10456.0,5.2,0,0,0,M,20,B,F,F,F,F
4301,10457.0,5.2,0,0,0,M,20,B,F,F,F,G
4301,10458.0,16.3,0,0,0,M,20,,,,,
4301,10459.0,16.3,0,0,0,M,20,,,,,
4301,10460.0,10.8,40,0,0,M,20,,,,,
4301,10461.0,7.5,0,0,0,M,20,,,,,
4301,10462.0,3.6,0,0,0,M,20,,,,,
4301,10463.0,15.6,0,0,10,M,20,,,,,
4301,10464.0,5.8,10,15,50,M,20,,,,,
3502,10465.0,17.0,0,0,0,F,20,A,A,A,B,A
3502,10466.0,6.8,25,45,0,F,20,A,A,A,B,A
3502,10467.0,17.6,0,0,0,F,20,A,A,B,C,A
3502,10468.0,2.4,0,0,15,F,20,A,A,B,C,A
3502,10469.0,17.6,0,0,0,F,20,A,A,B,C,A
3502,10470.0,15.0,0,0,20,F,20,A,A,B,C,A
3502,10471.0,17.9,0,0,0,F,20,A,A,B,C,A
3502,10472.0,18.0,0,0,0,F,20,A,A,B,C,A
3502,10473.0,17.8,0,0,0,F,20,A,A,B,C,A
3502,10474.0,7.5,0,0,0,F,20,A,A,C,C,A
3502,10475.0,3.2,20,70,10,F,20,A,A,C,C,A
3502,10476.0,18.4,0,0,0,F,20,A,A,C,C,B
3502,10477.0,10.9,50,0,0,F,20,A,A,C,D,B
3502,10478.0,0.0,50,0,0,F,20,A,A,C,D,B
3502,10479.0,2.6,25,5,0,F,20,A,A,C,D,B
3502,10480.0,10.5,10,30,15,F,20,A,A,C,D,B
3502,10481.0,7.5,0,0,0,F,20,A,A,C,D,B
3502,10482.0,7.4,75,0,0,F,20,A,A,C,D,B
3502,10483.0,18.9,0,0,0,F,20,A,A,C,D,B
3502,10484.0,7.5,0,0,0,F,20,A,A,C,D,B
3502,10485.0,7.5,0,0,0,F,20,A,A,C,D,B
3502,10486.0,7.5,0,0,0,F,20,A,A,C,D,B
3502,10487.0,7.5,0,0,0,F,20,A,A,C,D,B
3502,10488.0,7.5,0,0,0,F,20,A,A,D,D,B
3502,10489.0,7.5,0,0,0,F,20,A,A,D,D,B
3502,10490.0,7.5,0,0,0,F,20,A,A,D,D,B
3502,10491.0,15.0,0,25,0,F,20,A,A,D,D,B
3502,10492.0,7.5,0,0,0,F,20,A,A,D,D,B
3502,10493.0,7.5,0,0,0,F,20,A,A,D,D,B
3502,10494.0,7.5,0,0,0,F,20,A,A,D,D,B
3502,10495.0,7.5,0,0,0,F,20,A,A,D,D,C
3502,10496.0,7.5,0,0,0,F,20,A,A,D,D,C
3502,10497.0,7.5,0,0,0,F,20,A,A,D,D,C
3502,10498.0,7.5,0,0,0,F,20,A,A,D,D,C
3502,10499.0,18.6,0,0,0,F,20,A,A,D,D,C
3502,10500.0,7.5,0,0,0,F,20,A,A,D,D,C
3502,10501.0,7.5,0,0,0,M,20,A,B,D,D,C
3502,10502.0,7.5,0,0,0,M,20,A,B,D,D,C
3502,10503.0,7.5,0,0,0,M,20,A,B,D,D,D
3502,10504.0,7.5,0,0,0,M,20,A,B,D,D,D
3502,10505.0,7.5,0,0,0,M,20,A,B,D,D,D
3502,10506.0,7.5,0,0,0,M,20,A,B,D,D,D
3502,10507.0,19.2,0,0,0,M,20,A,D,E,E,E
3502,10508.0,19.4,0,0,0,M,20,A,D,E,E,E
3502,10509.0,7.4,0,0,0,M,20,A,D,E,E,E
3502,10510.0,7.8,0,30,50,M,20,A,D,E,E,E
3502,10511.0,7.5,0,0,0,M,20,A,D,E,E,E
3502,10512.0,16.3,25,0,0,M,20,A,D,E,E,E
3502,10513.0,7.5,0,0,0,M,20,A,D,E,E,E
3502,10514.0,7.5,0,0,0,M,20,A,D,E,E,E
3502,10515.0,3.4,10,10,0,M,20,A,D,E,E,E
3502,10516.0,7.5,0,0,0,M,20,A,D,E,E,E
3502,10517.0,7.5,10,0,0,M,20,A,D,E,E,E
3502,10518.0,8.4,60,20,0,M,20,A,D,E,E,E
3502,10519.0,7.5,0,0,0,M,20,A,D,E,E,E
3502,10520.0,9.1,0,0,0,M,20,A,D,E,E,E
3502,10521.0,7.0,0,0,0,M,20,A,D,E,F,E
3502,10522.0,7.5,0,0,0,M,20,A,D,E,F,E
3502,10523.0,7.5,0,0,0,M,20,A,D,E,F,E
3502,10524.0,13.6,0,45,0,M,20,A,D,E,F,E
3502,10525.0,8.1,0,0,0,M,20,A,D,E,F,E
3502,10526.0,18.9,10,0,0,M,20,A,D,F,F,E
3502,10527.0,9.5,0,0,0,M,20,A,D,F,F,F
3502,10528.0,20.2,0,0,0,M,20,A,D,F,F,F
3502,10529.0,10.2,70,0,0,M,20,A,D,F,F,F
3502,10530.0,9.7,0,0,0,M,20,A,D,F,F,F
3502,10531.0,6.8,20,0,0,M,20,A,D,F,F,F
2001,10532.0,18.6,20,0,0,F,20,A,A,A,B,A
2001,10533.0,21.4,0,0,0,F,20,A,A,B,B,A
2001,10534.0,9.4,0,0,0,F,20,A,A,B,B,A
2001,10535.0,8.8,0,0,0,F,20,A,A,B,B,A
2001,10536.0,9.1,0,0,0,F,20,A,A,B,B,A
2001,10537.0,1.0,15,30,20,F,20,A,A,B,B,A
2001,10538.0,18.5,0,20,0,F,20,A,A,B,B,A
2001,10539.0,13.6,55,0,0,F,20,A,A,B,B,A
2001,10540.0,3.8,15,30,0,F,20,A,A,B,B,A
2001,10541.0,9.5,0,0,0,F,20,A,A,B,B,A
2001,10542.0,21.8,0,0,0,F,20,A,A,B,B,A
2001,10543.0,22.0,0,0,0,F,20,A,A,B,B,A
2001,10544.0,8.4,0,0,0,F,20,A,A,B,B,A
2001,10545.0,9.5,0,10,0,F,20,A,A,B,B,A
2001,10546.0,8.6,50,30,10,F,20,A,A,B,B,A
2001,10547.0,12.2,30,35,0,F,20,A,A,B,B,A
2001,10548.0,11.1,0,0,0,F,20,A,A,B,C,A
2001,10549.0,8.5,0,0,0,F,20,A,A,B,C,A
2001,10550.0,4.0,70,50,0,F,20,A,A,B,C,A
2001,10551.0,22.5,0,0,0,F,20,A,A,B,C,B
2001,10552.0,0.0,0,0,0,F,20,A,A,B,C,B
2001,10553.0,0.0,0,0,0,F,20,A,A,B,C,B
2001,10554.0,0.0,0,0,0,F,20,A,A,B,C,B
2001,10555.0,22.5,0,0,0,F,20,A,A,B,C,B
2001,10556.0,11.3,0,0,0,F,20,A,A,B,C,B
2001,10557.0,0.0,0,0,0,F,20,A,A,C,C,B
2001,10558.0,22.5,0,0,0,F,20,A,A,C,C,B
2001,10559.0,0.0,0,0,0,F,20,A,A,C,C,B
2001,10560.0,0.0,0,0,0,F,20,A,A,C,D,B
2001,10561.0,8.9,0,0,0,F,20,A,A,C,D,B
2001,10562.0,7.5,0,15,10,F,20,A,A,C,D,B
2001,10563.0,3.4,0,50,0,F,20,A,A,C,D,B
2001,10564.0,0.0,0,0,0,F,20,A,A,C,D,B
2001,10565.0,0.0,0,0,0,F,20,A,A,C,D,B
2001,10566.0,0.0,0,0,0,F,20,A,A,C,D,B
2001,10567.0,22.5,0,0,0,F,20,A,A,C,D,B
2001,10568.0,11.5,0,0,0,F,20,A,A,C,D,B
2001,10569.0,10.2,40,40,0,F,20,A,A,D,D,B
2001,10570.0,22.5,0,0,0,F,20,A,A,D,D,B
2001,10571.0,10.1,0,0,0,F,20,A,A,D,D,B
2001,10572.0,0.0,0,0,0,F,20,A,B,D,D,B
2001,10573.0,0.0,0,0,0,F,20,A,B,D,D,B
2001,10574.0,22.3,0,0,0,F,20,A,B,D,D,B
2001,10575.0,11.3,0,0,0,F,20,A,B,D,D,B
2001,10576.0,0.0,0,0,0,F,20,A,B,D,D,B
2001,10577.0,7.5,25,0,0,F,20,A,B,D,D,B
2001,10578.0,22.5,0,0,0,F,20,A,B,D,D,B
2001,10579.0,0.0,0,0,0,F,20,A,B,D,D,B
2001,10580.0,0.0,0,0,0,F,20,A,B,D,D,B
2001,10581.0,0.0,0,0,0,F,20,A,C,D,D,C
2001,10582.0,22.5,0,0,0,F,20,A,D,D,D,C
2001,10583.0,0.0,0,0,0,F,20,A,D,D,D,C
2001,10584.0,0.0,0,0,0,F,20,A,D,D,D,C
2001,10585.0,0.0,0,0,0,F,20,A,D,D,D,C
2001,10586.0,0.0,0,0,0,F,20,A,D,D,D,C
2001,10587.0,19.0,25,0,0,F,20,A,D,D,D,C
2001,10588.0,8.5,10,0,0,F,20,A,D,D,D,C
2001,10589.0,10.1,10,0,0,F,20,A,D,D,D,C
2001,10590.0,10.1,10,0,0,F,20,A,D,D,D,D
2001,10591.0,4.0,45,50,30,F,20,A,D,D,D,D
2001,10592.0,11.7,0,0,0,F,20,A,D,D,D,D
2001,10593.0,5.2,50,0,0,F,20,A,D,D,D,D
2001,10594.0,11.5,0,0,0,F,20,A,D,D,D,D
2001,10595.0,0.0,0,0,0,F,20,A,D,D,D,D
2001,10596.0,7.5,20,0,10,F,20,A,D,D,E,D
2001,10597.0,9.5,0,0,0,F,20,A,D,D,E,D
2001,10598.0,0.0,0,0,0,F,20,A,D,D,E,D
2001,10599.0,9.5,0,0,0,F,20,A,D,D,E,D
2001,10600.0,23.0,0,0,0,F,20,A,D,E,E,D
2001,10601.0,8.0,0,10,0,F,20,A,D,E,E,E
2001,10602.0,9.5,0,10,0,F,20,A,D,E,E,E
2001,10603.0,10.4,10,60,15,F,20,A,D,E,E,E
2001,10604.0,0.0,0,0,0,F,20,A,D,E,E,E
2001,10605.0,1.0,0,0,0,F,20,A,D,E,E,E
2001,10606.0,7.5,0,0,30,F,20,A,D,E,E,E
2001,10607.0,0.0,0,0,10,F,20,B,D,E,E,E
2001,10608.0,11.1,0,0,0,F,20,B,D,E,E,E
2001,10609.0,23.4,0,0,0,F,20,B,D,E,E,E
2001,10610.0,0.0,10,0,0,F,20,B,D,E,E,E
2001,10611.0,10.0,0,0,0,F,20,B,D,E,E,E
2001,10612.0,6.6,10,15,0,F,20,B,D,F,F,F
2001,10613.0,7.6,0,20,0,F,20,B,D,F,F,F
2001,10614.0,9.6,70,15,10,F,20,B,D,F,F,F
2001,10615.0,16.6,20,0,30,F,20,B,D,F,F,F
2001,10616.0,9.1,10,15,0,F,20,B,D,F,F,F
2001,10617.0,8.2,30,0,0,F,20,B,D,F,F,F
2001,10618.0,23.8,0,0,0,F,20,B,D,F,F,F
2001,10619.0,11.3,10,0,0,F,20,B,D,F,F,F
2001,10620.0,12.7,0,0,0,F,20,C,D,F,F,F
2001,10621.0,3.4,0,45,0,F,20,E,F,F,F,F
2001,10622.0,1.6,0,0,0,F,20,E,F,F,F,G
2001,10623.0,10.0,20,0,0,F,20,E,F,F,F,G
2001,10624.0,15.0,10,0,50,F,20,,,,,
2001,10625.0,7.5,0,20,0,M,20,,,,,
2001,10626.0,7.6,50,20,40,M,20,,,,,
2001,10627.0,1.6,0,0,0,M,20,,,,,
2001,10628.0,10.7,0,0,0,M,20,,,,,
2001,10629.0,12.1,0,0,0,M,20,,,,,
2001,10630.0,0.0,0,0,0,M,20,,,,,
2001,10631.0,0.0,0,0,0,M,20,,,,,
2001,10632.0,11.9,0,0,0,M,20,,,,,
2001,10633.0,8.2,20,5,10,M,20,,,,,
2001,10634.0,20.0,20,0,0,M,20,,,,,
2001,10635.0,11.9,0,0,0,M,20,,,,,
2501,10636.0,0.0,15,70,0,F,20,A,A,B,B,A
2501,10637.0,0.0,0,0,0,F,20,A,A,B,B,A
2501,10638.0,0.0,0,0,0,F,20,A,A,C,D,A
2501,10639.0,0.0,0,0,0,F,20,A,A,C,D,A
2501,10640.0,0.0,0,0,0,F,20,A,A,C,D,A
2501,10641.0,0.0,0,0,0,F,20,A,A,C,D,A
2501,10642.0,0.0,0,0,15,F,20,A,A,C,D,A
2501,10643.0,0.0,0,10,5,F,20,A,A,D,D,B
2501,10644.0,10.1,0,0,20,F,20,A,A,D,D,B
2501,10645.0,19.0,20,5,10,F,20,A,A,D,D,B
2501,10646.0,0.0,0,0,0,F,20,A,A,D,D,B
2501,10647.0,9.6,35,45,20,F,20,A,A,D,D,C
2501,10648.0,7.5,0,25,0,F,20,A,A,D,D,C
2501,10649.0,2.6,0,0,0,F,20,A,A,D,D,C
2501,10650.0,11.3,0,0,0,F,20,A,A,E,E,C
2501,10651.0,8.9,0,15,0,F,20,A,A,E,E,D
2501,10652.0,9.9,25,0,0,F,20,A,A,E,E,D
2501,10653.0,1.0,0,0,10,F,20,A,A,E,E,D
2501,10654.0,3.6,0,0,0,F,20,A,A,E,E,D
2501,10655.0,17.7,0,15,30,F,20,A,A,E,E,D
2501,10656.0,11.2,60,10,20,F,20,A,A,E,E,D
2501,10657.0,22.5,0,5,10,F,20,A,A,E,E,D
2501,10658.0,11.3,0,0,0,F,20,A,B,E,E,D
2501,10659.0,9.7,0,0,15,F,20,A,B,E,E,D
2501,10660.0,1.6,0,0,0,F,20,A,B,E,E,E
2501,10661.0,11.8,0,0,0,F,20,A,C,E,F,E
2501,10662.0,2.2,80,0,0,M,20,B,F,F,F,F
2501,10663.0,7.4,40,5,0,M,20,C,F,F,F,F
2501,10664.0,25.2,0,0,0,M,20,C,F,F,F,F
2501,10665.0,9.5,20,10,0,M,20,E,F,F,F,G
2501,10666.0,9.5,25,0,0,M,20,,,,,
2501,10667.0,0.0,0,0,0,M,20,,,,,
2501,10668.0,0.0,0,0,0,M,20,,,,,
2501,10669.0,0.0,0,0,0,M,20,,,,,
2501,10670.0,13.1,0,0,0,M,20,,,,,
2501,10671.0,11.3,20,0,0,M,20,,,,,
2501,10672.0,3.8,25,30,0,M,20,,,,,
2501,10673.0,0.0,0,0,0,M,20,,,,,
2501,10674.0,6.0,10,30,0,M,20,,,,,
1402,10675.0,11.3,20,0,0,F,20,A,A,A,A,A
1402,10676.0,7.5,0,30,0,F,20,A,A,B,A,A
1402,10677.0,11.1,0,15,0,F,20,A,A,B,A,A
1402,10678.0,15.0,0,0,0,M,20,A,A,D,D,B
1402,10679.0,15.0,0,0,0,M,20,A,A,D,D,B
1402,10680.0,15.0,0,0,0,M,20,A,A,D,D,B
1402,10681.0,15.0,0,0,0,M,20,A,A,D,D,B
1402,10682.0,13.8,0,0,0,M,20,A,A,D,D,C
1402,10683.0,12.9,0,0,0,M,20,A,B,D,E,C
1402,10684.0,15.0,0,0,0,M,20,A,B,D,E,C
1402,10685.0,15.0,0,0,0,M,20,A,C,D,E,D
1402,10686.0,15.0,0,0,0,M,20,A,D,D,E,D
1402,10687.0,16.0,30,20,15,M,20,A,D,E,E,D
1402,10688.0,15.0,0,0,0,M,20,A,D,E,E,D
1402,10689.0,15.0,0,0,0,M,20,A,D,E,E,E
1402,10690.0,8.5,30,0,0,M,20,A,D,E,F,E
1402,10691.0,15.0,0,0,0,M,20,A,D,E,F,E
1402,10692.0,15.0,0,0,0,M,20,A,D,E,F,E
1402,10693.0,15.0,0,0,0,M,20,A,D,E,F,E
1402,10694.0,15.0,0,0,0,M,20,B,D,E,F,F
1402,10695.0,15.0,0,0,0,M,20,B,D,E,F,F
1502,10696.0,3.8,0,0,0,F,20,A,A,B,B,A
1502,10697.0,15.0,0,0,0,F,20,A,A,C,B,A
1502,10698.0,2.4,10,0,0,F,20,A,A,C,B,B
1502,10699.0,15.0,0,0,0,F,20,A,A,C,C,B
1502,10700.0,0.6,10,0,10,F,20,A,A,C,C,B
1502,10701.0,15.0,0,0,0,F,20,A,A,C,C,B
1502,10702.0,15.0,0,0,0,F,20,A,A,C,D,B
1502,10703.0,26.4,0,0,0,F,20,A,A,C,D,B
1502,10704.0,13.3,0,0,0,F,20,A,A,C,D,B
1502,10705.0,5.8,0,30,15,F,20,A,A,C,D,B
1502,10706.0,8.9,10,15,0,F,20,A,A,C,D,B
1502,10707.0,15.0,0,0,0,F,20,A,A,D,D,B
1502,10708.0,12.7,0,0,0,F,20,A,A,D,D,C
1502,10709.0,15.0,0,0,0,F,20,A,A,D,D,C
1502,10710.0,15.0,0,0,0,F,20,A,A,D,D,C
1502,10711.0,7.5,0,35,0,F,20,A,A,D,D,C
1502,10712.0,22.6,0,25,0,F,20,A,B,D,D,D
1502,10713.0,26.2,0,0,0,F,20,A,B,D,D,D
1502,10714.0,15.0,0,0,0,M,20,A,B,D,D,D
1502,10715.0,26.9,0,0,0,M,20,A,B,D,D,D
1502,10716.0,13.1,30,20,40,M,20,A,B,E,D,D
1502,10717.0,13.5,10,0,0,M,20,A,B,E,E,D
1502,10718.0,0.0,0,0,0,M,20,A,C,E,E,D
1502,10719.0,1.6,5,15,0,M,20,A,D,E,E,D
1502,10720.0,0.0,0,0,0,M,20,A,D,E,E,D
1502,10721.0,0.0,0,0,0,M,20,A,D,E,E,D
1502,10722.0,0.0,0,0,0,M,20,A,D,E,E,D
1502,10723.0,0.0,0,0,0,M,20,A,D,E,E,E
1502,10724.0,0.0,0,30,0,M,20,A,D,E,F,E
1502,10725.0,2.0,30,85,50,M,20,A,D,E,F,E
1502,10726.0,26.9,0,0,0,M,20,A,D,E,F,E
1502,10727.0,8.1,50,0,0,M,20,A,D,E,F,E
1502,10728.0,0.0,0,0,0,M,20,A,D,E,F,E
1502,10729.0,5.2,10,20,40,M,20,B,D,F,F,F
1502,10730.0,0.0,0,0,0,M,20,,,,,
1502,10731.0,0.0,0,0,0,M,20,,,,,
1502,10732.0,0.0,0,0,0,M,20,,,,,
1502,10733.0,0.0,0,0,0,M,20,,,,,
1502,10734.0,0.0,0,0,0,M,20,,,,,
1502,10735.0,0.0,0,0,0,M,20,,,,,
1602,10736.0,7.5,10,45,0,F,20,A,A,A,B,A
1602,10737.0,0.0,25,5,0,F,20,A,A,A,B,A
1602,10738.0,22.5,20,10,0,F,20,A,A,A,B,A
1602,10739.0,15.0,0,0,0,F,20,A,A,A,B,A
1602,10740.0,15.0,0,0,0,F,20,A,A,B,B,A
1602,10741.0,15.0,0,0,0,F,20,A,A,B,B,A
1602,10742.0,15.0,0,0,0,F,20,A,A,B,B,A
1602,10743.0,0.0,0,25,0,F,20,A,A,B,B,A
1602,10744.0,5.0,0,0,0,F,20,A,A,B,C,A
1602,10745.0,17.1,0,65,0,F,20,A,A,B,C,A
1602,10746.0,14.7,0,0,0,F,20,A,A,B,C,A
1602,10747.0,15.0,0,0,0,F,20,A,A,B,C,A
1602,10748.0,15.0,0,0,0,F,20,A,A,B,C,A
1602,10749.0,27.3,0,0,0,F,20,A,A,B,C,A
1602,10750.0,6.0,0,0,0,F,20,A,A,C,C,A
1602,10751.0,2.0,0,0,20,F,20,A,A,C,C,A
1602,10752.0,3.6,5,0,5,F,20,A,A,C,C,A
1602,10753.0,3.4,0,0,10,F,20,A,A,C,C,A
1602,10754.0,15.0,0,0,0,F,20,A,A,C,C,B
1602,10755.0,2.2,10,35,30,F,20,A,A,C,C,B
1602,10756.0,15.0,0,0,0,F,20,A,A,C,C,B
1602,10757.0,15.0,0,0,0,F,20,A,A,C,C,B
1602,10758.0,22.8,20,0,10,F,20,A,A,C,D,B
1602,10759.0,27.1,0,0,0,F,20,A,A,C,D,B
1602,10760.0,15.5,10,0,0,F,20,A,A,C,D,B
1602,10761.0,16.0,0,0,0,F,20,A,A,C,D,B
1602,10762.0,15.0,0,0,0,F,20,A,A,C,D,B
1602,10763.0,15.0,0,0,0,F,20,A,A,C,D,B
1602,10764.0,15.0,0,0,0,F,20,A,A,C,D,B
1602,10765.0,22.5,30,0,0,F,20,A,A,C,D,B
1602,10766.0,15.0,10,0,0,F,20,A,A,C,D,B
1602,10767.0,12.5,0,10,0,F,20,A,A,C,D,B
1602,10768.0,1.0,0,0,0,F,20,A,A,C,D,B
1602,10769.0,23.8,0,25,0,F,20,A,A,C,D,B
1602,10770.0,0.0,20,15,0,F,20,A,A,C,D,B
1602,10771.0,7.5,25,15,20,F,20,A,A,D,D,B
1602,10772.0,15.0,0,0,0,F,20,A,A,D,D,C
1602,10773.0,15.0,0,0,0,F,20,A,A,D,D,C
1602,10774.0,15.0,0,0,0,F,20,A,A,D,D,C
1602,10775.0,16.0,0,0,0,F,20,A,A,D,D,C
1602,10776.0,15.0,0,0,0,F,20,A,A,D,D,C
1602,10777.0,15.0,0,0,0,F,20,A,A,D,D,C
1602,10778.0,15.0,0,0,0,F,20,A,A,D,D,C
1602,10779.0,18.0,0,70,0,F,20,A,A,D,E,C
1602,10780.0,28.4,0,0,0,F,20,A,A,D,E,C
1602,10781.0,14.9,0,0,0,F,20,A,A,D,E,C
1602,10782.0,15.0,0,0,0,F,20,A,A,D,E,C
1602,10783.0,4.8,80,0,5,F,20,A,A,D,E,D
1602,10784.0,28.5,0,0,0,F,20,A,A,D,E,D
1602,10785.0,15.0,0,0,0,F,20,A,A,D,E,D
1602,10786.0,13.7,10,15,0,F,20,A,A,D,E,D
1602,10787.0,1.6,0,0,0,F,20,A,A,D,E,D
1602,10788.0,9.9,35,15,0,F,20,A,B,E,E,D
1602,10789.0,15.0,0,0,0,F,20,A,B,E,E,D
1602,10790.0,6.4,10,0,0,F,20,A,B,E,E,D
1602,10791.0,15.0,0,0,0,F,20,A,B,E,E,D
1602,10792.0,12.9,15,0,15,F,20,A,B,E,E,D
1602,10793.0,10.3,0,30,0,F,20,A,B,E,E,E
1602,10794.0,15.0,0,0,0,F,20,A,B,E,E,E
1602,10795.0,15.0,0,0,0,F,20,A,B,E,E,E
1602,10796.0,15.0,0,0,0,F,20,A,B,E,E,E
1602,10797.0,15.0,0,0,0,M,20,A,B,E,E,E
1602,10798.0,15.0,0,0,0,M,20,A,B,E,E,E
1602,10799.0,4.8,10,45,100,M,20,A,B,E,E,E
1602,10800.0,15.0,0,0,0,M,20,A,B,E,E,E
1602,10801.0,15.0,0,0,0,M,20,A,B,E,E,E
1602,10802.0,15.0,0,0,0,M,20,A,C,E,E,E
1602,10803.0,1.6,0,0,10,M,20,A,D,E,E,E
1602,10804.0,18.1,0,0,0,M,20,A,D,E,E,E
1602,10805.0,0.0,0,45,0,M,20,A,D,E,E,E
1602,10806.0,7.5,0,0,0,M,20,A,D,E,E,E
1602,10807.0,6.4,0,0,0,M,20,A,D,E,E,E
1602,10808.0,2.0,0,0,0,M,20,A,D,E,E,E
1602,10809.0,4.4,0,0,0,M,20,A,D,E,E,E
1602,10810.0,12.1,0,10,15,M,20,A,D,E,E,E
1602,10811.0,0.0,50,0,0,M,20,A,D,E,E,E
1602,10812.0,2.0,0,0,0,M,20,A,D,E,E,E
1602,10813.0,2.0,0,0,0,M,20,A,D,E,E,E
1602,10814.0,15.0,0,10,0,M,20,A,D,E,E,E
1602,10815.0,2.0,0,0,0,M,20,A,D,E,E,E
1602,10816.0,28.9,0,0,0,M,20,A,D,E,E,E
1602,10817.0,9.7,0,35,0,M,20,A,D,E,E,E
1602,10818.0,18.0,0,0,0,M,20,A,D,E,E,E
1602,10819.0,8.2,0,0,0,M,20,A,D,E,E,E
1602,10820.0,21.2,35,5,10,M,20,A,D,E,E,E
1602,10821.0,2.0,0,0,0,M,20,A,D,E,E,E
1602,10822.0,15.0,0,0,10,M,20,A,D,E,E,E
1602,10823.0,17.8,0,0,0,M,20,A,D,E,E,E
1602,10824.0,17.0,0,0,0,M,20,A,D,E,E,E
1602,10825.0,17.0,0,0,0,M,20,A,D,E,E,F
1602,10826.0,3.6,0,0,0,M,20,A,D,E,E,F
1602,10827.0,2.4,0,0,0,M,20,A,D,E,E,F
1602,10828.0,0.0,0,15,0,M,20,A,D,E,E,F
1602,10829.0,11.9,25,0,0,M,20,A,D,E,F,F
1602,10830.0,14.1,25,75,0,M,20,A,D,E,F,F
1602,10831.0,13.5,10,5,15,M,20,A,D,E,F,F
1602,10832.0,2.6,0,30,0,M,20,A,D,E,F,F
1602,10833.0,16.5,10,0,0,M,20,A,D,E,F,F
1602,10834.0,3.8,0,0,0,M,20,A,D,F,F,F
1602,10835.0,10.2,40,65,20,M,20,A,D,F,F,F
1602,10836.0,1.0,35,5,0,M,20,A,D,F,F,F
1602,10837.0,13.5,0,30,0,M,20,A,D,F,F,F
1602,10838.0,7.5,10,45,20,M,20,A,D,F,F,F
1602,10839.0,7.5,0,0,0,M,20,A,D,F,F,F
1602,10840.0,7.5,0,0,0,M,20,A,D,F,F,F
1602,10841.0,7.5,0,0,0,M,20,A,D,F,F,F
1602,10842.0,7.5,0,0,0,M,20,A,D,F,F,F
1602,10843.0,7.5,0,0,0,M,20,A,D,F,F,F
1602,10844.0,7.5,0,0,0,M,20,A,D,F,F,F
1602,10845.0,7.5,0,0,0,M,20,B,D,F,F,F
1602,10846.0,7.5,0,0,0,M,20,E,F,F,F,G
1602,10847.0,7.5,0,0,0,M,20,E,F,F,F,G
1602,10848.0,7.5,0,0,0,M,20,,,,,
1602,10849.0,7.5,0,0,0,M,20,,,,,
1602,10850.0,0.0,50,0,0,M,20,,,,,
1602,10851.0,7.5,0,0,0,M,20,,,,,
1602,10852.0,7.5,0,0,0,M,20,,,,,
1602,10853.0,7.5,0,0,0,M,20,,,,,
1602,10854.0,7.5,0,0,0,M,20,,,,,
1602,10855.0,7.5,0,0,0,M,20,,,,,
1602,10856.0,8.5,10,40,0,M,20,,,,,
1602,10857.0,7.5,0,0,0,M,20,,,,,
1602,10858.0,7.5,0,0,0,M,20,,,,,
1602,10859.0,7.5,0,0,0,M,20,,,,,
1602,10860.0,7.5,0,0,0,M,20,,,,,
1602,10861.0,7.5,0,0,0,M,20,,,,,
1602,10862.0,7.5,0,0,0,M,20,,,,,
1602,10863.0,7.5,0,0,0,M,20,,,,,
1602,10864.0,7.5,0,0,0,M,20,,,,,
1602,10865.0,7.5,0,0,0,M,20,,,,,
1602,10866.0,11.8,40,0,5,M,20,,,,,
702,10867.0,7.5,0,0,0,F,20,A,A,B,B,A
702,10868.0,0.0,0,20,0,F,20,A,A,B,C,A
702,10869.0,12.9,0,20,0,F,20,A,A,B,C,A
702,10870.0,7.5,0,0,0,F,20,A,A,C,C,A
702,10871.0,7.5,0,0,0,F,20,A,A,C,D,B
702,10872.0,4.0,0,0,0,M,20,A,A,D,D,B
702,10873.0,7.5,0,0,0,M,20,A,A,D,D,B
702,10874.0,7.5,0,0,0,M,20,A,A,D,D,C
702,10875.0,7.5,0,0,0,M,20,A,A,D,D,C
702,10876.0,7.5,0,0,0,M,20,A,B,D,D,C
702,10877.0,7.5,0,0,0,M,20,A,B,D,D,C
702,10878.0,0.0,10,10,0,M,20,,,,,
904,10879.0,7.5,0,0,0,F,20,A,A,A,A,A
904,10880.0,7.5,0,0,0,F,20,A,A,A,B,A
904,10881.0,7.5,0,0,0,F,20,A,A,A,B,A
904,10882.0,7.5,0,0,0,F,20,A,A,B,B,A
904,10883.0,7.5,0,0,0,F,20,A,A,B,B,A
904,10884.0,4.4,10,0,10,F,20,A,A,B,B,A
904,10885.0,7.5,0,0,0,F,20,A,A,B,B,A
904,10886.0,4.0,0,25,0,F,20,A,A,C,D,B
904,10887.0,16.7,20,0,0,F,20,A,B,C,D,B
904,10888.0,27.1,20,0,0,F,20,A,B,C,D,B
904,10889.0,17.8,0,0,0,F,20,A,B,D,D,B
904,10890.0,29.9,0,0,0,F,20,A,B,D,D,B
904,10891.0,17.2,0,0,10,F,20,A,B,D,D,B
904,10892.0,8.0,25,30,0,F,20,A,B,D,D,C
904,10893.0,7.5,0,50,100,F,20,A,B,D,D,C
904,10894.0,14.5,0,20,0,F,20,A,B,D,D,C
904,10895.0,26.5,0,25,0,F,20,A,B,D,D,C
904,10896.0,16.5,0,0,0,F,20,A,C,D,D,C
904,10897.0,18.6,0,0,0,F,20,A,D,D,D,C
904,10898.0,1.0,0,15,0,F,20,A,D,D,D,C
904,10899.0,23.4,0,45,0,F,20,A,D,D,D,C
904,10900.0,19.0,0,0,0,F,20,A,D,D,D,C
904,10901.0,15.3,0,10,0,F,20,A,D,D,D,D
904,10902.0,2.0,15,5,20,F,20,A,D,D,D,D
904,10903.0,30.4,0,0,0,F,20,A,D,E,D,D
904,10904.0,18.1,0,0,0,F,20,A,D,E,D,D
904,10905.0,2.0,0,0,20,F,20,A,D,E,D,D
904,10906.0,18.9,0,0,0,F,20,A,D,E,E,D
904,10907.0,10.1,0,0,0,F,20,A,D,E,E,D
904,10908.0,6.8,0,10,0,F,20,A,D,E,E,E
904,10909.0,17.0,0,0,0,F,20,A,D,E,E,E
904,10910.0,3.6,0,0,0,F,20,A,D,E,E,E
904,10911.0,6.0,0,0,0,F,20,A,D,E,E,E
904,10912.0,15.1,0,25,0,F,20,B,D,E,E,E
904,10913.0,3.6,0,0,0,F,20,B,D,E,E,E
904,10914.0,19.1,0,0,0,F,20,B,D,E,E,E
904,10915.0,11.1,20,25,10,F,20,B,D,E,E,E
904,10916.0,19.4,0,0,0,F,20,B,D,E,E,E
904,10917.0,15.8,45,45,10,F,20,B,D,F,E,E
904,10918.0,17.2,0,0,0,F,20,B,D,F,F,E
904,10919.0,8.5,0,0,0,F,20,B,D,F,F,E
904,10920.0,12.3,30,10,0,F,20,B,D,F,F,F
904,10921.0,7.5,0,0,0,F,20,B,D,F,F,F
904,10922.0,6.6,0,0,0,F,20,C,E,F,F,F
904,10923.0,3.6,0,0,10,M,20,E,F,F,F,F
904,10924.0,7.6,0,0,0,M,20,E,F,F,F,F
904,10925.0,13.5,40,45,30,M,20,E,F,F,F,F
904,10926.0,7.5,0,0,0,M,20,,,,,
904,10927.0,14.9,0,0,15,M,20,,,,,
904,10928.0,6.4,0,0,0,M,20,,,,,
904,10929.0,0.0,10,10,50,M,20,,,,,
904,10930.0,15.0,0,15,15,M,20,,,,,
904,10931.0,7.5,0,0,5,M,20,,,,,
904,10932.0,8.5,0,0,0,M,20,,,,,
904,10933.0,2.6,10,0,0,M,20,,,,,
904,10934.0,0.0,0,0,0,M,20,,,,,
904,10935.0,15.0,20,0,0,M,20,,,,,
904,10936.0,7.5,20,30,30,M,20,,,,,
904,10937.0,15.9,10,15,0,M,20,,,,,
904,10938.0,17.4,0,0,0,M,20,,,,,
904,10939.0,1.0,35,5,10,M,20,,,,,
904,10940.0,7.6,0,0,0,M,20,,,,,
904,10941.0,7.5,0,0,10,M,20,,,,,
904,10942.0,14.7,0,20,0,M,20,,,,,
904,10943.0,11.9,25,15,15,M,20,,,,,
904,10944.0,12.1,0,35,0,M,20,,,,,
904,10945.0,4.0,0,20,0,M,20,,,,,
904,10946.0,7.5,10,0,0,M,20,,,,,
904,10947.0,7.5,10,0,0,M,20,,,,,
904,10948.0,7.5,0,0,10,M,20,,,,,
904,10949.0,12.1,25,25,0,M,20,,,,,
904,10950.0,7.5,0,0,10,M,20,,,,,
2001,10951.0,9.1,0,0,0,F,20,A,A,A,A,A
2001,10952.0,18.0,0,0,0,F,20,A,A,B,C,B
2001,10953.0,14.5,20,0,20,F,20,A,A,B,C,B
2001,10954.0,14.1,0,25,0,F,20,A,A,C,C,B
2001,10955.0,30.0,10,0,0,F,20,A,A,C,C,B
2001,10956.0,21.6,55,0,10,F,20,A,A,C,C,B
2001,10957.0,1.0,0,25,0,F,20,A,B,C,C,B
2001,10958.0,7.5,0,0,0,F,20,A,D,D,D,C
2001,10959.0,7.5,0,0,0,F,20,A,D,D,D,C
2001,10960.0,20.6,0,0,0,F,20,A,D,D,D,C
2001,10961.0,0.0,20,45,0,F,20,A,D,D,D,D
2001,10962.0,19.8,0,0,0,F,20,A,D,D,D,D
2001,10963.0,7.5,0,0,0,F,20,A,D,D,D,D
2001,10964.0,11.1,0,20,30,F,20,A,D,D,D,D
2001,10965.0,7.5,0,0,0,F,20,A,D,D,D,D
2001,10966.0,19.8,0,0,0,F,20,A,D,D,D,D
2001,10967.0,7.5,0,0,0,F,20,A,D,D,D,E
2001,10968.0,7.5,0,0,0,F,20,A,D,D,E,E
2001,10969.0,10.5,30,15,20,F,20,A,D,D,E,E
2001,10970.0,9.5,0,60,0,F,20,A,D,D,E,E
2001,10971.0,7.5,0,0,0,F,20,A,D,D,E,E
2001,10972.0,16.2,55,0,50,F,20,A,D,D,E,E
2001,10973.0,7.8,0,0,0,F,20,A,D,E,E,E
2001,10974.0,7.5,0,0,0,F,20,B,D,E,E,E
2001,10975.0,7.5,0,0,0,F,20,B,D,E,E,E
2001,10976.0,19.5,0,0,0,F,20,B,D,E,E,E
2001,10977.0,0.0,0,10,0,F,20,B,D,E,E,E
2001,10978.0,9.7,0,0,0,F,20,B,D,E,E,E
2001,10979.0,0.0,0,45,20,F,20,B,D,E,E,E
2001,10980.0,7.5,0,0,0,M,20,B,D,E,F,F
2001,10981.0,7.5,0,0,0,M,20,B,D,E,F,F
2001,10982.0,7.5,0,0,0,M,20,B,D,F,F,F
2001,10983.0,7.5,0,0,0,M,20,B,D,F,F,F
2001,10984.0,0.0,0,0,0,M,20,B,D,F,F,F
2001,10985.0,0.0,0,0,0,M,20,B,D,F,F,F
2001,10986.0,0.0,0,0,0,M,20,B,D,F,F,F
2001,10987.0,15.0,0,20,20,M,20,B,F,F,F,G
2001,10988.0,0.0,0,0,0,M,20,,,,,
2001,10989.0,8.2,0,0,10,M,20,,,,,
2001,10990.0,11.0,60,60,20,M,20,,,,,
2001,10991.0,15.4,0,20,0,M,20,,,,,
2001,10992.0,7.5,0,0,0,M,20,,,,,
2001,10993.0,7.5,0,0,0,M,20,,,,,
2001,10994.0,0.0,0,35,0,M,20,,,,,
2001,10995.0,7.5,0,0,0,M,20,,,,,
2001,10996.0,20.9,0,0,0,M,20,,,,,
2001,10997.0,21.0,0,0,0,M,20,,,,,
2001,10998.0,7.5,0,0,0,M,20,,,,,
2001,10999.0,7.5,0,0,0,M,20,,,,,
702,11000.0,7.5,0,0,0,F,20,A,A,A,A,A
702,11001.0,18.9,0,0,0,F,20,A,A,A,A,A
702,11002.0,7.5,0,0,0,F,20,A,A,A,A,A
702,11003.0,7.5,0,0,0,F,20,A,A,A,B,A
702,11004.0,28.2,25,0,0,F,20,A,A,A,B,A
702,11005.0,7.5,0,0,0,F,20,A,A,A,B,A
702,11006.0,0.0,0,0,0,F,20,A,A,B,B,A
702,11007.0,31.9,0,0,0,F,20,A,A,B,B,A
702,11008.0,5.2,0,0,0,F,20,A,A,B,B,A
702,11009.0,7.5,0,0,0,F,20,A,A,B,B,A
702,11010.0,11.5,0,45,0,F,20,A,A,B,B,A
702,11011.0,7.5,0,0,0,F,20,A,A,B,B,A
702,11012.0,7.5,0,0,0,F,20,A,A,B,B,A
702,11013.0,18.0,0,0,20,F,20,A,A,B,B,A
702,11014.0,11.7,15,15,30,F,20,A,A,B,B,A
702,11015.0,3.0,0,35,10,F,20,A,A,B,B,A
702,11016.0,12.9,25,0,30,F,20,A,B,B,B,A
702,11017.0,7.5,0,0,0,F,20,A,B,B,B,A
702,11018.0,10.1,0,0,0,F,20,A,B,B,B,A
702,11019.0,20.3,50,0,30,F,20,A,B,B,B,A
702,11020.0,20.0,0,0,0,F,20,A,B,B,B,A
702,11021.0,8.5,0,20,50,F,20,A,B,B,B,A
702,11022.0,14.5,50,0,0,F,20,A,B,B,B,A
702,11023.0,19.4,0,0,0,F,20,A,B,B,B,A
702,11024.0,18.8,0,0,0,F,20,A,B,B,B,A
702,11025.0,10.1,0,0,0,F,20,A,B,B,B,A
702,11026.0,20.0,0,0,0,F,20,A,B,B,B,A
702,11027.0,8.0,0,0,0,F,20,A,B,B,B,A
702,11028.0,2.6,0,45,5,F,20,A,B,B,B,A
702,11029.0,10.1,0,0,0,F,20,A,B,B,B,A
702,11030.0,7.6,50,40,0,F,20,A,B,B,B,A
702,11031.0,10.7,50,0,20,F,20,A,B,B,B,A
702,11032.0,3.4,25,0,0,F,20,A,B,B,B,A
702,11033.0,10.1,0,0,0,F,20,A,D,B,C,A
702,11034.0,9.9,50,0,15,F,20,A,D,B,C,A
702,11035.0,3.4,0,15,0,F,20,A,D,B,C,A
702,11036.0,7.5,25,0,0,F,20,A,D,B,C,A
702,11037.0,20.2,0,0,0,F,20,A,D,B,C,A
702,11038.0,10.1,0,0,0,F,20,A,D,B,C,A
702,11039.0,18.6,0,10,0,F,20,A,D,C,C,A
702,11040.0,10.1,0,0,0,M,20,A,D,C,C,A
702,11041.0,11.8,0,45,0,M,20,A,D,C,C,A
702,11042.0,23.2,15,45,0,M,20,A,D,C,C,A
702,11043.0,4.0,50,0,0,M,20,A,D,C,C,A
702,11044.0,8.5,0,0,15,M,20,A,D,C,C,A
702,11045.0,19.8,0,0,0,M,20,A,D,C,C,B
702,11046.0,8.5,0,0,0,M,20,A,D,C,C,B
702,11047.0,8.5,0,0,0,M,20,A,D,C,C,B
702,11048.0,32.9,0,0,0,M,20,A,D,C,C,B
702,11049.0,8.5,0,0,0,M,20,A,D,C,C,B
702,11050.0,2.0,0,0,0,M,20,A,D,C,C,B
702,11051.0,21.2,0,0,0,M,20,A,D,C,C,B
702,11052.0,11.5,0,0,0,M,20,A,D,C,C,B
702,11053.0,11.8,0,35,15,M,20,A,D,C,D,B
702,11054.0,8.5,0,0,0,M,20,A,D,D,D,B
702,11055.0,20.6,0,0,0,M,20,A,D,D,D,B
702,11056.0,20.0,0,0,0,M,20,A,D,D,D,B
702,11057.0,8.5,0,0,0,M,20,A,D,D,D,B
702,11058.0,9.5,5,0,0,M,20,A,D,D,D,B
702,11059.0,7.5,20,0,0,M,20,A,D,D,D,B
702,11060.0,9.5,0,0,5,M,20,A,D,D,D,B
702,11061.0,19.4,0,0,0,M,20,A,D,D,D,B
702,11062.0,3.0,15,0,35,M,20,A,D,D,D,B
702,11063.0,1.0,0,0,0,M,20,A,D,D,D,B
702,11064.0,17.6,0,20,0,M,20,A,D,D,D,B
702,11065.0,29.7,20,0,0,M,20,A,D,D,D,B
702,11066.0,14.9,0,30,0,M,20,A,D,D,D,B
702,11067.0,6.2,55,15,35,M,34,A,D,D,D,B
2402,11068.0,0.0,0,0,0,F,20,A,D,D,D,B
2402,11069.0,7.5,0,0,0,F,20,A,D,D,D,B
2402,11070.0,0.0,0,0,0,F,20,A,D,D,D,B
2402,11071.0,12.9,0,40,20,M,20,A,D,D,D,B
2402,11072.0,2.0,0,25,35,M,20,A,D,D,D,B
2402,11073.0,0.0,0,0,0,M,20,A,D,D,D,C
2402,11074.0,0.0,0,0,0,M,20,A,D,D,D,C
2402,11075.0,0.0,0,0,0,M,20,A,D,D,D,C
2402,11076.0,7.5,0,0,0,M,20,A,D,D,D,C
2402,11077.0,7.5,0,0,0,M,20,A,D,D,D,C
2402,11078.0,29.7,0,25,0,M,20,A,D,D,D,C
2402,11079.0,0.0,0,0,0,M,20,A,D,E,D,D
2402,11080.0,0.0,0,0,0,M,20,A,D,E,E,D
2402,11081.0,7.5,0,0,0,M,20,A,D,E,E,D
2402,11082.0,10.9,60,15,0,M,20,A,D,E,E,D
2402,11083.0,33.3,0,0,0,M,20,A,D,E,E,D
2402,11084.0,9.9,0,0,0,M,20,B,D,E,F,D
2402,11085.0,16.5,0,30,0,M,20,B,F,E,F,D
2402,11086.0,0.0,0,0,0,M,20,C,F,F,F,E
2402,11087.0,0.0,0,0,0,M,20,C,F,F,F,E
2402,11088.0,11.9,0,0,0,M,20,E,F,F,F,F
2402,11089.0,0.0,0,0,0,M,20,,,,,
2402,11090.0,22.5,0,0,0,M,20,,,,,
2402,11091.0,0.0,0,0,0,M,20,,,,,
2402,11092.0,0.0,0,0,0,M,20,,,,,
2402,11093.0,0.0,0,0,0,M,20,,,,,
2402,11094.0,7.5,0,0,0,M,20,,,,,
2402,11095.0,0.0,0,0,0,M,20,,,,,
2402,11096.0,7.5,0,0,0,M,20,,,,,
2402,11097.0,0.0,0,0,0,M,20,,,,,
2402,11098.0,23.4,30,0,35,M,20,,,,,
2402,11099.0,7.5,0,0,0,M,20,,,,,
2402,11100.0,9.5,10,0,0,M,20,,,,,
2402,11101.0,0.0,0,0,0,M,20,,,,,
2402,11102.0,0.0,0,0,0,M,20,,,,,
2402,11103.0,0.0,0,0,0,M,20,,,,,
2402,11104.0,0.0,0,0,0,M,20,,,,,
2402,11105.0,0.0,0,0,0,M,20,,,,,
2402,11106.0,0.0,0,0,0,M,20,,,,,
2402,11107.0,0.0,0,0,0,M,20,,,,,
2402,11108.0,0.0,0,0,0,M,20,,,,,
2402,11109.0,0.0,0,0,0,M,20,,,,,
2001,11110.0,0.0,0,0,0,F,20,A,A,A,A,A
2001,11111.0,0.0,0,0,0,F,20,A,A,A,A,A
2001,11112.0,0.0,0,0,0,F,20,A,A,A,A,A
2001,11113.0,0.0,0,0,0,F,20,A,A,A,A,A
2001,11114.0,7.5,0,25,0,F,20,A,A,A,B,A
2001,11115.0,0.0,0,0,0,F,20,A,A,A,B,A
2001,11116.0,0.0,0,0,0,F,20,A,A,A,B,A
2001,11117.0,11.1,0,0,0,F,20,A,A,A,B,A
2001,11118.0,9.5,10,0,0,F,20,A,A,A,B,A
2001,11119.0,0.0,0,0,0,F,20,A,A,A,B,A
2001,11120.0,0.0,0,45,0,F,20,A,A,A,B,A
2001,11121.0,22.5,0,0,0,F,20,A,A,A,B,A
2001,11122.0,0.0,0,45,0,F,20,A,A,B,B,A
2001,11123.0,21.2,0,0,0,F,20,A,A,B,B,A
2001,11124.0,2.4,25,25,10,F,20,A,B,B,B,A
2001,11125.0,21.4,0,0,0,F,20,A,B,B,B,A
2001,11126.0,22.5,0,0,0,F,20,A,B,B,B,A
2001,11127.0,21.0,50,15,20,F,20,A,B,B,B,A
2001,11128.0,15.3,50,0,0,F,20,A,B,B,B,A
2001,11129.0,22.5,0,0,0,F,20,A,B,B,B,A
2001,11130.0,33.6,0,0,0,F,20,A,B,B,B,A
2001,11131.0,6.8,0,0,0,F,20,A,B,B,B,A
2001,11132.0,9.1,0,0,0,F,20,A,B,B,B,A
2001,11133.0,22.5,0,0,0,F,20,A,D,B,B,A
2001,11134.0,22.5,0,0,0,F,20,A,D,B,B,A
2001,11135.0,6.8,0,0,0,F,20,A,D,B,B,A
2001,11136.0,10.1,10,55,0,F,20,A,D,B,C,A
2001,11137.0,16.0,15,20,10,F,20,A,D,B,C,A
2001,11138.0,11.5,0,0,0,F,20,A,D,B,C,A
2001,11139.0,22.4,0,0,0,F,20,A,D,B,C,A
2001,11140.0,7.5,50,45,5,F,20,A,D,B,C,A
2001,11141.0,9.9,10,0,0,F,20,A,D,B,C,A
2001,11142.0,30.6,0,20,0,F,20,A,D,B,C,A
2001,11143.0,1.4,0,35,0,F,20,A,D,B,C,A
2001,11144.0,19.0,0,15,0,F,20,A,D,B,C,A
2001,11145.0,12.1,0,0,0,F,20,A,D,B,D,A
2001,11146.0,4.6,10,35,0,F,20,A,D,B,D,A
2001,11147.0,22.5,0,0,0,F,20,A,D,B,D,A
2001,11148.0,22.5,0,0,0,F,20,A,D,B,D,A
2001,11149.0,22.5,0,0,0,F,20,A,D,B,D,A
2001,11150.0,22.5,0,0,0,F,20,A,D,B,D,A
2001,11151.0,22.5,0,0,0,F,20,A,D,C,D,A
2001,11152.0,22.5,0,0,0,F,20,A,D,C,D,B
2001,11153.0,22.5,0,0,0,F,20,A,D,C,D,B
2001,11154.0,11.2,0,0,0,F,20,A,D,C,D,B
2001,11155.0,2.4,0,0,30,F,20,A,D,C,D,B
2001,11156.0,22.5,0,0,0,F,20,A,D,C,D,B
2001,11157.0,22.5,0,0,0,F,20,A,D,C,D,B
2001,11158.0,22.5,0,0,0,F,20,A,D,D,D,B
2001,11159.0,5.8,25,0,10,F,20,A,D,D,D,B
2001,11160.0,15.1,20,0,30,F,20,A,D,D,D,B
2001,11161.0,7.0,20,0,10,F,20,A,D,D,D,B
2001,11162.0,0.0,0,45,0,F,20,A,D,D,D,B
2001,11163.0,10.1,0,10,0,F,20,A,D,D,D,B
2001,11164.0,15.1,0,0,0,F,20,A,D,D,D,B
2001,11165.0,2.6,40,75,20,F,20,A,D,D,D,B
2001,11166.0,23.0,0,0,0,F,20,A,D,D,D,B
2001,11167.0,2.0,40,15,10,F,20,A,D,D,D,B
2001,11168.0,9.5,0,0,0,F,20,A,D,D,D,B
2001,11169.0,20.4,0,0,0,F,20,A,D,D,D,B
2001,11170.0,2.0,10,0,0,F,20,B,D,D,D,B
2001,11171.0,22.5,0,0,0,F,20,B,D,D,D,B
2001,11172.0,25.0,0,0,60,F,20,B,D,D,D,B
2001,11173.0,30.8,10,10,0,F,20,B,D,D,D,B
2001,11174.0,9.5,0,0,0,F,20,B,D,D,D,B
2001,11175.0,15.0,0,50,0,F,20,B,D,D,D,B
2001,11176.0,23.2,0,0,0,F,20,B,D,D,D,C
2001,11177.0,17.6,0,20,0,F,20,B,D,D,E,C
2001,11178.0,16.0,10,0,25,F,20,B,D,D,E,C
2001,11179.0,21.6,0,0,0,F,20,B,D,D,E,C
2001,11180.0,15.0,45,0,0,F,20,C,D,D,E,D
2001,11181.0,7.2,0,0,0,F,20,C,D,E,E,D
2001,11182.0,33.8,0,0,0,F,20,C,F,E,E,D
2001,11183.0,17.0,0,40,0,F,20,E,F,E,F,D
2001,11184.0,20.4,0,0,0,F,20,E,F,E,F,E
2001,11185.0,4.4,10,10,30,F,20,,,,,
2001,11186.0,8.6,10,0,10,F,20,,,,,
2001,11187.0,10.8,0,0,0,F,20,,,,,
2001,11188.0,2.6,30,0,0,F,20,,,,,
2001,11189.0,14.3,80,20,30,F,20,,,,,
2001,11190.0,20.4,0,0,0,F,20,,,,,
2001,11191.0,9.5,0,0,0,F,20,,,,,
2001,11192.0,18.0,0,0,15,F,20,,,,,
2001,11193.0,22.5,0,0,0,M,20,,,,,
2001,11194.0,3.2,0,50,0,M,20,,,,,
2001,11195.0,22.4,0,0,0,M,20,,,,,
2001,11196.0,18.8,20,40,40,M,20,,,,,
2001,11197.0,11.9,0,0,0,M,20,,,,,
4004,11198.0,7.5,0,0,0,F,20,A,A,A,A,A
4004,11199.0,7.5,30,0,0,F,20,A,A,A,B,A
4004,11200.0,7.5,0,0,0,F,20,A,A,A,B,A
4004,11201.0,0.0,0,5,5,F,20,A,A,A,B,A
4004,11202.0,19.6,0,0,25,F,20,A,A,A,B,A
4004,11203.0,7.5,0,0,0,F,20,A,A,B,B,A
4004,11204.0,7.5,0,0,0,F,20,A,A,B,B,A
4004,11205.0,7.5,0,0,0,F,20,A,A,B,B,A
4004,11206.0,7.5,0,0,0,F,20,A,A,B,B,A
4004,11207.0,7.5,0,20,10,F,20,A,A,B,B,B
4004,11208.0,12.1,0,0,0,F,20,A,A,B,B,B
4004,11209.0,17.4,40,0,0,F,20,A,A,B,C,B
4004,11210.0,7.5,0,0,0,M,20,A,A,B,C,B
4004,11211.0,22.2,0,0,0,M,20,A,A,B,C,B
4004,11212.0,10.0,0,0,0,M,20,A,A,B,C,B
4004,11213.0,7.5,20,10,0,M,20,A,A,B,C,B
4004,11214.0,7.5,0,0,0,M,20,A,A,B,C,B
4004,11215.0,7.5,0,0,0,M,20,A,A,C,C,B
4004,11216.0,7.5,0,0,0,M,20,A,A,C,C,B
4004,11217.0,10.1,0,0,0,M,20,A,A,C,C,B
4004,11218.0,10.0,0,0,0,M,20,A,A,C,C,B
4004,11219.0,0.0,0,0,10,M,20,A,A,C,C,B
4004,11220.0,7.5,0,25,0,M,20,A,A,C,C,C
4004,11221.0,0.0,0,0,10,M,20,A,A,C,C,C
4004,11222.0,9.5,0,5,0,M,20,A,A,C,D,C
4004,11223.0,7.5,0,0,0,M,20,A,B,C,D,C
4004,11224.0,7.5,0,0,0,M,20,A,B,C,D,C
4004,11225.0,7.5,0,0,0,M,20,A,B,D,D,C
4004,11226.0,1.0,0,0,0,M,20,A,B,D,D,C
4004,11227.0,10.1,0,0,0,M,20,A,B,D,D,C
4004,11228.0,7.5,0,0,0,M,20,A,B,D,D,C
4004,11229.0,7.5,0,0,0,M,20,A,B,D,D,C
4004,11230.0,7.5,0,0,0,M,20,A,B,D,D,C
4004,11231.0,7.5,0,0,0,M,20,A,B,D,D,D
4004,11232.0,7.5,0,0,0,M,20,A,C,D,D,D
4004,11233.0,7.5,0,0,0,M,20,A,C,D,D,D
4004,11234.0,22.5,0,5,0,M,20,A,D,D,D,D
4004,11235.0,7.5,0,0,0,M,20,A,D,D,D,D
4004,11236.0,7.5,0,0,0,M,20,A,D,D,D,D
4004,11237.0,21.9,0,0,0,M,20,A,D,D,D,D
4004,11238.0,7.5,0,0,0,M,20,A,D,D,D,D
4004,11239.0,7.5,0,0,0,M,20,A,D,D,D,D
4004,11240.0,7.5,0,0,0,M,20,A,D,D,D,D
4004,11241.0,7.5,0,0,0,M,20,A,D,D,D,D
4004,11242.0,8.4,30,60,10,M,20,A,D,D,D,D
4004,11243.0,29.1,0,25,10,M,20,A,D,D,D,D
4004,11244.0,7.5,0,0,0,M,20,A,D,D,D,D
4004,11245.0,0.0,0,0,10,M,20,A,D,D,D,D
4004,11246.0,0.0,0,0,10,M,20,A,D,D,D,D
4004,11247.0,7.5,0,0,0,M,20,A,D,D,D,D
4004,11248.0,7.5,0,0,0,M,20,A,D,D,D,E
4004,11249.0,7.5,0,0,0,M,20,A,D,D,D,E
4004,11250.0,7.5,0,0,0,M,20,A,D,D,D,E
4004,11251.0,7.5,0,0,0,M,20,A,D,D,D,E
4004,11252.0,7.8,0,0,0,M,20,A,D,D,D,E
4004,11253.0,7.5,0,0,0,M,20,A,D,D,E,E
4004,11254.0,7.5,0,0,0,M,20,A,D,D,E,E
4004,11255.0,7.5,0,0,0,M,20,A,D,D,E,E
4004,11256.0,7.5,0,0,0,M,20,A,D,D,E,E
4004,11257.0,10.5,0,65,20,M,20,A,D,D,E,E
4004,11258.0,7.5,0,0,0,M,20,A,D,D,E,E
4004,11259.0,7.5,0,0,0,M,20,A,D,D,E,E
4004,11260.0,7.5,0,0,0,M,20,A,D,D,E,E
4004,11261.0,7.4,30,45,15,M,20,A,D,E,E,E
4004,11262.0,7.5,0,0,0,M,20,A,D,E,E,E
4004,11263.0,7.5,0,0,0,M,20,A,D,E,E,E
4004,11264.0,16.3,0,30,0,M,20,A,D,E,E,E
4004,11265.0,1.0,0,0,0,M,20,A,D,E,E,E
4004,11266.0,7.5,0,0,0,M,20,A,D,E,E,E
4004,11267.0,7.5,0,0,0,M,20,A,D,E,E,E
4004,11268.0,7.5,0,0,0,M,20,A,D,E,E,E
4004,11269.0,7.5,0,0,0,M,20,A,D,E,E,E
4004,11270.0,7.5,0,0,0,M,20,A,D,E,E,E
4004,11271.0,7.5,0,0,0,M,20,A,D,E,F,E
4004,11272.0,7.5,0,0,0,M,20,A,D,E,F,F
4004,11273.0,7.5,0,0,0,M,20,A,D,E,F,F
4004,11274.0,6.0,0,10,0,M,20,A,D,E,F,F
4004,11275.0,7.5,0,0,0,M,20,A,D,E,F,F
4004,11276.0,8.2,60,20,20,M,20,A,D,E,F,F
4004,11277.0,7.5,0,0,0,M,20,B,F,E,F,F
4004,11278.0,21.0,0,0,0,M,20,B,F,F,F,F
4004,11279.0,7.5,0,0,0,M,20,B,F,F,F,F
4004,11280.0,7.5,0,0,0,M,20,B,F,F,F,F
4004,11281.0,7.5,0,0,0,M,20,C,F,F,F,F
4004,11282.0,7.5,0,0,0,M,20,E,F,F,F,F
4004,11283.0,7.5,0,0,0,M,20,,,,,
4004,11284.0,16.4,0,30,0,M,20,,,,,
4004,11285.0,7.5,0,0,0,M,20,,,,,
4004,11286.0,7.5,0,0,0,M,20,,,,,
4004,11287.0,30.0,0,30,0,M,20,,,,,
4004,11288.0,10.1,0,0,0,M,20,,,,,
4004,11289.0,23.0,0,0,0,M,20,,,,,
4004,11290.0,7.5,0,0,0,M,20,,,,,
4004,11291.0,7.5,0,0,0,M,20,,,,,
4004,11292.0,7.5,0,0,0,M,20,,,,,
4004,11293.0,3.6,0,0,0,M,20,,,,,
4004,11294.0,7.5,0,0,0,M,20,,,,,
4004,11295.0,7.5,0,0,0,M,20,,,,,
4004,11296.0,1.8,10,30,0,M,20,,,,,
5401,11297.0,10.1,0,0,0,F,20,A,A,A,A,A
5401,11298.0,0.0,0,0,25,F,20,A,A,B,B,A
5401,11299.0,7.5,0,0,0,F,20,A,A,B,B,A
5401,11300.0,7.5,0,0,0,F,20,A,A,B,B,A
5401,11301.0,22.5,5,0,0,F,20,A,A,B,B,A
5401,11302.0,22.6,0,5,0,F,20,A,A,B,B,A
5401,11303.0,1.0,35,40,0,F,20,A,A,B,B,A
5401,11304.0,21.0,0,0,15,F,20,A,A,B,B,A
5401,11305.0,22.5,0,0,0,F,20,A,A,B,B,A
5401,11306.0,22.5,0,0,0,F,20,A,A,B,C,A
5401,11307.0,22.5,0,0,0,F,20,A,A,B,C,A
5401,11308.0,10.5,0,0,0,F,20,A,A,B,C,A
5401,11309.0,27.7,35,0,10,F,20,A,A,B,C,A
5401,11310.0,10.6,0,0,0,F,20,A,A,B,C,A
5401,11311.0,22.5,0,0,0,F,20,A,A,C,C,A
5401,11312.0,16.0,35,0,0,F,20,A,A,C,D,A
5401,11313.0,0.0,0,75,10,F,20,A,B,C,D,A
5401,11314.0,22.5,0,0,0,F,20,A,B,C,D,A
5401,11315.0,21.9,0,0,0,F,20,A,B,D,D,A
5401,11316.0,22.5,0,0,0,F,20,A,B,D,D,A
5401,11317.0,22.5,0,0,0,F,20,A,B,D,D,A
5401,11318.0,22.5,0,0,0,F,20,A,B,D,D,A
5401,11319.0,2.4,85,35,20,F,20,A,B,D,D,A
5401,11320.0,21.2,0,0,0,F,20,A,B,D,D,A
5401,11321.0,6.6,0,10,0,F,20,A,B,D,D,B
5401,11322.0,22.5,0,0,0,F,20,A,B,D,D,B
5401,11323.0,22.5,0,0,0,F,20,A,B,D,D,B
5401,11324.0,22.4,0,0,0,F,20,A,B,D,D,B
5401,11325.0,2.6,0,35,0,F,20,A,D,D,D,B
5401,11326.0,4.8,90,80,30,F,20,A,D,D,D,B
5401,11327.0,23.5,0,0,0,F,20,A,D,D,D,C
5401,11328.0,16.9,0,30,0,F,20,A,D,D,D,C
5401,11329.0,12.7,50,15,10,F,20,A,D,D,D,C
5401,11330.0,0.0,0,0,0,F,20,A,D,D,D,C
5401,11331.0,2.6,10,30,25,F,20,A,D,D,E,C
5401,11332.0,20.8,0,0,10,F,20,A,D,E,E,C
5401,11333.0,29.3,0,35,0,M,20,A,D,E,E,C
5401,11334.0,9.5,20,0,0,M,20,B,D,E,E,C
5401,11335.0,21.2,0,0,0,M,20,B,D,E,E,D
5401,11336.0,22.4,0,0,0,M,20,B,D,E,E,D
5401,11337.0,22.5,0,0,0,M,20,C,D,E,E,E
5401,11338.0,22.5,0,0,0,M,20,C,D,E,E,E
5401,11339.0,22.5,0,0,0,M,20,E,D,E,F,E
5401,11340.0,0.0,0,0,0,M,20,E,D,F,F,E
5401,11341.0,22.5,0,0,0,M,20,E,D,F,F,E
5401,11342.0,0.0,0,0,0,M,20,E,D,F,F,F
5401,11343.0,21.8,0,0,0,M,20,E,F,F,F,F
5401,11344.0,6.4,55,45,0,M,20,,,,,
5401,11345.0,22.5,0,0,0,M,20,,,,,
5401,11346.0,11.1,10,55,20,M,20,,,,,
5401,11347.0,20.2,35,50,10,M,20,,,,,
5401,11348.0,12.9,0,0,0,M,20,,,,,
5401,11349.0,13.9,0,0,0,M,20,,,,,
5401,11350.0,3.4,0,0,0,M,20,,,,,
5401,11351.0,5.0,0,20,10,M,20,,,,,
5401,11352.0,5.4,40,10,0,M,20,,,,,
5401,11353.0,10.9,0,0,0,M,20,,,,,
1501,11354.0,10.8,0,0,0,F,20,A,A,B,A,A
1501,11355.0,21.0,20,0,0,F,20,A,A,B,A,A
1501,11356.0,10.3,25,0,0,F,20,A,A,B,B,A
1501,11357.0,8.4,30,0,0,F,20,A,A,B,B,A
1501,11358.0,12.9,0,0,0,F,20,A,A,B,B,A
1501,11359.0,30.6,10,0,20,F,20,A,A,B,B,A
1501,11360.0,14.0,35,0,25,F,20,A,A,C,C,B
1501,11361.0,12.9,0,0,0,F,20,A,B,C,C,B
1501,11362.0,9.5,10,0,25,F,20,A,B,C,D,B
1501,11363.0,22.0,0,15,0,F,20,A,B,D,D,B
1501,11364.0,16.5,30,0,20,F,20,A,B,D,D,B
1501,11365.0,4.8,35,20,0,F,20,A,B,D,D,B
1501,11366.0,5.6,0,20,0,F,20,A,D,D,D,B
1501,11367.0,22.4,0,0,0,F,20,A,D,D,D,B
1501,11368.0,10.1,20,0,0,F,20,A,D,D,D,B
1501,11369.0,3.2,10,25,0,F,20,A,D,D,D,B
1501,11370.0,35.0,0,0,0,F,20,A,D,D,D,B
1501,11371.0,7.5,70,10,30,M,20,A,D,D,D,B
1501,11372.0,8.5,0,0,0,M,20,A,D,D,D,B
1501,11373.0,20.1,0,100,0,M,20,A,D,D,D,C
1501,11374.0,9.5,0,0,0,M,20,B,D,D,D,C
1501,11375.0,8.5,0,0,0,M,20,B,D,D,E,E
1501,11376.0,8.5,0,0,0,M,20,B,D,D,E,E
1501,11377.0,0.0,70,60,30,M,20,E,F,D,F,E
1501,11378.0,2.0,0,0,0,M,20,,,,,
3202,11379.0,19.4,10,15,5,F,20,A,A,A,B,A
3202,11380.0,35.2,0,0,0,F,20,A,A,A,B,A
3202,11381.0,10.4,30,45,0,F,20,A,A,B,B,A
3202,11382.0,19.4,30,0,0,F,20,A,A,B,B,A
3202,11383.0,7.5,35,0,0,F,20,A,A,B,C,A
3202,11384.0,8.5,0,0,0,F,20,A,B,B,C,A
3202,11385.0,11.7,25,40,0,F,20,A,D,C,C,A
3202,11386.0,7.0,0,10,0,F,20,A,D,C,D,A
3202,11387.0,12.5,10,0,50,F,20,A,D,C,D,B
3202,11388.0,2.0,0,0,0,M,20,A,D,D,D,B
3202,11389.0,7.5,0,35,0,M,20,A,D,D,D,B
3202,11390.0,11.3,10,0,0,M,20,A,D,D,D,B
3202,11391.0,7.5,0,25,10,M,20,A,D,D,D,B
3202,11392.0,12.9,0,0,0,M,20,B,D,D,E,B
3202,11393.0,13.7,30,35,5,M,20,B,D,D,E,C
3202,11394.0,9.5,10,15,0,M,20,B,D,E,E,C
3202,11395.0,22.5,0,0,0,M,20,C,F,F,F,E
1602,11396.0,23.2,0,0,0,F,20,A,A,A,A,A
1602,11397.0,22.5,0,0,0,F,20,A,A,A,A,A
1602,11398.0,9.0,40,0,0,F,20,A,A,A,A,A
1602,11399.0,11.1,0,0,0,F,20,A,A,A,A,A
1602,11400.0,0.0,15,0,0,F,20,A,A,A,A,A
1602,11401.0,11.1,0,0,0,F,20,A,A,B,B,A
1602,11402.0,4.2,30,15,15,F,20,A,A,B,B,A
1602,11403.0,16.6,25,25,0,F,20,A,A,B,B,A
1602,11404.0,11.3,0,0,0,F,20,A,A,B,B,A
1602,11405.0,0.0,0,15,0,F,20,A,A,B,B,A
1602,11406.0,7.5,0,15,0,F,20,A,A,B,B,A
1602,11407.0,22.5,0,0,0,F,20,A,A,B,B,A
1602,11408.0,4.2,0,30,0,F,20,A,A,B,B,A
1602,11409.0,2.0,0,45,0,F,20,A,A,B,B,A
1602,11410.0,2.0,0,45,0,F,20,A,A,B,B,A
1602,11411.0,21.4,20,0,0,F,20,A,A,B,B,A
1602,11412.0,18.6,30,0,10,F,20,A,A,B,B,A
1602,11413.0,22.7,0,0,0,F,20,A,A,B,B,A
1602,11414.0,11.1,0,0,0,F,20,A,A,B,B,A
1602,11415.0,22.5,0,0,0,F,20,A,A,B,B,A
1602,11416.0,7.5,0,0,40,F,20,A,A,B,B,A
1602,11417.0,10.1,0,0,0,F,20,A,B,B,B,A
1602,11418.0,7.5,0,10,0,F,20,A,B,B,B,A
1602,11419.0,0.0,50,0,40,F,20,A,B,B,B,A
1602,11420.0,19.9,25,5,0,F,20,A,B,B,B,A
1602,11421.0,10.1,0,0,0,F,20,A,B,B,C,A
1602,11422.0,4.2,30,0,0,F,20,A,B,B,C,A
1602,11423.0,8.9,0,0,0,F,20,A,B,B,C,A
1602,11424.0,8.9,0,0,0,F,20,A,B,B,C,A
1602,11425.0,2.0,30,15,0,F,20,A,B,B,C,A
1602,11426.0,23.4,0,0,0,F,20,A,B,B,C,A
1602,11427.0,20.5,55,45,0,F,20,A,B,C,C,A
1602,11428.0,15.0,0,0,0,F,20,A,B,C,C,A
1602,11429.0,23.4,0,0,0,F,20,A,B,C,C,A
1602,11430.0,22.5,0,0,0,F,20,A,B,C,C,A
1602,11431.0,23.5,50,30,0,F,20,A,B,C,C,A
1602,11432.0,22.5,0,0,0,F,20,A,B,C,C,A
1602,11433.0,10.3,20,45,30,F,20,A,B,C,D,A
1602,11434.0,15.0,25,0,40,F,20,A,B,C,D,A
1602,11435.0,22.5,0,0,0,F,20,A,B,C,D,A
1602,11436.0,18.6,20,20,0,F,20,A,B,C,D,A
1602,11437.0,11.1,0,0,0,F,20,A,B,C,D,A
1602,11438.0,0.0,25,0,0,F,20,A,B,C,D,A
1602,11439.0,7.5,0,0,10,F,20,A,B,C,D,A
1602,11440.0,8.8,10,15,5,F,20,A,B,C,D,B
1602,11441.0,0.0,5,0,10,F,20,A,D,D,D,B
1602,11442.0,0.0,0,10,5,F,20,A,D,D,D,B
1602,11443.0,7.8,20,45,45,F,20,A,D,D,D,B
1602,11444.0,1.0,5,5,0,F,20,A,D,D,D,B
1602,11445.0,15.7,15,30,15,M,20,A,D,D,D,B
1602,11446.0,22.5,0,0,0,M,20,A,D,D,D,B
1602,11447.0,6.2,20,0,30,M,20,A,D,D,D,B
1602,11448.0,20.6,0,20,0,M,20,A,D,D,D,B
1602,11449.0,22.5,0,0,0,M,20,A,D,D,D,B
1602,11450.0,9.5,55,30,0,M,20,A,D,D,D,B
1602,11451.0,22.5,0,0,0,M,20,A,D,D,D,B
1602,11452.0,22.5,0,0,0,M,20,A,D,D,D,B
1602,11453.0,22.5,0,0,0,M,20,A,D,D,D,B
1602,11454.0,22.5,0,0,0,M,20,A,D,D,D,B
1602,11455.0,22.5,0,0,0,M,20,A,D,D,D,B
1602,11456.0,24.7,0,0,0,M,20,A,D,D,D,B
1602,11457.0,22.5,0,0,0,M,20,A,D,D,D,B
1602,11458.0,11.5,0,0,0,M,20,A,D,D,D,B
1602,11459.0,12.9,0,0,0,M,20,A,D,D,D,B
1602,11460.0,22.5,0,0,0,M,20,A,D,D,D,B
1602,11461.0,7.5,0,20,0,M,20,A,D,D,D,B
1602,11462.0,32.8,20,0,0,M,20,A,D,D,D,B
1602,11463.0,15.1,55,0,10,M,20,A,D,D,D,B
1602,11464.0,13.7,0,0,0,M,20,A,D,D,D,B
1602,11465.0,15.7,10,50,0,M,20,A,D,D,D,B
1602,11466.0,22.5,0,0,0,M,20,A,D,D,D,C
1602,11467.0,14.5,30,35,5,M,20,A,D,D,D,C
1602,11468.0,9.5,0,15,0,M,20,A,D,D,D,C
1602,11469.0,22.5,0,0,0,M,20,A,D,D,E,C
1602,11470.0,22.5,0,0,0,M,20,A,D,D,E,C
1602,11471.0,22.5,0,0,0,M,20,A,D,D,E,C
1602,11472.0,22.5,0,0,0,M,20,A,D,D,E,C
1602,11473.0,22.4,0,0,0,M,20,A,D,D,E,C
1602,11474.0,22.5,0,0,0,M,20,A,D,E,E,D
1602,11475.0,17.0,0,35,0,M,20,A,D,E,E,D
1602,11476.0,22.5,0,0,0,M,20,A,D,E,E,D
1602,11477.0,9.1,0,0,0,M,20,B,F,E,E,D
1602,11478.0,10.3,0,0,0,M,20,B,F,E,F,D
1602,11479.0,22.5,0,0,0,M,20,B,F,E,F,E
1602,11480.0,2.6,50,0,30,M,20,B,F,E,F,E
1602,11481.0,23.6,0,0,0,M,20,E,F,F,F,E
1602,11482.0,22.5,0,0,0,M,20,,,,,
1602,11483.0,22.5,0,0,0,M,20,,,,,
1602,11484.0,15.1,10,45,10,M,20,,,,,
1602,11485.0,21.0,0,15,0,M,20,,,,,
1602,11486.0,16.6,10,30,0,M,20,,,,,
1602,11487.0,9.1,0,0,0,M,20,,,,,
1602,11488.0,30.0,0,40,0,M,20,,,,,
1602,11489.0,15.0,50,0,0,M,20,,,,,
3002,11490.0,16.6,25,20,10,F,20,A,A,A,B,A
3002,11491.0,7.6,50,0,70,F,20,A,A,B,B,A
3002,11492.0,8.9,20,15,0,F,20,A,A,B,B,A
3002,11493.0,15.0,0,0,0,M,20,A,A,B,B,A
3002,11494.0,15.9,0,45,0,M,20,A,A,B,B,A
3002,11495.0,12.1,0,0,0,M,20,A,B,B,B,A
3002,11496.0,12.1,0,0,0,M,20,A,B,B,B,A
3002,11497.0,10.7,0,0,0,M,20,A,B,B,B,A
3002,11498.0,15.0,0,0,0,M,20,A,B,B,C,A
3002,11499.0,12.1,0,0,0,M,20,A,B,B,C,B
3002,11500.0,4.4,40,90,10,M,20,A,D,B,C,B
3002,11501.0,7.5,80,0,30,M,20,A,D,B,D,B
3002,11502.0,2.0,10,50,20,M,20,A,D,C,D,B
3002,11503.0,4.4,0,35,0,M,20,A,D,C,D,B
3002,11504.0,25.1,0,45,30,M,20,A,D,C,D,B
3002,11505.0,8.9,20,0,0,M,20,A,D,C,D,B
3002,11506.0,23.9,0,0,0,M,20,A,D,D,D,B
3002,11507.0,12.1,0,0,0,M,20,B,D,D,D,B
3002,11508.0,9.5,0,0,0,M,20,B,D,D,D,C
3002,11509.0,13.3,0,0,5,M,20,B,D,D,D,C
702,11510.0,14.7,0,0,0,F,20,A,D,B,C,A
702,11511.0,17.4,25,15,0,F,20,A,D,B,C,A
702,11512.0,5.4,15,45,0,F,20,A,D,B,D,B
702,11513.0,0.0,0,0,0,F,20,A,D,B,D,B
702,11514.0,3.2,0,45,0,F,20,A,D,C,D,B
702,11515.0,11.1,0,0,10,F,20,A,D,C,D,B
702,11516.0,0.0,0,0,0,F,20,A,D,C,D,B
702,11517.0,0.0,0,0,0,F,20,A,D,C,D,B
702,11518.0,12.5,0,0,0,F,20,A,D,C,D,B
702,11519.0,10.1,0,0,0,M,20,A,D,C,D,B
702,11520.0,10.1,0,0,0,M,20,A,D,C,D,B
702,11521.0,2.4,10,0,0,M,20,A,D,C,D,B
702,11522.0,10.5,0,35,50,M,20,A,D,C,D,B
702,11523.0,3.6,0,0,0,M,20,A,D,C,D,B
702,11524.0,21.4,25,0,0,M,20,A,D,C,D,B
702,11525.0,0.0,15,0,0,M,20,A,D,C,D,B
702,11526.0,7.5,0,10,15,M,20,A,D,D,D,C
702,11527.0,7.5,0,15,0,M,20,B,D,D,D,C
702,11528.0,4.8,0,0,0,M,20,B,D,D,D,C
702,11529.0,7.5,0,20,15,M,20,B,D,D,D,C
702,11530.0,0.0,0,0,0,M,20,B,D,D,D,C
702,11531.0,15.0,0,60,0,M,20,B,D,D,D,D
702,11532.0,11.7,25,0,0,M,20,B,D,D,D,D
702,11533.0,0.0,0,0,0,M,20,B,D,D,D,D
702,11534.0,20.4,0,20,0,M,20,B,D,D,E,D
702,11535.0,29.2,50,0,0,M,20,B,D,D,E,D
702,11536.0,7.0,30,20,0,M,20,B,D,E,E,D
702,11537.0,5.0,0,0,0,M,20,B,D,E,E,E
702,11538.0,13.1,10,0,0,M,20,B,D,E,F,E
702,11539.0,0.0,0,0,0,M,20,,,,,
702,11540.0,4.2,25,35,10,M,20,,,,,
3202,11541.0,11.7,40,15,40,F,20,A,A,A,B,A
3202,11542.0,18.0,0,50,0,F,20,A,A,A,B,A
3202,11543.0,14.5,0,0,0,F,20,A,A,A,B,A
3202,11544.0,23.4,0,0,0,F,20,A,A,A,B,A
3202,11545.0,0.0,0,25,0,F,20,A,A,B,B,A
3202,11546.0,11.3,0,0,0,F,20,A,A,B,B,A
3202,11547.0,7.5,0,15,0,F,20,A,A,B,C,A
3202,11548.0,8.5,10,0,0,F,20,A,B,B,C,A
3202,11549.0,26.1,0,0,0,F,20,A,C,B,C,A
3202,11550.0,25.8,0,0,0,F,20,A,D,B,C,A
3202,11551.0,0.0,0,0,0,F,20,A,D,B,D,A
3202,11552.0,10.4,25,75,0,F,20,A,D,C,D,A
3202,11553.0,0.0,0,0,0,F,20,A,D,C,D,A
3202,11554.0,10.1,10,0,20,F,20,A,D,C,D,B
3202,11555.0,12.4,0,0,0,F,20,A,D,C,D,B
3202,11556.0,7.0,10,0,40,F,20,A,D,D,D,B
3202,11557.0,10.0,0,0,0,F,20,A,D,D,D,B
3202,11558.0,10.1,0,0,0,F,20,A,D,D,D,B
3202,11559.0,0.0,0,0,0,M,20,A,D,D,D,B
3202,11560.0,15.0,20,0,50,M,20,A,D,D,D,B
3202,11561.0,11.1,10,15,0,M,20,A,D,D,D,B
3202,11562.0,0.0,0,0,0,M,20,B,D,D,D,B
3202,11563.0,24.6,0,0,0,M,20,B,D,D,D,B
3202,11564.0,7.0,30,0,20,M,20,B,D,D,D,B
3202,11565.0,15.0,0,0,0,M,20,B,D,D,D,B
3202,11566.0,3.4,0,30,15,M,20,B,D,D,E,C
3202,11567.0,23.2,10,0,0,M,20,D,D,E,E,D
3202,11568.0,15.0,0,0,0,M,20,E,D,F,E,D
3202,11569.0,15.0,0,0,0,M,20,,,,,
3202,11570.0,10.3,30,0,0,M,20,,,,,
3202,11571.0,15.0,0,0,0,M,20,,,,,
3202,11572.0,18.7,30,0,20,M,20,,,,,
3202,11573.0,15.0,0,0,0,M,20,,,,,
3202,11574.0,15.0,0,0,0,M,20,,,,,
3202,11575.0,15.0,0,0,0,M,20,,,,,
2001,11576.0,15.0,0,0,0,F,20,A,D,D,D,B
2001,11577.0,15.1,0,0,0,F,20,A,D,D,D,B
2001,11578.0,23.6,0,0,0,F,20,A,D,D,D,B
2001,11579.0,18.4,20,15,15,F,20,A,D,D,D,B
2001,11580.0,15.0,0,0,0,F,20,A,D,D,D,B
2001,11581.0,15.0,0,0,0,F,20,A,D,D,D,B
2001,11582.0,15.0,0,0,0,F,20,A,D,D,D,B
2001,11583.0,15.0,0,0,0,F,20,A,D,D,D,B
2001,11584.0,15.0,0,0,0,F,20,A,D,D,D,B
2001,11585.0,15.0,0,0,0,F,20,A,D,D,D,B
2001,11586.0,15.0,0,0,0,F,20,A,D,D,D,B
2001,11587.0,16.0,0,0,0,F,20,A,D,D,D,B
2001,11588.0,15.0,25,25,25,F,20,A,D,D,D,B
2001,11589.0,15.0,0,0,0,F,20,A,D,D,D,B
2001,11590.0,15.0,0,0,0,F,20,A,D,D,D,B
2001,11591.0,15.0,0,0,0,F,20,A,D,D,D,B
2001,11592.0,10.3,15,5,10,F,20,A,D,D,D,B
2001,11593.0,9.5,0,0,5,F,20,A,D,D,D,B
2001,11594.0,2.6,0,0,10,F,20,A,D,D,D,B
2001,11595.0,24.4,40,25,20,F,20,A,D,D,D,B
2001,11596.0,15.0,0,0,0,F,20,A,D,D,D,B
2001,11597.0,15.0,0,0,0,F,20,A,D,D,D,B
2001,11598.0,11.9,20,0,0,F,20,A,D,D,D,B
2001,11599.0,1.4,40,50,0,F,20,B,D,D,D,B
2001,11600.0,15.0,0,0,0,F,20,B,D,D,D,C
2001,11601.0,15.0,0,0,0,M,20,B,D,D,D,C
2001,11602.0,15.0,0,0,0,M,20,B,D,E,D,C
2001,11603.0,15.0,0,0,0,M,20,B,D,E,D,C
2001,11604.0,10.0,0,25,0,M,20,B,D,E,D,C
2001,11605.0,15.0,0,0,0,M,20,B,D,E,D,D
2001,11606.0,15.0,0,0,0,M,20,B,D,E,D,D
2001,11607.0,15.0,30,45,0,M,20,B,D,E,E,D
2001,11608.0,15.0,0,0,0,M,20,C,D,E,E,D
2001,11609.0,15.0,0,0,0,M,20,E,D,E,E,D
2001,11610.0,10.5,30,0,0,M,20,E,D,E,E,D
2001,11611.0,15.0,0,0,0,M,20,E,E,F,E,E
2001,11612.0,22.5,0,25,0,M,20,E,F,F,F,F
2001,11613.0,13.9,15,30,35,M,20,,,,,
2001,11614.0,13.3,65,0,20,M,20,,,,,
2001,11615.0,15.0,0,0,0,M,20,,,,,
2001,11616.0,15.0,0,0,0,M,20,,,,,
2001,11617.0,15.0,0,0,0,M,20,,,,,
2001,11618.0,15.0,0,0,0,M,20,,,,,
2001,11619.0,15.0,0,0,0,M,20,,,,,
2001,11620.0,15.0,0,0,0,M,20,,,,,
1502,11621.0,15.0,0,0,0,F,20,A,A,A,B,A
1502,11622.0,15.0,0,0,0,F,20,A,A,A,B,A
1502,11623.0,15.0,0,0,0,F,20,A,A,B,B,A
1502,11624.0,15.0,0,0,0,F,20,A,A,B,B,A
1502,11625.0,15.0,0,0,0,F,20,A,B,B,B,A
1502,11626.0,15.0,0,0,0,F,20,A,B,B,C,A
1502,11627.0,11.7,0,0,25,F,20,A,B,C,C,A
1502,11628.0,12.5,75,0,0,F,20,A,C,C,C,B
1502,11629.0,24.5,0,0,0,F,20,A,C,C,C,B
1502,11630.0,37.4,0,0,0,F,20,A,D,C,C,B
1502,11631.0,5.6,0,0,0,F,20,A,D,C,C,B
1502,11632.0,37.5,0,0,0,F,20,A,D,C,D,B
1502,11633.0,20.4,55,60,0,F,20,A,D,D,D,B
1502,11634.0,2.0,0,0,15,F,20,A,D,D,D,B
1502,11635.0,25.4,0,0,0,F,20,A,D,D,D,B
1502,11636.0,37.5,0,0,0,F,20,A,D,D,D,B
1502,11637.0,37.5,0,0,0,F,20,A,D,D,D,B
1502,11638.0,13.3,0,0,0,M,20,A,D,D,D,B
1502,11639.0,8.5,0,0,15,M,20,A,D,D,D,B
1502,11640.0,9.1,55,45,0,M,20,A,D,D,D,B
1502,11641.0,17.0,0,0,0,M,20,A,D,D,E,C
1502,11642.0,12.5,50,35,10,M,20,A,D,D,E,C
1502,11643.0,10.7,0,0,0,M,20,A,D,D,E,C
1502,11644.0,11.9,0,0,0,M,20,A,D,D,E,C
1502,11645.0,11.0,0,0,0,M,20,B,D,D,E,C
1502,11646.0,10.9,0,0,0,M,20,B,D,D,E,C
1502,11647.0,18.3,30,0,25,M,20,B,D,D,E,D
1502,11648.0,4.8,50,0,20,M,20,B,D,E,E,E
1502,11649.0,33.2,30,0,0,M,20,B,D,E,F,E
1502,11650.0,3.0,10,0,0,M,20,B,D,E,F,F
1502,11651.0,11.0,25,70,10,M,20,D,F,F,F,G
3502,11652.0,22.0,0,25,5,F,20,A,A,A,A,A
3502,11653.0,4.4,0,0,0,F,20,A,A,A,B,A
3502,11654.0,12.2,20,0,0,F,20,A,A,A,B,A
3502,11655.0,32.9,0,30,0,F,20,A,A,B,B,A
3502,11656.0,25.1,0,0,0,F,20,A,A,B,B,A
3502,11657.0,22.7,90,10,0,F,20,A,A,B,B,A
3502,11658.0,8.9,20,25,0,F,20,A,A,B,B,A
3502,11659.0,15.5,0,0,0,F,20,A,A,B,B,A
3502,11660.0,12.7,25,35,15,F,20,A,A,B,B,A
3502,11661.0,15.9,25,5,40,F,20,A,A,B,B,A
3502,11662.0,12.0,0,0,0,F,20,A,A,B,B,A
3502,11663.0,10.9,0,0,0,F,20,A,A,B,C,A
3502,11664.0,24.2,0,0,0,F,20,A,A,C,C,A
3502,11665.0,9.5,0,10,0,F,20,A,A,C,C,A
3502,11666.0,4.2,0,0,0,F,20,A,A,C,C,A
3502,11667.0,5.6,0,0,0,F,20,A,B,C,C,A
3502,11668.0,10.9,0,0,0,F,20,A,B,C,D,A
3502,11669.0,22.4,0,10,0,F,20,A,B,C,D,A
3502,11670.0,9.2,35,5,0,F,20,A,B,C,D,B
3502,11671.0,21.5,0,15,0,F,20,A,C,C,D,B
3502,11672.0,10.9,0,0,0,F,20,A,C,C,D,B
3502,11673.0,4.4,30,30,0,F,20,A,D,C,D,B
3502,11674.0,11.9,0,0,0,F,20,A,D,C,D,B
3502,11675.0,15.2,0,0,0,M,20,A,D,C,D,B
3502,11676.0,20.5,30,0,10,M,20,A,D,C,D,B
3502,11677.0,3.0,10,0,0,M,20,A,D,D,D,B
3502,11678.0,14.5,40,0,40,M,20,A,D,D,D,B
3502,11679.0,15.0,0,0,0,M,20,A,D,D,D,B
3502,11680.0,22.0,0,15,0,M,20,A,D,D,D,B
3502,11681.0,11.1,10,0,0,M,20,A,D,D,D,B
3502,11682.0,7.5,0,45,10,M,20,A,D,D,D,B
3502,11683.0,4.8,0,0,0,M,20,A,D,D,D,B
3502,11684.0,15.0,0,0,0,M,20,A,D,D,D,B
3502,11685.0,16.5,25,0,45,M,20,A,D,D,D,B
3502,11686.0,15.6,0,0,0,M,20,A,D,D,D,B
3502,11687.0,11.1,0,0,0,M,20,A,D,D,D,B
3502,11688.0,7.5,0,0,0,M,20,A,D,D,D,B
3502,11689.0,7.5,0,0,0,M,20,A,D,D,D,C
3502,11690.0,15.0,0,0,0,M,20,A,D,D,D,C
3502,11691.0,15.3,30,90,30,M,20,A,D,D,D,C
3502,11692.0,15.9,0,0,0,M,20,A,D,D,D,C
3502,11693.0,13.5,0,0,0,M,20,B,D,D,E,C
3502,11694.0,13.7,0,0,0,M,20,B,D,D,E,C
3502,11695.0,0.0,0,0,0,M,20,B,D,E,E,C
3502,11696.0,3.0,0,0,0,M,20,B,D,E,E,D
3502,11697.0,15.0,0,0,0,M,20,B,D,E,E,D
3502,11698.0,5.8,25,10,0,M,20,B,D,E,E,D
3502,11699.0,7.5,40,0,0,M,20,B,D,E,E,D
3502,11700.0,15.0,0,5,0,M,20,B,D,E,F,D
3502,11701.0,3.4,10,0,0,M,20,B,D,E,F,D
3502,11702.0,15.9,0,0,0,M,20,B,D,E,F,E
3502,11703.0,2.6,5,0,10,M,20,B,D,E,F,E
3502,11704.0,15.0,0,0,0,M,20,C,D,E,F,E
3502,11705.0,16.5,20,20,30,M,20,E,D,F,F,F
3502,11706.0,10.9,0,25,0,M,20,E,F,F,F,F
3502,11707.0,21.0,0,0,40,M,20,,,,,
3502,11708.0,0.0,30,0,0,M,20,,,,,
3502,11709.0,13.5,0,0,0,M,20,,,,,
3502,11710.0,15.0,0,0,0,M,20,,,,,
1402,11711.0,7.5,0,0,0,F,20,A,A,A,B,A
1402,11712.0,19.8,10,20,0,F,20,A,A,A,B,A
1402,11713.0,12.7,50,0,50,F,20,A,A,B,B,A
1402,11714.0,15.0,0,0,0,F,20,A,D,B,C,A
1402,11715.0,11.1,0,0,0,F,20,A,D,B,C,A
1402,11716.0,3.6,20,50,10,F,20,A,D,C,C,B
1402,11717.0,12.9,20,70,5,F,20,A,D,C,C,B
1402,11718.0,0.0,30,45,0,F,20,A,D,C,C,B
1402,11719.0,15.0,0,0,0,F,20,A,D,C,C,B
1402,11720.0,2.4,0,60,0,F,20,A,D,C,D,B
1402,11721.0,11.3,0,0,0,F,20,A,D,C,D,B
1402,11722.0,26.4,20,0,55,M,20,A,D,D,D,B
1402,11723.0,15.0,60,15,5,M,20,A,D,D,D,B
1402,11724.0,10.5,10,15,10,M,20,A,D,D,D,B
1402,11725.0,21.0,0,30,10,M,20,A,D,D,D,B
1402,11726.0,2.4,15,0,0,M,20,B,D,D,D,B
1402,11727.0,17.7,50,0,10,M,20,B,D,D,D,D
1402,11728.0,15.0,0,5,0,M,20,B,D,D,D,D
1402,11729.0,15.0,0,0,0,M,20,B,D,E,D,E
1402,11730.0,16.0,0,45,15,M,20,B,D,E,E,E
1402,11731.0,14.1,0,0,0,M,20,B,F,E,E,E
1402,11732.0,0.0,0,0,0,M,20,B,F,E,F,F
1602,11733.0,0.0,0,0,0,F,20,A,A,A,B,A
1602,11734.0,10.6,10,10,15,F,20,A,A,B,B,A
1602,11735.0,11.1,20,0,0,F,20,A,A,B,B,A
1602,11736.0,26.2,0,0,0,F,20,A,A,B,B,A
1602,11737.0,27.1,0,0,0,F,20,A,A,B,B,A
1602,11738.0,13.5,25,0,0,F,20,A,A,C,B,A
1602,11739.0,2.0,10,0,10,F,20,A,A,C,B,A
1602,11740.0,30.8,0,50,0,F,20,A,A,C,C,A
1602,11741.0,4.0,10,0,0,F,20,A,A,D,D,A
1602,11742.0,11.5,0,0,0,F,20,A,A,D,D,A
1602,11743.0,8.8,0,20,0,F,20,A,A,D,D,A
1602,11744.0,5.0,0,0,0,F,20,A,A,D,D,A
1602,11745.0,0.0,0,0,0,F,20,A,B,D,D,B
1602,11746.0,25.1,0,15,0,F,20,A,B,D,D,B
1602,11747.0,0.0,0,15,20,F,20,A,D,D,D,B
1602,11748.0,25.0,40,0,50,F,20,A,D,D,D,B
1602,11749.0,1.0,0,5,0,F,20,A,D,D,D,B
1602,11750.0,21.8,0,20,0,F,20,A,D,D,D,B
1602,11751.0,10.3,30,0,10,F,20,A,D,D,D,B
1602,11752.0,26.2,0,0,0,F,20,A,D,D,D,B
1602,11753.0,16.0,0,0,0,F,20,A,D,D,D,B
1602,11754.0,0.0,0,0,0,F,20,A,D,D,D,B
1602,11755.0,4.6,0,45,0,F,20,A,D,D,D,B
1602,11756.0,16.0,0,0,0,F,20,A,D,D,D,B
1602,11757.0,0.0,0,0,0,F,20,A,D,D,D,C
1602,11758.0,0.0,0,0,0,F,20,A,D,D,E,C
1602,11759.0,23.8,30,0,0,F,20,A,D,E,E,C
1602,11760.0,11.5,0,0,0,F,20,A,D,E,E,C
1602,11761.0,2.8,0,45,15,F,20,A,D,E,E,C
1602,11762.0,18.1,50,0,10,F,20,A,D,E,F,D
1602,11763.0,15.4,50,15,10,M,20,B,D,F,F,D
1602,11764.0,16.0,0,0,0,M,20,B,D,F,F,D
1602,11765.0,9.2,0,15,0,M,20,B,D,F,F,E
1602,11766.0,16.0,0,0,0,M,20,E,E,F,F,E
2402,11767.0,4.0,0,50,0,F,20,A,A,A,B,A
2402,11768.0,0.0,0,0,0,F,20,A,A,A,B,A
2402,11769.0,3.6,10,60,15,F,20,A,A,A,B,A
2402,11770.0,20.4,50,60,10,F,20,A,A,A,B,A
2402,11771.0,4.2,40,35,5,F,20,A,A,A,B,A
2402,11772.0,16.1,0,0,0,F,20,A,A,B,B,A
2402,11773.0,0.0,35,0,0,F,20,A,A,B,B,A
2402,11774.0,11.1,5,0,0,F,20,A,A,B,B,A
2402,11775.0,16.9,30,25,0,F,20,A,A,B,B,A
2402,11776.0,14.9,10,0,0,F,20,A,A,B,B,A
2402,11777.0,26.3,0,0,20,F,20,A,A,B,B,A
2402,11778.0,16.6,20,30,25,F,20,A,A,B,C,A
2402,11779.0,16.4,0,0,0,F,20,A,A,B,C,A
2402,11780.0,7.5,0,30,0,F,20,A,A,B,C,A
2402,11781.0,35.0,0,0,25,F,20,A,A,B,C,A
2402,11782.0,34.3,0,30,0,F,20,A,A,B,C,A
2402,11783.0,21.4,0,25,10,F,20,A,A,B,C,A
2402,11784.0,14.5,0,0,0,F,20,A,A,B,C,A
2402,11785.0,26.4,0,0,0,F,20,A,A,B,C,A
2402,11786.0,11.9,0,0,0,F,20,A,A,C,C,A
2402,11787.0,11.9,0,0,0,F,20,A,A,C,C,A
2402,11788.0,11.9,0,0,0,F,20,A,A,C,C,A
2402,11789.0,16.4,30,45,0,F,20,A,A,C,D,A
2402,11790.0,23.6,0,25,0,F,20,A,B,C,D,A
2402,11791.0,14.3,0,0,0,F,20,A,B,C,D,A
2402,11792.0,22.6,40,0,0,F,20,A,B,C,D,A
2402,11793.0,2.4,20,0,0,F,20,A,B,D,D,B
2402,11794.0,3.0,0,60,0,F,20,A,B,D,D,B
2402,11795.0,24.5,5,15,0,F,20,A,D,D,D,B
2402,11796.0,10.5,10,0,0,F,20,A,D,D,D,B
2402,11797.0,15.0,0,0,10,F,20,A,D,D,D,B
2402,11798.0,12.1,15,0,15,F,20,A,D,D,D,B
2402,11799.0,16.6,0,0,0,F,20,A,D,D,D,B
2402,11800.0,4.4,30,50,0,F,20,A,D,D,D,B
2402,11801.0,16.1,50,0,30,F,20,A,D,D,D,B
2402,11802.0,7.5,45,15,0,F,20,A,D,D,D,B
2402,11803.0,13.3,0,0,0,F,20,A,D,D,D,B
2402,11804.0,7.5,0,30,0,F,20,A,D,D,D,B
2402,11805.0,2.0,0,0,0,F,20,A,D,D,D,B
2402,11806.0,7.5,0,30,0,F,20,A,D,D,D,B
2402,11807.0,14.5,0,0,0,M,20,A,D,D,D,B
2402,11808.0,7.5,0,30,0,M,20,A,D,D,D,B
2402,11809.0,9.5,0,25,0,M,20,A,D,D,D,B
2402,11810.0,9.5,0,25,0,M,20,A,D,D,D,B
2402,11811.0,16.7,30,40,5,M,20,A,D,D,D,B
2402,11812.0,17.5,0,0,0,M,20,A,D,D,D,B
2402,11813.0,15.2,20,0,0,M,20,A,D,D,D,B
2402,11814.0,25.4,0,0,0,M,20,A,D,D,D,B
2402,11815.0,12.1,0,30,0,M,20,A,D,D,D,B
2402,11816.0,25.2,0,0,0,M,20,A,D,D,D,C
2402,11817.0,15.0,10,0,0,M,20,A,D,D,D,C
2402,11818.0,15.0,0,0,10,M,20,A,D,D,D,C
2402,11819.0,8.5,0,45,10,M,20,A,D,D,E,C
2402,11820.0,15.0,0,0,0,M,20,A,D,D,E,C
2402,11821.0,7.5,0,0,0,M,20,A,D,D,E,C
2402,11822.0,15.0,0,0,0,M,20,A,D,D,E,C
2402,11823.0,23.1,0,10,10,M,20,A,D,D,E,C
2402,11824.0,7.5,0,0,0,M,20,A,D,E,E,C
2402,11825.0,14.9,0,0,0,M,20,A,D,E,E,C
2402,11826.0,7.5,0,0,0,M,20,A,D,E,E,C
2402,11827.0,15.0,0,0,0,M,20,A,D,E,E,D
2402,11828.0,15.0,0,0,0,M,20,A,D,E,E,D
2402,11829.0,15.0,0,0,0,M,20,A,D,E,F,D
2402,11830.0,14.7,0,0,0,M,20,A,D,E,F,D
2402,11831.0,15.0,0,0,0,M,20,A,D,E,F,D
2402,11832.0,15.0,0,0,0,M,20,A,D,E,F,D
2402,11833.0,15.0,0,0,0,M,20,B,D,E,F,D
2402,11834.0,15.0,0,0,15,M,20,B,D,E,F,E
2402,11835.0,15.0,0,0,0,M,20,B,D,E,F,E
2402,11836.0,15.0,0,0,0,M,20,B,D,E,F,E
2402,11837.0,15.0,0,0,0,M,20,B,D,E,F,E
2402,11838.0,15.0,0,0,0,M,20,B,E,E,F,E
2402,11839.0,15.0,0,0,0,M,20,C,E,F,F,E
2402,11840.0,16.9,30,35,10,M,20,E,E,F,F,E
2402,11841.0,14.7,0,0,0,M,20,E,E,F,F,E
2402,11842.0,7.5,0,0,0,M,20,E,F,F,F,F
2402,11843.0,18.0,0,0,0,M,20,E,F,F,F,F
2402,11844.0,15.0,0,0,0,M,20,E,F,F,F,F
2402,11845.0,9.5,20,30,0,M,20,,,,,
2402,11846.0,28.1,0,0,0,M,20,,,,,
3002,11847.0,15.0,0,0,0,F,20,A,A,A,A,A
3002,11848.0,7.0,70,65,5,F,20,A,A,A,A,A
3002,11849.0,7.5,0,0,0,F,20,A,A,A,B,A
3002,11850.0,7.5,0,0,0,F,20,A,A,A,B,A
3002,11851.0,15.0,0,0,0,F,20,A,A,A,B,A
3002,11852.0,16.0,0,0,0,F,20,A,A,B,B,A
3002,11853.0,0.0,30,0,10,F,20,A,A,B,B,A
3002,11854.0,4.8,80,0,0,F,20,A,A,B,B,A
3002,11855.0,0.0,15,25,0,F,20,A,A,B,C,A
3002,11856.0,11.1,0,25,0,F,20,A,B,B,C,A
3002,11857.0,31.2,45,0,10,F,20,A,B,B,C,A
3002,11858.0,7.0,30,35,0,F,20,A,B,B,C,A
3002,11859.0,2.6,50,15,0,F,20,A,B,B,C,A
3002,11860.0,13.2,0,10,15,F,20,A,B,B,C,A
3002,11861.0,15.0,0,0,0,F,20,A,C,C,C,A
3002,11862.0,15.0,0,0,0,M,20,A,C,C,C,A
3002,11863.0,15.0,0,0,0,M,20,A,D,C,C,A
3002,11864.0,16.0,0,0,0,M,20,A,D,C,C,A
3002,11865.0,26.4,0,0,10,M,20,A,D,C,D,A
3002,11866.0,14.9,0,0,0,M,20,A,D,C,D,B
3002,11867.0,15.0,0,0,0,M,20,A,D,C,D,B
3002,11868.0,10.9,30,5,5,M,20,A,D,C,D,B
3002,11869.0,15.0,0,0,0,M,20,A,D,C,D,B
3002,11870.0,39.2,0,0,0,M,20,A,D,D,D,B
3002,11871.0,7.2,20,15,30,M,20,A,D,D,D,B
3002,11872.0,14.7,0,0,0,M,20,A,D,D,D,B
3002,11873.0,26.9,0,0,0,M,20,A,D,D,D,B
3002,11874.0,15.0,0,0,0,M,20,A,D,D,D,B
3002,11875.0,0.0,50,0,0,M,20,A,D,D,D,B
3002,11876.0,16.0,0,0,0,M,20,A,D,D,D,B
3002,11877.0,15.0,0,0,0,M,20,A,D,D,D,B
3002,11878.0,11.1,15,15,10,M,20,A,D,D,E,B
3002,11879.0,15.0,0,10,5,M,20,A,D,D,E,B
3002,11880.0,6.4,15,45,10,M,20,A,D,D,E,C
3002,11881.0,10.5,50,0,0,M,20,B,D,D,E,C
3002,11882.0,5.4,0,45,0,M,20,B,D,D,E,C
3002,11883.0,2.6,0,0,0,M,20,B,D,D,E,D
3002,11884.0,9.6,0,45,5,M,20,B,D,D,E,D
3002,11885.0,7.5,0,0,0,M,20,B,D,D,E,D
3002,11886.0,15.0,0,0,0,M,20,B,D,D,F,E
3002,11887.0,13.5,10,0,0,M,20,B,D,E,F,E
3002,11888.0,17.0,0,0,0,M,20,C,E,F,F,E
3002,11889.0,9.5,10,30,10,M,20,E,E,F,F,F
3002,11890.0,2.6,0,0,0,M,20,,,,,
5401,11891.0,15.0,0,0,0,F,20,A,A,A,A,A
5401,11892.0,15.0,0,0,0,F,20,A,A,A,A,A
5401,11893.0,15.0,0,0,0,F,20,A,A,B,B,A
5401,11894.0,15.0,0,0,0,F,20,A,A,B,B,A
5401,11895.0,15.0,0,0,0,F,20,A,A,B,B,A
5401,11896.0,14.4,80,10,0,F,20,A,A,B,C,A
5401,11897.0,6.6,40,20,10,F,20,A,A,C,C,A
5401,11898.0,1.4,5,25,0,F,20,A,B,C,C,B
5401,11899.0,15.0,0,15,0,F,20,A,B,D,C,B
5401,11900.0,7.5,0,0,0,F,20,A,B,D,D,B
5401,11901.0,14.9,0,0,0,F,20,A,B,D,D,B
5401,11902.0,27.1,0,0,0,F,20,A,D,D,D,B
5401,11903.0,16.6,0,0,0,F,20,A,D,D,D,B
5401,11904.0,12.7,0,0,0,F,20,A,D,D,D,B
5401,11905.0,9.9,20,20,10,F,20,A,D,D,D,B
5401,11906.0,7.5,0,0,65,F,20,A,D,D,D,B
5401,11907.0,15.1,0,0,0,M,20,A,D,D,D,B
5401,11908.0,6.4,0,0,0,M,20,A,D,D,D,B
5401,11909.0,27.0,10,0,0,M,20,A,D,D,D,C
5401,11910.0,15.1,0,0,0,M,20,B,D,E,D,D
5401,11911.0,6.0,0,45,0,M,20,B,D,E,E,D
5401,11912.0,20.2,0,25,15,M,20,B,D,E,E,D
5401,11913.0,8.5,25,0,40,M,20,B,D,E,E,D
5401,11914.0,12.9,0,0,0,M,20,B,D,E,E,E
5401,11915.0,7.5,0,35,0,M,20,B,F,F,F,E
5401,11916.0,1.0,0,0,0,M,20,D,F,F,F,E
5401,11917.0,20.8,40,10,0,M,20,E,F,F,F,F
3502,11918.0,13.9,20,0,5,F,20,A,A,B,B,A
3502,11919.0,25.1,25,0,0,F,20,A,A,B,B,A
3502,11920.0,7.5,0,35,0,F,20,A,A,B,B,A
3502,11921.0,14.1,0,0,0,F,20,A,A,B,B,A
3502,11922.0,6.4,50,20,5,F,20,A,A,B,C,A
3502,11923.0,16.0,0,0,10,F,20,A,A,B,C,A
3502,11924.0,26.1,0,0,0,F,20,A,A,B,C,A
3502,11925.0,32.5,30,15,0,F,20,A,A,B,C,A
3502,11926.0,10.7,30,5,10,F,20,A,A,B,C,A
3502,11927.0,22.5,30,10,0,F,20,A,B,B,C,A
3502,11928.0,1.0,25,0,10,F,20,A,B,C,C,A
3502,11929.0,14.1,0,0,0,F,20,A,B,C,C,A
3502,11930.0,4.0,90,35,40,F,20,A,B,C,C,A
3502,11931.0,15.3,0,0,0,F,20,A,B,C,C,A
3502,11932.0,14.9,30,20,40,F,20,A,B,C,C,A
3502,11933.0,0.0,0,0,10,F,20,A,B,C,D,A
3502,11934.0,8.2,30,30,0,F,20,A,B,C,D,A
3502,11935.0,11.9,20,15,0,F,20,A,B,C,D,A
3502,11936.0,1.6,20,0,10,F,20,A,B,C,D,A
3502,11937.0,10.9,35,0,10,M,20,A,C,C,D,A
3502,11938.0,6.8,55,80,10,M,20,A,C,C,D,A
3502,11939.0,6.8,40,10,20,M,20,A,D,C,D,B
3502,11940.0,16.0,30,45,10,M,20,A,D,C,D,B
3502,11941.0,4.0,0,5,10,M,20,A,D,C,D,B
3502,11942.0,24.9,10,15,0,M,20,A,D,C,D,B
3502,11943.0,11.5,0,40,0,M,20,A,D,C,D,B
3502,11944.0,15.5,15,60,15,M,20,A,D,D,D,B
3502,11945.0,13.1,10,0,20,M,20,A,D,D,D,B
3502,11946.0,4.6,0,5,10,M,20,A,D,D,D,B
3502,11947.0,1.6,0,0,0,M,20,A,D,D,D,B
3502,11948.0,5.0,0,0,0,M,20,A,D,D,D,B
3502,11949.0,14.0,0,10,0,M,20,A,D,D,D,B
3502,11950.0,25.4,30,15,50,M,20,A,D,D,D,B
3502,11951.0,5.8,40,35,80,M,20,A,D,D,E,C
3502,11952.0,8.2,0,0,0,M,20,A,D,D,E,C
3502,11953.0,18.2,65,0,0,M,20,A,D,D,E,C
3502,11954.0,11.7,0,0,10,M,20,A,D,D,E,C
3502,11955.0,11.9,25,5,10,M,20,A,D,D,E,C
3502,11956.0,16.2,80,5,0,M,20,A,D,D,E,C
3502,11957.0,25.2,0,25,0,M,20,A,D,D,E,C
3502,11958.0,14.9,15,0,5,M,20,A,D,D,E,C
3502,11959.0,10.3,20,30,0,M,20,A,D,D,E,C
3502,11960.0,13.7,0,15,0,M,20,A,D,D,E,C
3502,11961.0,26.5,0,0,0,M,20,A,D,D,E,C
3502,11962.0,11.7,40,0,0,M,20,A,D,D,E,C
3502,11963.0,13.9,30,30,40,M,20,A,D,E,E,C
3502,11964.0,21.2,0,40,10,M,20,B,D,E,E,C
3502,11965.0,14.7,40,15,40,M,20,B,D,E,E,C
3502,11966.0,5.8,50,5,25,M,20,B,D,E,E,C
3502,11967.0,7.5,75,0,0,M,20,B,D,E,F,D
3502,11968.0,12.1,0,15,0,M,20,C,D,E,F,D
3502,11969.0,14.3,10,0,15,M,20,E,D,E,F,D
3502,11970.0,8.9,0,30,0,M,20,E,F,F,F,E
3502,11971.0,27.1,0,0,0,M,20,E,F,F,F,E
3502,11972.0,23.4,0,20,0,M,20,,,,,
3502,11973.0,6.6,0,0,0,M,20,,,,,
3502,11974.0,3.4,0,0,0,M,20,,,,,
3502,11975.0,16.7,0,0,0,M,20,,,,,
3502,11976.0,0.0,0,0,0,M,20,,,,,
3502,11977.0,8.6,0,0,0,M,20,,,,,
3502,11978.0,10.2,30,30,0,M,20,,,,,
3502,11979.0,15.0,0,0,0,M,20,,,,,
3502,11980.0,0.0,0,0,0,M,20,,,,,
3502,11981.0,0.0,0,0,0,M,20,,,,,
3502,11982.0,15.0,0,0,0,M,20,,,,,
3502,11983.0,15.0,50,0,45,M,20,,,,,
3502,11984.0,15.0,0,0,0,M,20,,,,,
2402,11985.0,3.6,0,0,0,F,20,A,A,A,A,A
2402,11986.0,22.5,50,0,70,F,20,A,A,A,A,A
2402,11987.0,0.0,70,50,0,F,20,A,A,A,A,A
2402,11988.0,15.0,0,0,20,F,20,A,A,A,A,A
2402,11989.0,15.0,0,0,0,F,20,A,A,B,B,A
2402,11990.0,7.5,10,60,0,F,20,A,A,B,B,A
2402,11991.0,14.5,0,0,25,F,20,A,A,B,B,A
2402,11992.0,17.8,0,30,30,F,20,A,A,B,B,A
2402,11993.0,26.7,0,0,0,F,20,A,A,B,B,A
2402,11994.0,0.0,0,0,0,F,20,A,A,B,B,A
2402,11995.0,0.0,0,25,0,F,20,A,A,B,B,A
2402,11996.0,0.0,0,0,0,F,20,A,A,B,B,A
2402,11997.0,11.5,50,0,0,F,20,A,A,B,C,A
2402,11998.0,17.4,0,0,0,F,20,A,A,B,C,A
2402,11999.0,9.9,0,0,0,F,20,A,B,B,C,A
2402,12000.0,16.0,0,0,0,F,20,A,B,B,C,B
2402,12001.0,15.0,0,0,0,F,20,A,B,C,C,B
2402,12002.0,11.4,40,60,25,F,20,A,B,C,C,B
2402,12003.0,15.0,0,0,0,F,20,A,B,C,C,B
2402,12004.0,0.0,0,0,0,F,20,A,B,C,D,B
2402,12005.0,12.4,0,0,15,F,20,A,B,C,D,B
2402,12006.0,13.3,0,0,25,F,20,A,B,C,D,B
2402,12007.0,27.9,0,0,0,F,20,A,C,C,D,B
2402,12008.0,18.0,0,0,0,F,20,A,C,C,D,B
2402,12009.0,15.0,20,0,0,F,20,A,D,D,D,B
2402,12010.0,15.0,20,0,0,F,20,A,D,D,D,B
2402,12011.0,4.2,20,0,0,F,20,A,D,D,D,B
2402,12012.0,0.0,0,0,0,F,20,A,D,D,D,B
2402,12013.0,0.0,0,0,0,F,20,A,D,D,D,B
2402,12014.0,0.0,0,0,0,F,20,A,D,D,D,B
2402,12015.0,0.0,0,0,0,F,20,A,D,D,D,B
2402,12016.0,15.0,0,0,0,F,20,A,D,D,D,B
2402,12017.0,0.0,0,0,0,F,20,A,D,D,D,B
2402,12018.0,0.0,0,0,0,F,20,A,D,D,D,B
2402,12019.0,15.0,0,0,0,F,20,A,D,D,D,B
2402,12020.0,0.0,0,0,0,F,20,A,D,D,D,B
2402,12021.0,0.0,0,0,0,F,20,A,D,D,D,B
2402,12022.0,22.5,0,45,0,F,20,A,D,D,D,B
2402,12023.0,15.0,0,0,0,M,20,A,D,E,E,C
2402,12024.0,0.0,0,0,0,M,20,A,D,E,E,D
2402,12025.0,0.0,0,0,0,M,20,A,D,E,E,D
2402,12026.0,0.0,0,0,0,M,20,B,D,E,E,D
2402,12027.0,3.6,0,0,0,M,20,B,D,E,E,D
2402,12028.0,16.0,0,0,0,M,20,B,D,E,E,D
2402,12029.0,0.0,0,0,0,M,20,B,D,E,E,E
2402,12030.0,14.1,0,15,0,M,20,B,F,F,F,E
2402,12031.0,0.0,0,0,0,M,20,C,F,F,F,E
2402,12032.0,19.2,0,0,0,M,20,E,F,F,F,F
2402,12033.0,0.0,0,0,0,M,20,,,,,
2402,12034.0,0.0,0,0,0,M,20,,,,,
2402,12035.0,0.0,0,0,0,M,20,,,,,
2402,12036.0,0.0,0,0,0,M,20,,,,,
2402,12037.0,0.0,0,0,0,M,20,,,,,
2402,12038.0,15.0,0,0,0,M,20,,,,,
2402,12039.0,0.0,0,0,0,M,20,,,,,
2402,12040.0,0.0,0,0,0,M,20,,,,,
2402,12041.0,0.0,0,0,0,M,20,,,,,
2402,12042.0,0.0,0,0,0,M,20,,,,,
2402,12043.0,16.0,0,0,0,M,20,,,,,
2402,12044.0,0.0,0,0,0,M,20,,,,,
2402,12045.0,15.0,15,5,0,M,20,,,,,
2402,12046.0,9.1,20,0,40,M,20,,,,,
2402,12047.0,9.2,45,75,15,M,20,,,,,
2402,12048.0,6.0,0,0,10,M,20,,,,,
2402,12049.0,17.0,40,45,70,M,20,,,,,
2402,12050.0,7.5,0,0,0,M,20,,,,,
2402,12051.0,7.5,0,0,0,M,20,,,,,
2402,12052.0,7.5,0,0,0,M,20,,,,,
2402,12053.0,17.5,0,0,0,M,20,,,,,
2402,12054.0,7.5,0,0,0,M,20,,,,,
2402,12055.0,7.5,0,0,0,M,20,,,,,
2402,12056.0,7.5,0,0,0,M,20,,,,,
2402,12057.0,20.7,20,0,40,M,20,,,,,
2402,12058.0,7.5,0,0,0,M,20,,,,,
2402,12059.0,7.5,0,0,0,M,20,,,,,
2402,12060.0,16.4,0,0,0,M,20,,,,,
2402,12061.0,19.3,0,0,0,M,20,,,,,
2402,12062.0,7.5,0,0,0,M,20,,,,,
2402,12063.0,0.0,10,0,40,M,20,,,,,
2402,12064.0,7.5,0,0,0,M,20,,,,,
2402,12065.0,7.5,0,0,0,M,20,,,,,
2402,12066.0,7.5,0,0,0,M,20,,,,,
2402,12067.0,7.5,0,0,0,M,20,,,,,
2402,12068.0,7.5,0,0,0,M,20,,,,,
2402,12069.0,7.5,0,0,0,M,20,,,,,
2402,12070.0,7.5,30,0,45,M,20,,,,,
2402,12071.0,7.5,50,0,30,M,20,,,,,
2402,12072.0,7.5,0,0,0,M,20,,,,,
2402,12073.0,7.5,0,0,0,M,20,,,,,
2402,12074.0,7.5,0,0,0,M,20,,,,,
2402,12075.0,7.5,0,0,0,M,20,,,,,
3002,12076.0,13.9,0,0,0,F,20,A,A,A,A,A
3002,12077.0,6.4,0,50,0,F,20,A,A,A,A,A
3002,12078.0,9.5,0,50,10,F,20,A,A,A,A,A
3002,12079.0,6.4,0,10,0,F,20,A,A,A,A,A
3002,12080.0,7.5,0,0,0,F,20,A,A,A,A,A
3002,12081.0,7.5,0,0,0,F,20,A,A,A,A,A
3002,12082.0,0.0,0,0,0,F,20,A,A,A,B,A
3002,12083.0,7.5,0,0,0,F,20,A,A,B,B,A
3002,12084.0,7.5,0,0,0,F,20,A,A,B,B,A
3002,12085.0,7.5,0,0,0,F,20,A,A,B,B,A
3002,12086.0,7.5,0,0,0,F,20,A,A,B,B,A
3002,12087.0,17.6,0,0,0,F,20,A,B,B,B,A
3002,12088.0,16.8,50,90,20,F,20,A,B,B,B,A
3002,12089.0,7.5,0,0,0,F,20,A,B,B,B,A
3002,12090.0,9.1,10,0,0,F,20,A,B,B,B,A
3002,12091.0,27.4,30,25,35,F,20,A,B,B,C,A
3002,12092.0,0.0,0,0,0,F,20,A,B,B,C,A
3002,12093.0,7.5,0,0,0,F,20,A,B,B,C,A
3002,12094.0,12.7,50,60,0,F,20,A,B,B,C,A
3002,12095.0,0.0,0,0,0,F,20,A,C,B,C,A
3002,12096.0,7.5,0,0,0,F,20,A,C,B,C,A
3002,12097.0,7.5,0,0,0,F,20,A,C,B,C,A
3002,12098.0,7.5,0,0,0,F,20,A,D,B,C,A
3002,12099.0,7.5,0,0,0,F,20,A,D,B,C,A
3002,12100.0,7.5,0,0,0,F,20,A,D,C,C,A
3002,12101.0,7.5,0,0,0,F,20,A,D,C,C,A
3002,12102.0,7.5,0,0,0,F,20,A,D,C,C,A
3002,12103.0,7.5,0,0,0,F,20,A,D,C,C,A
3002,12104.0,7.5,0,0,0,F,20,A,D,C,C,A
3002,12105.0,14.3,15,0,0,M,20,A,D,C,D,A
3002,12106.0,7.5,0,0,0,M,20,A,D,C,D,B
3002,12107.0,7.5,0,0,0,M,20,A,D,C,D,B
3002,12108.0,7.5,0,0,0,M,20,A,D,D,D,B
3002,12109.0,7.5,0,0,0,M,20,A,D,D,D,B
3002,12110.0,7.5,0,0,0,M,20,A,D,D,D,B
3002,12111.0,17.0,10,0,0,M,20,A,D,D,D,B
3002,12112.0,7.5,0,0,0,M,20,A,D,D,D,B
3002,12113.0,17.5,25,55,0,M,20,A,D,D,D,B
3002,12114.0,7.5,0,0,0,M,20,A,D,D,D,B
3002,12115.0,7.5,0,0,0,M,20,A,D,D,D,B
3002,12116.0,7.5,0,0,0,M,20,A,D,D,D,B
3002,12117.0,7.5,0,0,0,M,20,A,D,D,D,B
3002,12118.0,7.5,0,0,0,M,20,A,D,D,D,B
3002,12119.0,7.5,0,0,0,M,20,A,D,D,D,B
3002,12120.0,3.0,20,0,10,M,20,A,D,D,D,B
3002,12121.0,7.5,0,0,0,M,20,A,D,D,D,B
3002,12122.0,7.5,0,0,0,M,20,A,D,D,D,B
3002,12123.0,7.5,0,0,0,M,20,A,D,D,D,B
3002,12124.0,7.5,0,0,0,M,20,A,D,D,D,B
3002,12125.0,7.5,0,0,0,M,20,A,D,D,D,B
3002,12126.0,7.5,0,0,0,M,20,A,D,D,D,B
3002,12127.0,0.0,30,0,20,M,20,A,D,D,D,B
3002,12128.0,7.5,0,0,0,M,20,B,D,D,D,B
3002,12129.0,7.5,0,0,0,M,20,B,D,D,D,B
3002,12130.0,0.0,10,30,10,M,20,B,D,D,D,B
3002,12131.0,18.4,0,0,0,M,20,B,D,D,D,B
3002,12132.0,7.5,0,0,0,M,20,B,D,D,D,B
3002,12133.0,7.5,0,0,0,M,20,B,D,D,D,C
3202,12134.0,9.5,30,0,0,F,20,A,A,A,A,A
3202,12135.0,7.5,0,0,0,F,20,A,A,B,B,A
3202,12136.0,7.4,0,0,0,F,20,A,A,B,B,A
3202,12137.0,7.5,0,0,0,F,20,A,A,B,B,A
3202,12138.0,7.5,0,0,0,F,20,A,A,B,B,A
3202,12139.0,7.5,0,0,0,F,20,A,B,B,B,A
3202,12140.0,7.5,0,0,0,F,20,A,B,B,B,A
3202,12141.0,9.5,10,20,30,F,20,A,B,B,B,A
3202,12142.0,7.5,0,0,0,F,20,A,B,B,C,A
3202,12143.0,7.5,0,0,0,F,20,A,B,B,C,A
3202,12144.0,7.5,0,0,0,F,20,A,D,C,D,A
3202,12145.0,22.2,10,25,15,F,20,A,D,C,D,A
3202,12146.0,7.5,0,0,0,F,20,A,D,C,D,B
3202,12147.0,7.5,50,5,20,M,20,A,D,C,D,B
3202,12148.0,7.5,0,0,0,M,20,A,D,C,D,B
3202,12149.0,7.5,0,0,0,M,20,A,D,C,D,B
3202,12150.0,15.3,50,30,0,M,20,,,,,
3202,12151.0,7.5,0,0,0,M,20,,,,,
3202,12152.0,7.5,0,0,0,M,20,,,,,
5401,12153.0,7.5,0,0,0,F,20,A,A,A,C,A
5401,12154.0,7.5,0,0,0,F,20,A,A,B,C,B
5401,12155.0,23.5,20,15,5,F,20,A,A,B,D,B
5401,12156.0,7.5,0,0,0,F,20,A,A,C,D,B
5401,12157.0,7.5,0,0,0,F,20,A,B,C,D,B
5401,12158.0,7.5,0,0,0,F,20,A,D,D,D,B
5401,12159.0,7.5,0,0,0,F,20,A,D,D,D,B
5401,12160.0,7.5,20,40,15,F,20,A,D,D,D,C
5401,12161.0,7.5,0,0,0,F,20,A,D,D,D,D
5401,12162.0,7.5,0,0,0,F,20,A,D,D,D,D
4004,12163.0,7.5,0,0,0,M,20,A,A,B,D,B
4004,12164.0,7.5,0,0,0,M,20,A,A,C,D,B
4004,12165.0,7.5,0,0,0,M,20,A,A,C,D,B
4004,12166.0,7.5,0,0,0,M,20,A,A,C,D,B
4004,12167.0,7.5,0,0,0,M,20,A,A,C,D,B
4004,12168.0,7.5,0,0,0,M,20,A,A,C,D,B
4004,12169.0,7.5,0,0,0,M,20,A,A,D,D,B
4004,12170.0,7.5,0,0,0,M,20,A,A,D,D,B
4004,12171.0,7.5,0,0,0,M,20,A,A,D,D,B
4004,12172.0,7.5,0,0,0,M,20,A,A,D,D,B
4004,12173.0,7.5,0,0,0,M,20,A,A,D,D,B
4004,12174.0,7.5,0,0,0,M,20,A,B,D,D,B
4004,12175.0,7.5,0,0,0,M,20,A,B,D,D,B
4004,12176.0,8.5,20,30,15,M,20,A,B,D,D,B
4004,12177.0,7.5,0,0,0,M,20,A,B,D,D,C
4004,12178.0,7.5,0,0,0,M,20,A,D,D,D,C
4004,12179.0,0.0,0,0,0,M,20,A,D,D,D,C
4004,12180.0,7.5,0,0,0,M,20,A,D,D,E,C
4004,12181.0,4.4,0,0,0,M,20,A,D,D,E,C
4004,12182.0,18.0,0,0,0,M,20,A,D,D,E,D
4004,12183.0,13.1,30,0,10,M,20,A,D,D,E,D
4004,12184.0,1.6,0,20,0,M,20,A,D,E,E,D
4004,12185.0,1.0,0,0,0,M,20,A,D,E,E,E
4004,12186.0,17.0,0,0,0,M,20,A,D,E,E,E
4004,12187.0,10.1,50,10,0,M,20,A,D,E,E,E
4004,12188.0,12.7,30,0,25,M,20,A,D,E,E,E
4004,12189.0,17.0,0,0,0,M,20,A,D,E,E,E
4004,12190.0,4.6,0,0,0,M,20,A,D,E,F,E
4004,12191.0,35.6,0,35,0,M,20,A,D,E,F,E
4004,12192.0,17.0,0,0,0,M,20,A,D,E,F,E
4004,12193.0,17.0,0,0,0,M,20,A,D,E,F,E
4004,12194.0,15.5,10,15,0,M,20,A,D,E,F,F
4004,12195.0,20.0,0,0,0,M,20,B,D,F,F,F
4004,12196.0,7.8,10,0,0,M,20,B,D,F,F,F
4004,12197.0,28.9,0,0,0,M,20,B,E,F,F,F
4004,12198.0,3.4,0,0,30,M,20,E,F,F,F,G
1501,12199.0,35.2,25,15,0,F,20,A,A,A,B,A
1501,12200.0,8.0,0,0,0,F,20,A,A,A,B,A
1501,12201.0,24.0,0,35,5,F,20,A,A,A,B,A
1501,12202.0,4.4,10,15,0,F,20,A,A,B,B,A
1501,12203.0,30.0,0,0,0,F,20,A,A,B,C,A
1501,12204.0,7.5,0,45,0,F,20,A,A,B,C,A
1501,12205.0,9.5,0,0,0,F,20,A,A,B,D,A
1501,12206.0,17.1,0,0,25,F,20,A,B,B,D,A
1501,12207.0,6.8,30,50,0,F,20,A,B,B,D,A
1501,12208.0,30.0,0,0,0,F,20,A,B,C,D,A
1501,12209.0,13.5,90,0,20,F,20,A,B,D,D,B
1501,12210.0,3.2,100,0,5,F,20,A,B,D,D,B
1501,12211.0,14.5,0,0,0,F,20,A,D,D,D,B
1501,12212.0,1.0,0,0,0,F,20,A,D,D,D,B
1501,12213.0,7.5,0,45,0,F,20,A,D,D,D,B
1501,12214.0,17.0,0,0,0,F,20,A,D,D,D,B
1501,12215.0,13.7,0,20,0,F,20,A,D,D,D,B
1501,12216.0,1.0,0,0,0,M,20,A,D,D,D,B
1501,12217.0,14.3,0,0,0,M,20,A,D,D,D,B
1501,12218.0,23.6,25,20,0,M,20,A,D,D,D,B
1501,12219.0,16.1,75,0,0,M,20,A,D,D,D,B
1501,12220.0,12.5,50,50,0,M,20,A,D,D,D,C
1501,12221.0,1.0,0,0,0,M,20,A,D,D,E,C
1501,12222.0,7.5,0,45,0,M,20,A,D,D,E,C
1501,12223.0,14.1,0,10,0,M,20,A,D,E,F,C
1501,12224.0,18.8,0,0,0,M,20,B,D,E,F,C
1501,12225.0,30.0,0,0,0,M,20,E,F,E,F,F
1501,12226.0,11.3,10,30,10,M,20,,,,,
1601,12227.0,29.9,0,0,0,F,20,A,A,B,B,A
1601,12228.0,17.0,0,0,0,F,20,A,A,C,B,A
1601,12229.0,3.2,20,0,10,F,20,A,A,C,C,A
1601,12230.0,17.0,15,0,0,F,20,A,A,C,C,A
1601,12231.0,4.0,20,60,20,F,20,A,A,C,C,A
1601,12232.0,3.2,30,0,0,F,20,A,A,C,C,B
1601,12233.0,15.0,0,0,0,F,20,A,A,C,D,B
1601,12234.0,12.3,0,25,0,F,20,A,A,D,D,B
1601,12235.0,15.0,0,0,0,F,20,A,B,D,D,B
1601,12236.0,7.0,0,40,20,F,20,A,B,D,D,B
1601,12237.0,24.5,10,20,10,F,20,A,B,D,D,B
1601,12238.0,11.3,30,20,5,F,20,A,D,D,D,B
1601,12239.0,15.0,0,0,0,M,20,A,D,D,D,C
1601,12240.0,4.8,0,0,0,M,20,A,D,D,D,C
1601,12241.0,15.7,70,20,0,M,20,A,D,D,E,C
1601,12242.0,14.3,0,20,0,M,20,A,D,E,E,D
1601,12243.0,15.0,0,0,0,M,20,A,D,E,E,E
2402,12244.0,17.1,0,0,0,F,20,A,A,D,D,B
2402,12245.0,15.0,0,0,0,F,20,A,A,D,D,B
2402,12246.0,15.0,0,0,0,F,20,A,A,D,D,B
2402,12247.0,5.0,0,0,0,F,20,A,A,D,D,C
2402,12248.0,15.0,0,0,0,M,20,A,A,D,D,C
2402,12249.0,3.8,20,5,5,M,20,A,A,D,D,C
2402,12250.0,7.5,5,0,0,M,20,A,A,E,E,C
2402,12251.0,33.6,25,30,0,M,20,A,A,E,E,C
2402,12252.0,3.6,30,0,0,M,23,A,B,E,E,C
904,12253.0,15.0,0,0,0,F,20,A,A,B,B,A
904,12254.0,15.0,0,0,0,F,20,A,A,B,B,A
904,12255.0,15.0,0,0,0,F,20,A,A,B,B,A
904,12256.0,12.3,0,15,0,F,20,A,A,B,B,A
904,12257.0,15.0,0,0,0,F,20,A,A,B,B,A
904,12258.0,15.0,0,0,0,F,20,A,A,B,B,A
904,12259.0,10.4,0,30,0,F,20,A,A,B,B,A
904,12260.0,15.0,0,0,0,F,20,A,A,B,B,A
904,12261.0,15.0,0,0,0,F,20,A,A,B,C,A
904,12262.0,15.0,0,0,0,F,20,A,A,B,C,B
904,12263.0,15.0,0,15,0,F,20,A,A,B,C,B
904,12264.0,15.0,0,0,0,F,20,A,A,B,C,B
904,12265.0,15.0,0,0,0,F,20,A,A,B,C,B
904,12266.0,17.3,0,0,0,F,20,A,A,C,C,B
904,12267.0,4.8,0,0,0,F,20,A,A,C,C,B
904,12268.0,2.4,40,0,0,F,20,A,A,C,D,B
904,12269.0,10.5,0,30,0,F,20,A,B,C,D,B
904,12270.0,7.5,5,0,0,M,20,C,D,E,F,D
904,12271.0,15.0,0,0,0,M,20,C,D,E,F,D
904,12272.0,6.0,10,0,5,M,20,D,D,E,F,E
904,12273.0,14.7,30,0,0,M,20,E,D,E,F,E
904,12274.0,16.3,30,60,5,M,20,E,D,E,F,E
904,12275.0,16.4,10,0,10,M,20,E,F,E,F,E
904,12276.0,3.6,20,0,10,M,20,E,F,E,F,E
904,12277.0,16.5,40,45,10,M,20,,,,,
904,12278.0,11.1,35,20,0,M,20,,,,,
904,12279.0,7.5,0,0,5,M,20,,,,,
4004,12280.0,13.3,0,20,0,M,20,A,A,C,D,C
4004,12281.0,15.0,0,0,10,M,20,A,A,C,D,C
4004,12282.0,30.9,0,0,0,M,20,A,A,C,D,C
4004,12283.0,15.0,80,80,20,M,20,A,A,C,D,D
4004,12284.0,7.5,0,10,0,M,20,A,A,C,D,D
4004,12285.0,12.3,0,20,0,M,20,A,A,D,D,D
4004,12286.0,18.6,0,35,30,M,20,A,A,D,D,D
4004,12287.0,11.7,30,15,10,M,20,A,A,D,D,D
4004,12288.0,10.3,0,0,0,M,20,A,A,D,D,D
4004,12289.0,15.0,25,0,0,M,20,A,A,D,D,D
4004,12290.0,13.9,0,0,15,M,20,A,A,D,D,D
4004,12291.0,8.1,0,5,0,M,20,A,D,D,E,E
4004,12292.0,8.5,0,0,0,M,20,A,D,D,E,E
4004,12293.0,19.6,0,0,0,M,20,A,D,D,E,E
4004,12294.0,1.0,25,5,20,M,20,A,D,E,E,E
4004,12295.0,31.2,0,0,0,M,20,A,D,E,E,E
4004,12296.0,10.7,30,20,10,M,20,A,D,E,E,F
4004,12297.0,8.6,50,0,10,M,20,A,F,E,F,F
4004,12298.0,5.2,0,0,0,M,20,B,F,F,F,F
4004,12299.0,30.1,80,0,0,M,20,B,F,F,F,F
3202,12300.0,16.1,25,0,0,M,20,,,,,
4004,12301.0,17.7,0,0,0,F,20,A,A,A,B,A
4004,12302.0,8.5,0,45,0,F,20,A,A,A,B,A
4004,12303.0,8.5,0,0,0,F,20,A,A,B,B,A
4004,12304.0,16.3,25,0,0,F,20,A,A,B,B,A
4004,12305.0,15.1,0,0,0,F,20,A,A,B,B,B
4004,12306.0,15.1,0,0,0,F,20,A,A,B,C,B
4004,12307.0,8.2,0,45,0,F,20,A,A,B,C,B
4004,12308.0,2.0,45,0,0,F,20,A,A,B,C,B
4004,12309.0,7.5,0,0,0,M,20,A,A,D,D,C
4004,12310.0,8.9,0,0,0,M,20,A,A,D,D,C
4004,12311.0,5.0,30,70,0,M,20,A,A,D,D,C
4004,12312.0,7.5,0,0,0,M,20,A,A,D,D,C
4004,12313.0,7.5,0,0,0,M,20,A,A,D,D,C
4004,12314.0,30.0,0,0,0,M,20,A,A,D,D,C
4004,12315.0,7.5,0,0,0,M,20,A,A,D,D,C
4004,12316.0,7.5,0,0,0,M,20,A,A,D,D,C
4004,12317.0,8.9,50,25,0,M,20,A,A,D,D,C
4004,12318.0,10.7,0,0,0,M,20,A,A,D,D,C
4004,12319.0,31.4,0,0,0,M,20,A,A,D,D,C
4004,12320.0,5.8,0,0,0,M,20,A,A,D,D,C
4004,12321.0,10.1,0,35,0,M,20,A,A,D,E,D
4004,12322.0,30.0,0,0,0,M,20,A,A,D,E,D
4004,12323.0,18.2,0,0,0,M,20,A,A,D,E,D
4004,12324.0,17.9,0,0,0,M,20,A,A,D,E,D
4004,12325.0,30.0,0,0,0,M,20,A,A,D,E,D
4004,12326.0,9.1,0,0,0,M,20,A,A,D,E,E
4004,12327.0,18.6,0,0,10,M,20,A,A,D,E,E
4004,12328.0,8.5,0,0,5,M,20,A,A,D,E,E
4004,12329.0,1.4,10,0,40,M,20,A,A,D,E,E
4004,12330.0,4.0,35,0,0,M,20,A,B,E,E,E
4004,12331.0,14.7,35,0,0,M,20,A,B,E,E,E
4004,12332.0,12.8,50,0,0,M,20,A,C,E,E,E
4004,12333.0,11.7,30,70,30,M,20,A,C,E,E,E
4004,12334.0,18.0,0,0,0,M,20,A,C,E,E,E
4004,12335.0,19.2,50,0,30,M,20,A,C,E,E,E
4004,12336.0,1.4,50,0,0,M,20,A,C,E,E,E
4004,12337.0,17.5,25,0,0,M,20,A,C,E,E,E
4004,12338.0,30.0,0,0,0,M,20,A,C,E,E,E
4004,12339.0,7.5,0,0,0,M,20,A,D,E,E,F
4004,12340.0,11.9,0,25,0,M,20,A,D,E,E,F
4004,12341.0,9.7,10,30,0,M,20,A,D,E,E,F
4004,12342.0,13.3,0,15,0,M,20,A,D,E,E,F
4004,12343.0,2.0,0,0,0,M,20,A,D,E,E,F
1602,12344.0,3.2,10,0,0,F,20,A,A,C,D,B
1602,12345.0,11.7,0,0,30,F,20,A,A,C,D,B
1602,12346.0,17.6,20,0,0,F,20,A,A,C,D,B
1602,12347.0,15.0,0,35,0,F,20,A,A,C,D,B
1602,12348.0,30.0,0,0,0,F,20,A,A,C,D,B
1602,12349.0,4.4,30,5,0,F,20,A,A,C,D,B
1602,12350.0,10.5,0,20,15,F,20,A,A,C,D,B
1602,12351.0,30.5,0,0,0,F,20,A,A,C,D,B
1602,12352.0,7.5,30,0,0,F,20,A,A,D,D,B
1602,12353.0,9.5,0,0,0,F,20,A,A,D,D,B
1602,12354.0,5.0,0,0,0,F,20,A,A,D,D,B
1602,12355.0,2.6,0,0,0,F,20,A,A,D,D,B
1602,12356.0,31.6,0,0,0,F,20,A,A,D,D,B
1602,12357.0,0.0,0,0,0,F,20,A,A,D,D,B
1602,12358.0,2.8,0,45,0,F,20,A,A,D,D,C
1602,12359.0,29.8,0,0,0,F,20,A,A,D,D,C
1602,12360.0,6.0,40,0,0,F,20,A,A,D,D,C
1602,12361.0,14.5,30,60,25,F,20,A,A,D,D,C
1602,12362.0,6.4,20,0,0,F,20,A,A,D,D,C
1602,12363.0,14.5,5,25,10,F,20,A,A,D,E,C
1602,12364.0,26.5,30,5,0,F,20,A,A,D,E,C
1602,12365.0,13.3,25,0,30,F,20,A,A,D,E,C
1602,12366.0,13.5,70,50,0,F,20,A,B,D,E,D
1602,12367.0,23.4,10,45,0,F,20,A,B,E,E,D
1602,12368.0,24.2,0,40,0,F,20,A,B,E,E,D
1602,12369.0,0.0,0,0,0,F,20,A,C,E,E,D
1602,12370.0,19.3,10,65,0,M,20,A,C,E,E,D
1602,12371.0,9.4,0,0,0,M,20,A,D,E,E,D
1602,12372.0,31.5,0,0,0,M,20,A,D,E,E,D
1602,12373.0,18.6,0,0,0,M,20,A,D,E,E,D
1602,12374.0,8.4,75,35,30,M,20,A,D,E,E,E
1602,12375.0,9.5,0,0,0,M,20,A,D,E,E,E
1602,12376.0,20.8,75,0,0,M,20,A,D,F,E,E
1602,12377.0,27.7,10,0,0,M,20,B,D,F,F,F
1602,12378.0,3.6,10,0,30,M,20,E,E,F,F,F
1602,12379.0,8.4,50,0,30,M,20,,,,,
1602,12380.0,2.4,0,0,0,M,20,,,,,
1602,12381.0,7.5,15,0,0,M,20,,,,,
1602,12382.0,15.7,0,0,10,M,20,,,,,
1602,12383.0,29.1,0,0,0,M,20,,,,,
1402,12384.0,20.6,0,0,0,M,20,A,A,D,D,B
1402,12385.0,6.2,0,0,0,M,20,A,A,D,D,B
1402,12386.0,30.3,0,0,0,M,20,A,A,D,D,B
1402,12387.0,18.6,0,0,0,M,20,A,A,D,D,B
1402,12388.0,18.4,0,0,0,M,20,A,A,D,D,B
1402,12389.0,20.4,30,35,10,M,20,A,A,D,D,B
1402,12390.0,23.5,15,30,10,M,20,A,B,D,D,B
1402,12391.0,18.0,10,60,20,M,20,A,B,D,D,C
1402,12392.0,5.0,20,0,10,M,20,A,B,D,D,C
1402,12393.0,7.5,0,15,0,M,20,A,B,E,E,C
1402,12394.0,20.6,0,0,0,M,20,A,D,E,E,D
1402,12395.0,9.5,0,0,0,M,20,A,D,E,E,D
702,12396.0,7.5,15,0,0,F,20,A,A,B,B,A
702,12397.0,17.5,0,0,0,F,20,A,A,B,B,B
702,12398.0,2.4,15,20,15,F,20,A,A,B,B,B
702,12399.0,1.4,10,0,0,F,20,A,A,B,B,B
702,12400.0,19.0,0,0,0,F,20,A,A,C,C,B
702,12401.0,16.9,15,0,0,F,20,A,A,C,C,B
702,12402.0,21.0,0,0,0,F,20,A,A,C,D,B
702,12403.0,9.9,0,0,0,F,20,A,A,D,D,B
702,12404.0,6.6,0,0,0,F,20,A,A,D,D,B
702,12405.0,27.8,0,20,0,F,20,A,A,D,D,B
702,12406.0,0.0,0,20,0,F,20,A,A,D,D,B
702,12407.0,15.0,0,0,10,F,20,A,A,D,D,B
702,12408.0,2.4,30,0,20,F,20,A,A,D,D,C
702,12409.0,4.2,20,20,0,F,20,A,A,D,D,C
702,12410.0,7.4,25,0,0,M,20,A,A,D,D,C
702,12411.0,16.3,30,0,0,M,20,A,B,D,D,C
702,12412.0,30.9,0,0,0,M,20,A,D,E,E,E
702,12413.0,28.9,25,0,0,M,20,A,D,F,E,E
702,12414.0,18.3,25,0,0,M,20,A,D,F,F,F
702,12415.0,11.5,0,0,0,M,20,A,F,F,F,F
702,12416.0,30.9,0,0,0,M,20,,,,,
5401,12417.0,15.0,25,15,0,F,20,A,A,A,B,A
5401,12418.0,6.4,0,0,0,F,20,A,A,B,B,A
5401,12419.0,21.3,20,40,0,F,20,A,A,B,B,A
5401,12420.0,8.5,0,0,0,F,20,A,A,B,B,A
5401,12421.0,19.4,30,15,40,F,20,A,A,B,B,A
5401,12422.0,7.5,0,60,0,F,20,A,A,B,B,A
5401,12423.0,24.6,50,0,0,F,20,A,A,B,B,A
5401,12424.0,12.7,10,5,40,F,20,A,A,B,C,A
5401,12425.0,26.0,40,0,0,F,20,A,A,B,C,A
5401,12426.0,11.2,0,45,20,F,20,A,A,B,C,A
5401,12427.0,27.1,40,45,20,F,20,A,A,B,C,A
5401,12428.0,7.5,25,0,0,F,20,A,A,B,C,A
5401,12429.0,18.7,0,0,0,F,20,A,A,B,C,A
5401,12430.0,17.8,0,0,0,F,20,A,A,B,C,A
5401,12431.0,15.0,0,0,0,F,20,A,A,B,C,A
5401,12432.0,8.5,0,0,10,F,20,A,A,C,C,A
5401,12433.0,15.0,0,40,0,F,20,A,A,C,C,A
5401,12434.0,16.4,0,0,0,F,20,A,A,C,C,A
5401,12435.0,17.6,0,0,0,F,20,A,A,C,C,A
5401,12436.0,15.0,0,10,0,F,20,A,A,C,D,A
5401,12437.0,16.6,0,0,0,F,20,A,A,C,D,A
5401,12438.0,8.9,70,0,10,F,20,A,A,C,D,A
5401,12439.0,21.0,0,0,0,F,20,A,A,C,D,A
5401,12440.0,26.5,40,0,0,F,20,A,A,D,D,C
5401,12441.0,19.4,0,0,0,F,20,A,A,D,D,C
5401,12442.0,7.0,0,0,0,F,20,A,A,D,D,C
5401,12443.0,30.0,0,0,0,F,20,A,A,D,D,C
5401,12444.0,19.4,0,0,0,F,20,A,A,D,D,C
5401,12445.0,3.4,0,0,0,F,20,A,A,D,E,C
5401,12446.0,3.2,0,0,0,F,20,A,A,D,E,C
5401,12447.0,16.3,0,20,0,F,20,A,A,D,E,C
5401,12448.0,19.4,0,0,0,F,20,A,A,D,E,C
5401,12449.0,11.9,0,0,0,F,20,A,A,D,E,C
5401,12450.0,10.4,0,0,0,F,20,A,A,D,E,C
5401,12451.0,11.7,0,0,0,F,20,A,A,D,E,C
5401,12452.0,11.9,0,0,0,F,20,A,A,D,E,C
5401,12453.0,10.1,0,0,0,F,20,A,A,D,E,D
5401,12454.0,18.8,30,0,0,F,20,A,A,D,E,D
5401,12455.0,2.6,10,0,40,M,20,A,B,E,E,D
5401,12456.0,15.3,40,0,0,M,20,A,B,E,E,D
5401,12457.0,30.1,0,0,0,M,20,A,B,E,E,D
5401,12458.0,30.0,0,0,0,M,20,A,B,E,E,D
5401,12459.0,10.4,0,0,0,M,20,A,B,E,E,D
5401,12460.0,7.4,5,0,15,M,20,A,B,E,E,D
5401,12461.0,30.0,0,0,0,M,20,A,B,E,E,E
5401,12462.0,25.5,0,30,0,M,20,A,C,E,E,E
5401,12463.0,12.5,0,30,0,M,37,A,C,E,E,E
5401,12464.0,30.0,0,0,0,M,20,A,D,E,F,E
5401,12465.0,9.5,0,0,5,M,20,A,D,E,F,E
5401,12466.0,22.5,0,40,10,M,20,A,D,E,F,E
5401,12467.0,19.9,10,0,0,M,20,A,D,E,F,E
5401,12468.0,10.1,0,30,15,M,20,A,D,E,F,E
5401,12469.0,32.1,0,0,0,M,20,A,D,E,F,F
5401,12470.0,30.0,0,0,0,M,20,A,D,E,F,F
5401,12471.0,10.7,20,45,5,M,20,A,D,E,F,F
5401,12472.0,13.1,10,15,0,M,20,A,D,E,F,F
5401,12473.0,30.0,0,0,0,M,20,B,D,F,F,F
5401,12474.0,8.5,0,55,0,M,20,B,D,F,F,F
5401,12475.0,30.0,0,0,0,M,20,E,D,F,F,F
5401,12476.0,2.6,0,45,5,M,20,E,D,F,F,F
5401,12477.0,2.6,40,0,10,M,20,E,D,F,F,F
5401,12478.0,30.6,0,0,0,M,20,E,F,F,F,G
5401,12479.0,17.0,0,0,0,M,20,E,F,F,F,G
5401,12480.0,12.5,30,0,0,M,20,,,,,
5401,12481.0,19.4,0,0,0,M,20,,,,,
5401,12482.0,21.5,35,10,30,M,20,,,,,
5401,12483.0,18.4,0,0,0,M,20,,,,,
5401,12484.0,31.6,0,0,0,M,20,,,,,
5401,12485.0,5.4,0,25,0,M,20,,,,,
5401,12486.0,7.5,0,0,0,M,20,,,,,
5401,12487.0,9.5,0,0,10,M,20,,,,,
3502,12488.0,4.4,55,30,0,F,20,A,A,A,B,A
3502,12489.0,10.7,0,0,0,F,20,A,A,B,B,A
3502,12490.0,10.7,0,0,0,F,20,A,A,B,B,A
3502,12491.0,7.5,0,0,0,F,20,A,A,B,B,A
3502,12492.0,30.0,20,0,0,F,20,A,A,B,C,A
3502,12493.0,9.1,0,0,0,F,20,A,A,B,C,A
3502,12494.0,7.5,0,0,0,F,20,A,A,C,C,B
3502,12495.0,7.5,0,0,0,F,20,A,A,C,C,B
3502,12496.0,7.5,0,0,0,F,20,A,A,C,C,B
3502,12497.0,7.5,0,0,0,F,20,A,A,C,C,B
3502,12498.0,15.0,0,30,0,F,20,A,A,C,C,B
3502,12499.0,7.5,0,0,0,F,20,A,A,C,D,B
3502,12500.0,7.5,0,0,0,F,20,A,A,D,D,B
3502,12501.0,7.5,0,0,0,F,20,A,A,D,D,B
3502,12502.0,7.5,0,0,0,F,20,A,A,D,D,B
3502,12503.0,0.0,0,20,20,M,20,A,A,D,D,B
3502,12504.0,7.5,0,0,0,M,20,A,A,D,D,B
3502,12505.0,16.5,5,0,0,M,20,A,A,D,D,B
3502,12506.0,26.4,25,0,0,M,20,A,A,D,D,B
3502,12507.0,7.5,0,0,0,M,20,A,A,D,D,C
3502,12508.0,7.5,0,0,0,M,20,A,A,D,D,C
3502,12509.0,7.5,0,0,0,M,20,A,A,D,D,C
3502,12510.0,19.6,0,0,0,M,20,A,B,D,D,C
3502,12511.0,7.5,0,0,0,M,20,A,B,D,D,C
3502,12512.0,15.0,30,0,0,M,20,A,B,D,E,C
3502,12513.0,7.5,0,0,0,M,20,A,B,D,E,C
3502,12514.0,15.0,50,0,0,M,20,A,B,E,E,C
3502,12515.0,10.5,0,0,0,M,20,A,B,E,E,C
3502,12516.0,6.0,20,0,10,M,20,A,D,E,E,D
3502,12517.0,15.5,0,20,0,M,20,A,D,E,E,D
3502,12518.0,7.5,0,0,0,M,20,B,D,E,F,E
3502,12519.0,7.5,0,0,0,M,20,B,D,E,F,E
3502,12520.0,7.5,0,0,0,M,20,C,D,E,F,E
3502,12521.0,7.5,20,55,20,M,20,C,D,F,F,F
3502,12522.0,18.3,0,0,0,M,20,E,D,F,F,F
3502,12523.0,7.5,20,0,0,M,20,,,,,
3502,12524.0,11.1,0,20,20,M,20,,,,,
702,12525.0,30.0,0,0,10,F,20,A,A,A,B,A
702,12526.0,19.8,0,0,0,F,20,A,A,B,B,B
702,12527.0,14.3,0,20,0,F,20,A,A,B,B,B
702,12528.0,7.5,20,0,0,F,20,A,A,B,B,B
702,12529.0,19.8,0,40,30,F,20,A,A,B,C,B
702,12530.0,9.2,0,0,0,F,20,A,A,B,C,B
702,12531.0,10.8,0,0,0,F,20,A,A,B,C,B
702,12532.0,21.6,0,60,0,F,20,A,A,C,C,B
702,12533.0,7.5,0,0,0,F,20,A,A,C,C,B
702,12534.0,7.5,0,0,0,F,20,A,A,C,D,B
702,12535.0,7.5,0,0,0,F,20,A,A,D,D,C
702,12536.0,7.5,0,0,0,F,20,A,A,D,D,C
702,12537.0,7.5,0,0,0,M,20,A,A,D,D,C
702,12538.0,42.4,10,0,0,M,20,A,A,D,D,C
702,12539.0,7.5,0,0,0,M,20,A,A,D,D,C
702,12540.0,7.5,0,0,20,M,20,A,A,D,D,C
702,12541.0,7.5,0,0,20,M,20,A,A,D,D,C
702,12542.0,10.1,0,0,5,M,20,A,A,D,D,D
1602,12543.0,12.0,0,35,0,F,20,A,A,B,C,A
1602,12544.0,9.5,10,0,0,F,20,A,A,B,C,A
1602,12545.0,13.5,10,15,0,F,20,A,A,B,C,A
1602,12546.0,7.5,0,0,0,F,20,A,A,C,C,B
1602,12547.0,7.5,0,0,0,F,20,A,A,C,C,B
1602,12548.0,2.6,0,20,0,F,20,A,A,C,C,B
1602,12549.0,25.8,0,30,0,F,20,A,A,C,C,B
1602,12550.0,0.0,25,0,0,F,20,A,A,C,C,B
1602,12551.0,17.4,0,0,30,F,20,A,A,C,C,B
1602,12552.0,18.9,25,0,0,F,20,A,A,D,D,B
1602,12553.0,11.9,20,15,30,F,20,A,A,D,D,B
1602,12554.0,7.5,20,0,0,F,20,A,A,D,D,B
1602,12555.0,8.2,50,0,40,F,20,A,A,D,D,B
1602,12556.0,14.1,30,0,20,F,20,A,A,D,D,B
1602,12557.0,7.5,0,0,0,F,20,A,B,D,D,B
1602,12558.0,7.5,0,0,0,F,20,A,B,D,D,B
1602,12559.0,3.2,0,0,0,F,20,A,B,D,D,B
1602,12560.0,6.2,50,45,10,F,20,A,B,D,D,B
1602,12561.0,16.3,40,45,25,F,20,A,B,D,D,B
1602,12562.0,6.8,35,50,15,F,20,A,C,D,D,B
1602,12563.0,16.5,70,30,10,F,20,A,C,D,D,C
1602,12564.0,7.5,0,0,0,M,20,A,C,D,E,C
1602,12565.0,17.1,0,0,0,M,20,A,D,D,E,C
1602,12566.0,17.1,0,0,0,M,20,A,D,D,E,C
1602,12567.0,10.7,0,0,0,M,20,A,D,D,E,C
1602,12568.0,12.3,75,45,0,M,20,A,D,D,E,C
1602,12569.0,24.4,60,0,0,M,20,,,,,
1602,12570.0,0.0,0,0,0,M,20,,,,,
1602,12571.0,0.0,0,0,0,M,20,,,,,
3502,12572.0,0.0,0,0,0,F,20,A,A,A,A,A
3502,12573.0,0.0,0,0,0,F,20,A,A,A,A,A
3502,12574.0,0.0,0,0,0,F,20,A,A,B,B,A
3502,12575.0,0.0,0,0,0,F,20,A,A,B,C,B
3502,12576.0,23.0,0,0,0,F,20,A,A,B,D,B
3502,12577.0,25.7,0,0,40,F,20,A,A,C,D,B
3502,12578.0,0.0,0,0,0,F,20,A,A,C,D,B
3502,12579.0,0.0,0,0,0,M,20,A,A,D,D,B
3502,12580.0,0.0,0,0,0,M,20,A,A,D,D,B
3502,12581.0,23.6,15,40,10,M,20,A,A,D,D,B
3502,12582.0,31.9,0,0,0,M,20,A,B,D,E,B
3502,12583.0,11.2,0,0,0,M,20,A,D,D,E,C
3502,12584.0,0.0,0,0,0,M,20,A,D,D,E,C
3502,12585.0,32.0,0,0,0,M,20,A,D,D,E,C
3502,12586.0,7.6,0,0,0,M,20,A,D,D,E,C
1402,12587.0,7.5,25,0,0,F,20,A,A,B,B,A
1402,12588.0,13.3,20,35,5,F,20,A,A,B,C,B
1402,12589.0,0.0,0,0,0,F,20,A,A,C,D,B
1402,12590.0,11.1,0,0,0,M,20,A,B,D,E,C
1402,12591.0,23.8,30,15,20,M,20,A,D,D,E,C
1402,12592.0,0.0,0,0,0,M,20,A,D,D,F,C
1402,12593.0,13.1,20,30,10,M,20,A,D,D,F,C
1402,12594.0,2.6,35,0,0,M,20,B,D,F,F,C
702,12595.0,0.0,0,0,0,F,20,A,A,A,A,A
702,12596.0,7.0,0,60,20,F,20,A,A,B,A,A
702,12597.0,0.0,0,0,0,F,20,A,A,B,A,A
702,12598.0,12.7,0,0,0,F,20,A,A,B,B,A
702,12599.0,0.0,0,0,0,F,20,A,A,B,B,A
702,12600.0,0.0,0,0,0,F,20,A,A,B,B,A
702,12601.0,0.0,0,0,0,F,20,A,A,B,B,A
702,12602.0,17.5,0,0,25,F,20,A,A,B,B,A
702,12603.0,17.6,0,0,0,F,20,A,A,B,B,A
702,12604.0,16.3,0,0,15,F,20,A,A,B,B,A
702,12605.0,0.0,0,0,0,F,20,A,A,B,B,A
702,12606.0,0.0,0,0,0,F,20,A,A,B,C,A
702,12607.0,0.0,0,0,0,F,20,A,A,B,C,A
702,12608.0,0.0,0,0,0,F,20,A,A,B,C,A
702,12609.0,22.3,0,0,0,M,20,A,A,B,C,B
702,12610.0,18.4,20,5,0,M,20,A,A,B,C,B
702,12611.0,0.0,0,0,0,M,20,A,B,C,C,B
702,12612.0,18.7,0,0,0,M,20,A,B,C,C,B
702,12613.0,0.0,0,0,0,M,20,A,B,C,D,B
702,12614.0,0.0,0,0,0,M,20,A,B,C,D,B
702,12615.0,6.4,20,0,10,M,20,A,B,C,D,B
702,12616.0,11.1,50,20,5,M,20,A,D,D,D,B
702,12617.0,0.0,0,0,0,M,20,A,D,D,E,C
702,12618.0,17.6,0,30,0,M,20,A,D,D,E,D
702,12619.0,15.0,0,0,0,M,20,A,D,E,E,D
702,12620.0,0.0,0,0,0,M,20,A,D,E,F,E
2001,12621.0,0.0,45,0,0,F,20,A,A,A,B,A
2001,12622.0,0.0,0,0,0,F,20,A,A,A,B,A
2001,12623.0,0.0,0,0,0,F,20,A,A,A,B,A
2001,12624.0,0.0,0,0,0,F,20,A,A,A,B,A
2001,12625.0,0.0,0,0,0,F,20,A,A,B,B,A
2001,12626.0,0.0,0,0,0,F,20,A,A,B,B,A
2001,12627.0,25.8,0,50,0,F,20,A,A,B,B,A
2001,12628.0,0.0,0,0,0,F,20,A,A,B,B,A
2001,12629.0,32.9,0,60,15,F,20,A,A,B,B,A
2001,12630.0,9.7,0,0,0,F,20,A,A,B,B,A
2001,12631.0,0.0,0,0,0,F,20,A,A,B,B,A
2001,12632.0,0.0,0,0,0,F,20,A,A,B,B,A
2001,12633.0,0.0,0,0,0,F,20,A,A,B,B,A
2001,12634.0,7.5,0,15,10,F,20,A,A,B,B,A
2001,12635.0,40.9,25,0,0,F,20,A,A,B,B,A
2001,12636.0,0.0,0,0,0,F,20,A,A,B,B,B
2001,12637.0,0.0,0,0,0,F,20,A,B,C,C,B
2001,12638.0,22.2,20,45,10,F,20,A,B,C,D,B
2001,12639.0,0.0,0,0,0,F,20,A,B,C,D,B
2001,12640.0,0.0,0,0,0,F,20,A,B,C,D,B
1502,12641.0,0.0,0,0,0,F,20,A,A,B,B,A
1502,12642.0,1.0,25,35,10,F,20,A,A,B,B,B
1502,12643.0,1.6,20,40,5,F,20,A,A,B,B,B
1502,12644.0,0.0,0,0,0,F,20,A,A,B,C,B
1502,12645.0,16.0,0,0,40,F,20,A,A,B,C,B
1502,12646.0,10.9,0,0,0,F,20,A,A,C,C,B
1502,12647.0,0.0,0,0,0,F,20,A,B,C,D,B
1502,12648.0,0.0,0,0,0,F,20,A,B,D,D,B
1502,12649.0,0.0,0,0,0,F,20,A,B,D,D,B
1502,12650.0,11.5,25,15,30,F,20,A,C,D,D,B
1502,12651.0,0.0,0,0,0,F,20,A,C,D,D,B
1502,12652.0,0.0,0,0,0,F,20,A,D,D,D,B
1502,12653.0,0.0,0,0,0,F,20,A,D,D,E,C
1502,12654.0,8.8,30,60,0,M,20,A,D,D,E,C
1502,12655.0,17.3,30,60,0,M,20,A,D,D,E,C
1502,12656.0,0.0,0,0,0,M,20,A,D,D,E,C
1502,12657.0,12.1,10,15,15,M,20,A,D,D,E,D
1502,12658.0,11.9,0,10,20,M,20,A,D,E,F,D
1502,12659.0,17.0,0,0,15,M,20,B,D,E,F,D
1502,12660.0,8.2,0,0,0,M,20,B,D,F,F,E
1502,12661.0,12.2,40,0,30,M,20,B,F,F,F,F
4004,12662.0,30.3,25,0,0,F,20,A,A,B,A,A
4004,12663.0,31.9,0,0,0,F,20,A,A,B,B,A
4004,12664.0,3.8,0,40,10,F,20,A,A,B,C,B
4004,12665.0,22.5,0,0,0,F,20,A,A,B,C,B
4004,12666.0,18.0,0,0,0,M,20,A,A,C,D,B
4004,12667.0,11.3,0,45,0,M,20,A,A,C,D,C
4004,12668.0,8.4,10,10,0,M,20,A,A,C,D,C
4004,12669.0,20.3,0,0,0,M,20,A,A,C,D,C
4004,12670.0,14.3,15,0,40,M,20,A,A,C,D,C
4004,12671.0,23.5,0,0,0,M,20,A,A,C,D,C
4004,12672.0,24.5,55,0,0,M,20,A,A,D,D,C
4004,12673.0,22.5,0,0,0,M,20,A,A,D,D,C
4004,12674.0,8.5,0,0,20,M,20,A,A,D,D,D
4004,12675.0,4.6,0,0,0,M,20,A,A,D,E,D
4004,12676.0,12.5,0,35,0,M,20,A,A,D,E,D
4004,12677.0,2.0,0,0,0,M,20,A,A,D,E,D
4004,12678.0,5.0,0,20,0,M,20,A,A,D,E,D
4004,12679.0,11.3,0,0,0,M,20,A,B,D,E,D
4004,12680.0,0.0,0,30,0,M,20,A,B,E,E,D
4004,12681.0,3.2,50,5,0,M,20,A,D,E,F,E
4004,12682.0,17.0,15,0,20,M,20,A,D,E,F,E
4004,12683.0,22.5,0,0,0,M,20,A,D,E,F,E
4004,12684.0,26.0,50,0,0,M,20,A,D,F,F,E
4004,12685.0,22.5,0,0,0,M,20,A,D,F,F,F
4004,12686.0,22.5,0,0,0,M,20,A,D,F,F,F
4004,12687.0,22.5,0,0,0,M,20,A,D,F,F,F
4004,12688.0,27.5,35,5,0,M,20,B,F,F,F,G
3502,12689.0,18.8,15,0,10,F,20,A,A,A,B,A
3502,12690.0,22.5,0,0,0,F,20,A,A,A,B,A
3502,12691.0,12.1,50,20,0,F,20,A,A,B,B,B
3502,12692.0,4.4,0,0,0,F,20,A,A,B,B,B
3502,12693.0,16.4,40,0,0,F,20,A,A,B,B,B
3502,12694.0,8.5,15,5,0,F,20,A,A,C,C,B
3502,12695.0,21.5,35,45,0,F,20,A,A,D,D,B
3502,12696.0,22.5,0,0,0,F,20,A,A,D,D,B
3502,12697.0,0.0,30,0,0,F,20,A,A,D,D,C
3502,12698.0,13.5,0,30,0,F,20,A,A,D,D,C
3502,12699.0,16.7,0,0,40,F,20,A,A,D,E,C
3502,12700.0,22.5,0,0,0,F,20,A,A,D,E,D
3502,12701.0,22.5,0,0,0,F,20,A,A,D,E,D
3502,12702.0,21.8,0,0,0,F,20,A,B,E,E,D
3502,12703.0,22.5,0,0,0,M,20,B,D,F,F,F
3502,12704.0,15.0,0,20,0,M,20,,,,,
3502,12705.0,9.5,20,10,0,M,20,,,,,
3502,12706.0,15.3,75,30,0,M,20,,,,,
3502,12707.0,10.7,0,50,0,M,20,,,,,
3502,12708.0,25.8,25,25,0,M,20,,,,,
3502,12709.0,15.0,25,5,20,M,20,,,,,
3502,12710.0,22.5,0,0,0,M,20,,,,,
3502,12711.0,17.2,0,35,0,M,20,,,,,
3502,12712.0,15.0,25,15,10,M,20,,,,,
3502,12713.0,22.5,0,0,0,M,20,,,,,
3502,12714.0,17.5,60,40,0,M,20,,,,,
3502,12715.0,22.5,0,0,0,M,20,,,,,
3502,12716.0,33.9,0,0,0,M,20,,,,,
702,12717.0,18.0,0,0,0,F,20,A,A,B,B,B
702,12718.0,15.0,50,0,0,F,20,A,A,B,B,B
702,12719.0,0.0,0,30,0,F,20,A,A,C,C,B
702,12720.0,12.5,10,25,0,F,20,A,A,D,C,B
702,12721.0,13.5,25,10,25,F,20,A,A,D,C,B
702,12722.0,22.5,0,0,0,F,20,A,A,D,D,B
702,12723.0,17.0,55,50,5,F,20,A,A,D,D,C
702,12724.0,18.0,0,0,0,F,20,A,A,D,D,C
702,12725.0,17.0,10,15,10,F,20,A,A,D,D,C
702,12726.0,15.0,0,0,50,F,20,A,A,D,D,C
702,12727.0,14.5,30,15,10,F,20,A,A,D,D,C
702,12728.0,32.4,0,0,0,F,20,A,A,D,D,C
702,12729.0,13.5,0,0,30,M,20,A,A,D,D,D
1501,12730.0,10.5,15,55,10,F,20,A,A,D,E,C
1501,12731.0,22.5,0,0,0,F,20,A,B,D,E,C
1501,12732.0,22.5,0,0,0,F,20,A,B,D,E,C
1501,12733.0,7.5,20,0,80,F,20,A,C,D,E,D
1501,12734.0,11.3,0,75,0,F,20,A,C,D,E,D
1501,12735.0,22.5,0,0,0,M,20,,,,,
1501,12736.0,2.0,10,35,20,M,20,,,,,
1501,12737.0,4.8,0,0,0,M,20,,,,,
1501,12738.0,8.5,0,0,0,M,20,,,,,
1501,12739.0,14.7,35,0,20,M,20,,,,,
1501,12740.0,7.5,0,0,0,M,20,,,,,
1501,12741.0,14.3,25,0,40,M,20,,,,,
1501,12742.0,11.8,0,0,0,M,20,,,,,
1402,12743.0,6.4,0,50,30,F,20,A,A,A,B,A
1402,12744.0,9.9,10,5,0,F,20,A,A,B,B,A
1402,12745.0,8.4,0,0,0,M,20,A,A,B,C,A
1402,12746.0,30.0,20,0,0,M,20,A,A,B,C,B
1402,12747.0,4.2,0,0,0,M,20,A,A,B,C,B
1402,12748.0,14.5,0,50,0,M,20,A,A,C,C,B
1402,12749.0,9.6,25,0,0,M,20,A,A,D,D,B
1402,12750.0,16.5,30,5,10,M,20,A,A,D,D,C
1402,12751.0,17.0,25,0,15,M,20,A,A,D,D,C
1402,12752.0,14.3,25,10,0,M,20,A,A,D,D,C
1402,12753.0,20.8,0,0,0,M,20,A,A,D,D,C
1402,12754.0,21.0,0,0,0,M,20,A,A,D,D,C
1402,12755.0,8.4,0,0,0,M,20,A,B,D,D,C
1402,12756.0,20.2,25,0,0,M,20,A,D,E,D,C
1402,12757.0,10.1,10,45,0,M,20,A,D,E,E,C
1402,12758.0,7.5,0,0,30,M,20,A,D,E,E,D
3002,12759.0,5.0,0,0,0,F,20,A,A,A,A,A
3002,12760.0,4.4,30,20,0,F,20,A,A,A,B,A
3002,12761.0,0.0,0,0,5,F,20,A,A,A,B,B
3002,12762.0,15.0,0,0,55,F,20,A,A,B,B,B
3002,12763.0,12.9,0,35,0,F,20,A,A,B,B,B
3002,12764.0,0.0,0,5,0,F,20,A,A,B,B,B
3002,12765.0,7.5,30,0,0,F,20,A,A,B,C,B
3002,12766.0,7.5,45,60,0,F,20,A,A,B,C,B
3002,12767.0,9.5,10,70,10,F,20,A,A,C,C,B
3002,12768.0,11.9,0,0,0,F,20,A,A,C,C,B
3002,12769.0,22.6,0,15,50,F,20,A,A,C,C,B
3002,12770.0,18.4,0,0,0,F,20,A,A,C,C,B
3002,12771.0,0.0,0,5,0,M,20,A,A,D,D,B
3002,12772.0,18.6,0,0,0,M,20,A,A,D,D,C
3002,12773.0,17.0,0,10,0,M,20,A,B,D,D,C
3002,12774.0,4.8,0,0,0,M,20,B,D,E,F,D
3002,12775.0,23.4,25,30,0,M,20,C,D,E,F,D
3002,12776.0,7.5,40,65,0,M,38,D,D,E,F,E
3002,12777.0,19.3,0,0,25,M,20,,,,,
3002,12778.0,13.6,0,0,40,M,20,,,,,
3002,12779.0,11.9,0,0,0,M,20,,,,,
1602,12780.0,22.0,0,0,0,F,20,A,A,C,D,B
1602,12781.0,7.5,0,20,10,F,20,A,A,C,D,B
1602,12782.0,8.5,0,0,0,F,20,A,A,C,D,B
1602,12783.0,11.9,30,45,0,F,20,A,A,C,D,B
1602,12784.0,7.5,55,40,10,F,20,A,A,C,D,B
1602,12785.0,7.5,0,0,30,F,20,A,A,C,D,B
1602,12786.0,10.9,0,0,0,F,20,A,A,D,D,C
1602,12787.0,27.0,15,30,5,F,20,A,A,D,D,C
1602,12788.0,22.5,0,0,0,F,20,A,A,D,D,C
1602,12789.0,23.5,0,0,0,F,20,A,A,D,E,C
1602,12790.0,14.5,0,30,0,F,20,A,A,D,E,C
1602,12791.0,9.0,0,0,0,M,20,A,A,D,E,C
1602,12792.0,22.5,0,0,0,M,20,A,A,D,E,C
1602,12793.0,10.9,0,0,0,M,20,A,A,D,E,D
1602,12794.0,18.2,0,20,0,M,20,A,A,D,E,D
1602,12795.0,15.0,0,25,0,M,20,A,A,D,E,D
1602,12796.0,21.4,0,0,0,M,20,A,B,E,E,D
1602,12797.0,9.0,0,0,0,M,20,A,B,E,E,D
1602,12798.0,19.0,0,0,0,M,20,A,B,E,F,D
1602,12799.0,15.9,10,30,10,M,20,A,D,E,F,E
1602,12800.0,21.2,0,0,0,M,20,A,D,E,F,E
1602,12801.0,10.5,25,15,15,M,20,A,D,E,F,E
1602,12802.0,9.1,0,0,0,M,20,A,D,E,F,E
1602,12803.0,7.5,0,0,50,M,20,A,D,E,F,F
1602,12804.0,22.5,40,0,40,M,20,A,D,F,F,F
1602,12805.0,22.5,0,0,0,M,20,A,F,F,F,F
1602,12806.0,13.9,0,0,0,M,20,A,F,F,F,G
5402,12807.0,17.2,0,20,0,F,20,A,A,A,B,A
5402,12808.0,10.5,30,0,0,F,20,A,A,C,D,B
5402,12809.0,18.8,0,0,0,F,20,A,A,C,D,C
5402,12810.0,13.3,35,20,10,F,20,A,A,C,D,C
5402,12811.0,12.7,50,0,20,F,20,A,A,D,D,C
5402,12812.0,1.0,0,0,0,F,20,A,A,D,D,C
5402,12813.0,30.0,30,0,0,F,20,A,A,D,D,C
5402,12814.0,10.1,15,0,0,F,20,A,A,D,D,C
5402,12815.0,14.5,0,30,0,F,20,A,A,E,D,C
5402,12816.0,1.0,0,0,0,F,20,A,A,E,E,C
5402,12817.0,15.0,0,0,0,F,20,A,B,E,E,D
5402,12818.0,18.7,0,25,0,F,20,A,B,E,E,D
5402,12819.0,5.4,0,0,0,F,20,A,B,E,F,D
5402,12820.0,10.0,15,0,0,F,20,A,B,F,F,E
5402,12821.0,9.9,25,0,0,F,20,C,D,F,F,E
5402,12822.0,7.2,0,0,0,F,20,E,D,F,F,F
5402,12823.0,17.3,10,0,30,M,20,,,,,
5402,12824.0,1.0,0,0,0,M,20,,,,,
2402,12825.0,11.5,15,45,20,F,20,A,A,B,A,A
2402,12826.0,8.5,10,15,0,F,20,A,A,B,B,A
2402,12827.0,9.1,0,0,0,F,20,A,A,B,B,A
2402,12828.0,1.0,0,0,0,F,20,A,A,B,B,A
2402,12829.0,16.3,0,15,0,F,20,A,A,B,B,A
2402,12830.0,16.0,30,0,20,F,20,A,A,B,B,A
2402,12831.0,16.0,0,50,0,F,20,A,A,B,B,A
2402,12832.0,22.5,30,50,0,F,20,A,A,B,B,A
2402,12833.0,22.0,0,5,5,F,20,A,A,C,C,B
2402,12834.0,6.4,30,0,10,F,20,A,A,C,C,B
2402,12835.0,12.1,35,30,10,F,20,A,A,C,C,B
2402,12836.0,7.5,0,0,0,F,20,A,A,C,C,B
2402,12837.0,22.8,0,0,0,F,20,A,A,C,C,B
2402,12838.0,2.4,15,40,15,F,20,A,A,C,C,B
2402,12839.0,7.5,0,25,0,F,20,A,A,C,C,B
2402,12840.0,7.5,0,0,0,F,20,A,A,C,D,B
2402,12841.0,24.2,75,0,0,F,20,A,A,D,D,B
2402,12842.0,1.6,0,0,0,F,20,A,A,D,D,B
2402,12843.0,2.6,60,0,10,F,20,A,A,D,D,B
2402,12844.0,7.5,0,0,0,F,20,A,A,D,D,B
2402,12845.0,7.5,0,0,0,F,20,A,A,D,D,B
2402,12846.0,5.6,80,50,65,F,20,A,A,D,D,B
2402,12847.0,5.8,0,0,0,F,20,A,A,D,D,B
2402,12848.0,9.5,0,0,0,F,20,A,A,D,D,B
2402,12849.0,7.5,0,0,0,F,20,A,A,D,D,B
2402,12850.0,7.5,0,0,0,F,20,A,A,D,D,B
2402,12851.0,7.5,0,0,0,F,20,A,A,D,D,B
2402,12852.0,9.5,20,0,0,F,20,A,A,D,D,B
2402,12853.0,1.4,0,0,0,F,20,A,A,D,D,B
2402,12854.0,5.6,0,0,0,M,20,A,A,D,D,C
2402,12855.0,7.5,0,0,0,M,20,A,A,D,D,C
2402,12856.0,19.2,0,0,0,M,20,A,A,D,D,C
2402,12857.0,22.5,0,35,30,M,20,A,A,D,D,C
2402,12858.0,12.3,20,10,25,M,20,A,A,D,D,C
2402,12859.0,20.6,10,0,10,M,20,A,A,D,D,C
2402,12860.0,17.0,0,0,15,M,20,A,A,D,D,C
2402,12861.0,0.0,0,0,10,M,20,A,A,D,D,C
2402,12862.0,9.5,0,0,0,M,20,A,A,D,E,C
2402,12863.0,7.5,0,0,0,M,20,A,A,E,E,C
2402,12864.0,23.0,0,0,0,M,20,A,A,E,E,C
2402,12865.0,8.6,35,35,30,M,20,A,A,E,E,C
2402,12866.0,24.2,70,0,0,M,20,A,B,E,E,C
2402,12867.0,7.5,0,0,0,M,20,A,B,E,E,D
2402,12868.0,11.3,0,0,0,M,20,A,B,E,E,D
2402,12869.0,7.5,0,0,0,M,20,A,B,E,E,D
2402,12870.0,27.5,50,0,0,M,20,A,B,E,E,D
2402,12871.0,19.2,0,0,0,M,20,A,B,E,E,D
2402,12872.0,9.4,0,0,0,M,20,A,C,E,F,D
2402,12873.0,14.1,0,40,10,M,20,A,D,E,F,D
2402,12874.0,30.0,0,25,0,M,20,A,D,E,F,E
2402,12875.0,11.9,30,60,0,M,20,A,D,E,F,E
2402,12876.0,19.4,0,0,0,M,20,A,D,E,F,E
2402,12877.0,11.1,0,0,0,M,20,A,D,E,F,E
2402,12878.0,7.5,5,15,15,M,20,A,D,E,F,E
2402,12879.0,14.9,35,0,0,M,20,A,D,E,F,E
2402,12880.0,7.5,0,0,0,M,20,A,D,E,F,E
2402,12881.0,7.5,0,0,0,M,20,A,D,E,F,E
2402,12882.0,19.0,0,0,25,M,20,A,D,F,F,E
2402,12883.0,9.5,0,0,0,M,20,A,D,F,F,E
2402,12884.0,7.5,0,0,0,M,20,B,D,F,F,F
2402,12885.0,7.5,0,0,0,M,20,C,D,F,F,F
2402,12886.0,7.5,0,0,0,M,20,E,D,F,F,F
2402,12887.0,7.5,0,0,0,M,20,,,,,
2402,12888.0,7.5,0,0,0,M,20,,,,,
2402,12889.0,19.1,0,0,0,M,20,,,,,
2402,12890.0,7.5,35,0,0,M,20,,,,,
2402,12891.0,17.0,0,15,30,M,20,,,,,
2402,12892.0,12.1,5,0,0,M,20,,,,,
2402,12893.0,14.9,15,25,20,M,20,,,,,
2402,12894.0,7.5,10,10,15,M,20,,,,,
2402,12895.0,17.0,15,30,0,M,20,,,,,
2402,12896.0,23.8,0,0,0,M,20,,,,,
2402,12897.0,0.0,0,10,0,M,20,,,,,
2402,12898.0,9.5,0,0,0,M,20,,,,,
2402,12899.0,5.6,0,0,0,M,20,,,,,
2402,12900.0,3.8,0,60,0,M,20,,,,,
2402,12901.0,9.5,0,0,0,M,20,,,,,
2402,12902.0,0.0,70,15,0,M,20,,,,,
2402,12903.0,10.1,40,45,5,M,20,,,,,
2402,12904.0,7.5,35,0,0,M,20,,,,,
2402,12905.0,17.0,20,0,25,M,20,,,,,
2402,12906.0,7.5,0,0,0,M,20,,,,,
2402,12907.0,13.3,40,30,0,M,20,,,,,
2402,12908.0,7.5,0,0,0,M,20,,,,,
4004,12909.0,19.2,0,0,0,M,20,A,A,D,D,B
4004,12910.0,5.8,30,45,15,M,20,A,A,D,D,B
4004,12911.0,7.5,0,0,0,M,20,A,A,D,D,B
4004,12912.0,9.5,35,30,0,M,20,A,A,D,D,B
4004,12913.0,0.0,0,10,0,M,20,A,A,D,D,C
4004,12914.0,0.0,30,15,40,M,20,A,A,D,E,C
4004,12915.0,7.5,0,0,0,M,20,A,A,D,E,C
4004,12916.0,9.5,0,0,0,M,20,A,A,E,E,C
4004,12917.0,21.0,25,0,0,M,20,A,A,E,E,C
4004,12918.0,31.0,0,10,0,M,20,A,A,E,E,D
4004,12919.0,23.3,0,45,15,M,20,A,A,E,E,D
4004,12920.0,15.1,80,20,15,M,20,A,A,E,E,D
4004,12921.0,19.4,0,0,0,M,20,A,A,E,E,D
4004,12922.0,7.5,0,0,0,M,20,A,A,E,E,D
4004,12923.0,4.8,0,30,0,M,20,A,A,E,E,D
4004,12924.0,0.0,10,0,0,M,20,A,A,E,E,D
4004,12925.0,11.8,50,0,30,M,20,A,A,E,E,E
4004,12926.0,0.0,0,0,10,M,20,A,C,E,E,E
4004,12927.0,7.5,15,0,20,M,20,A,D,E,F,E
4004,12928.0,18.4,15,0,20,M,20,A,D,E,F,F
4004,12929.0,21.6,0,0,0,M,20,A,D,E,F,F
4004,12930.0,14.5,55,0,0,M,20,A,F,F,F,F
4004,12931.0,11.9,0,0,5,M,20,A,F,F,F,F
4004,12932.0,28.3,20,5,20,M,20,,,,,
3202,12933.0,19.6,0,15,0,F,20,A,A,B,B,A
3202,12934.0,7.5,0,0,0,F,20,A,A,B,B,B
3202,12935.0,14.6,10,60,50,F,20,A,A,B,B,B
3202,12936.0,0.0,0,0,10,F,20,A,A,B,C,B
3202,12937.0,12.5,0,0,0,F,20,A,A,B,C,B
3202,12938.0,1.6,0,0,0,F,20,A,A,B,C,B
3202,12939.0,17.0,50,65,5,F,20,A,A,B,C,B
3202,12940.0,12.7,0,0,0,F,20,A,A,C,C,B
3202,12941.0,7.0,10,0,30,M,20,A,A,C,D,B
3202,12942.0,0.0,0,0,10,M,20,A,A,C,D,B
3202,12943.0,2.0,0,0,0,M,20,A,A,C,D,B
3202,12944.0,10.9,15,0,0,M,20,A,A,C,D,B
3202,12945.0,17.9,0,20,0,M,20,A,A,C,E,C
3202,12946.0,2.0,0,0,0,M,20,A,A,D,E,C
3202,12947.0,17.4,0,30,0,M,20,A,A,D,E,C
3202,12948.0,18.0,75,25,0,M,20,A,A,D,E,C
3202,12949.0,19.8,30,0,0,M,20,A,A,D,E,C
3202,12950.0,22.2,0,0,0,M,20,A,B,D,E,C
3202,12951.0,4.0,70,45,20,M,20,B,B,D,E,C
3202,12952.0,3.6,0,0,0,M,20,C,C,D,E,D
3202,12953.0,21.0,0,0,0,M,20,E,C,E,F,D
3202,12954.0,7.5,0,40,0,M,20,E,D,E,F,D
3202,12955.0,17.1,0,25,0,M,20,E,D,F,F,E
3202,12956.0,22.0,0,0,0,M,20,E,F,F,F,E
4301,12957.0,8.5,5,5,20,F,20,A,A,A,A,A
4301,12958.0,24.1,0,0,0,F,20,A,A,C,C,B
4301,12959.0,10.9,15,0,0,F,20,A,A,D,C,B
4301,12960.0,15.0,30,30,0,M,20,A,A,D,D,B
4301,12961.0,17.5,30,0,0,M,20,A,B,E,D,D
4301,12962.0,33.4,0,0,0,M,20,A,B,E,E,D
4301,12963.0,0.0,0,0,0,M,20,A,C,E,E,E
4301,12964.0,11.5,0,0,0,M,20,B,D,E,E,E
4301,12965.0,0.0,0,0,0,M,20,B,D,E,E,F
4301,12966.0,34.9,0,0,0,M,20,B,D,E,F,F
4301,12967.0,0.0,0,0,0,M,20,B,F,F,F,F
3202,12968.0,16.0,30,0,25,M,20,,,,,
2001,12969.0,27.3,0,50,0,F,20,A,A,A,A,A
2001,12970.0,7.5,0,30,50,F,20,A,A,A,B,A
2001,12971.0,20.8,0,0,0,F,20,A,A,D,D,D
2001,12972.0,0.0,0,0,0,F,20,A,A,D,D,D
2001,12973.0,30.9,30,0,0,F,20,A,A,D,D,D
2001,12974.0,18.6,20,15,0,F,20,A,A,D,D,D
2001,12975.0,7.5,70,30,10,F,20,A,A,D,D,D
2001,12976.0,6.4,20,15,10,F,20,A,A,D,D,D
2001,12977.0,15.5,55,30,30,F,20,A,A,D,D,D
2001,12978.0,15.0,0,30,0,F,20,A,A,D,D,D
2001,12979.0,5.0,35,10,10,F,20,A,A,D,D,D
2001,12980.0,12.8,50,90,10,F,20,A,A,D,D,D
2001,12981.0,7.5,20,15,5,F,20,A,A,D,D,D
2001,12982.0,19.4,25,0,0,F,20,A,A,D,D,D
2001,12983.0,7.5,20,0,20,F,20,A,A,D,D,D
2001,12984.0,18.6,0,25,0,F,20,A,A,D,D,D
2001,12985.0,13.1,0,0,0,F,20,A,A,D,E,D
2001,12986.0,0.0,0,0,0,F,20,A,A,D,E,D
2001,12987.0,16.0,30,5,20,F,20,A,A,D,E,D
2001,12988.0,8.5,30,0,0,F,20,A,A,D,E,D
2001,12989.0,20.7,20,0,5,F,20,A,A,D,E,E
2001,12990.0,8.1,10,0,0,F,20,A,A,D,E,E
2001,12991.0,9.9,0,0,0,F,20,B,A,D,E,E
2001,12992.0,8.0,20,10,5,F,20,B,A,D,E,E
2001,12993.0,16.0,10,45,0,F,20,B,A,D,E,E
2001,12994.0,2.0,40,30,5,F,20,B,B,E,F,E
2001,12995.0,7.5,0,40,0,F,20,B,B,E,F,E
2001,12996.0,10.5,40,50,0,F,20,B,B,E,F,E
2001,12997.0,22.5,0,0,10,F,20,B,C,E,F,E
2001,12998.0,11.5,40,45,0,F,20,B,C,E,F,E
2001,12999.0,8.4,0,20,10,F,20,B,D,E,F,E
2001,13000.0,2.0,0,0,0,F,20,B,D,E,F,E
2001,13001.0,7.5,0,0,0,F,20,B,D,E,F,E
2001,13002.0,6.4,0,0,0,F,20,B,D,E,F,E
2001,13003.0,22.5,0,0,0,F,20,B,D,E,F,F
2001,13004.0,18.7,25,0,0,F,20,B,D,E,F,F
2001,13005.0,4.6,20,0,40,F,20,B,D,F,F,F
2001,13006.0,9.4,30,45,25,F,20,D,F,F,F,F
2001,13007.0,13.5,50,15,10,M,20,E,F,F,F,F
3502,13008.0,22.5,0,0,0,F,20,A,A,A,B,A
3502,13009.0,22.5,0,0,0,F,20,A,A,B,B,A
3502,13010.0,32.8,0,0,20,F,20,A,A,B,B,B
3502,13011.0,7.5,50,0,65,F,20,A,A,B,B,B
3502,13012.0,5.4,30,0,25,F,20,A,A,B,C,B
3502,13013.0,15.0,0,0,0,F,20,A,A,B,C,B
3502,13014.0,22.5,0,0,0,F,20,A,A,B,C,B
3502,13015.0,5.6,0,20,10,F,20,A,A,C,C,B
3502,13016.0,16.5,20,35,0,M,20,A,A,C,C,B
3502,13017.0,22.5,0,0,0,M,20,A,A,C,D,B
3502,13018.0,7.5,50,0,65,M,20,A,A,C,D,B
3502,13019.0,8.5,0,0,0,M,20,A,A,C,D,B
3502,13020.0,2.2,0,0,0,M,20,A,A,C,D,B
3502,13021.0,22.5,0,0,0,M,20,A,A,C,D,B
3502,13022.0,22.5,0,0,0,M,20,A,A,C,D,B
3502,13023.0,22.5,0,0,0,M,20,A,B,D,D,C
3502,13024.0,22.5,0,0,0,M,20,A,D,D,D,C
3502,13025.0,22.5,0,0,0,M,20,A,D,D,D,C
3502,13026.0,10.1,0,0,0,M,20,,,,,
702,13027.0,17.2,20,20,10,F,20,A,A,A,A,B
702,13028.0,18.1,20,5,20,F,20,A,A,B,B,B
702,13029.0,15.0,0,0,0,F,20,A,A,B,B,B
702,13030.0,7.8,40,0,0,F,20,A,A,B,B,B
702,13031.0,15.0,0,0,0,F,20,A,A,B,B,B
702,13032.0,22.5,0,0,0,F,20,A,A,C,C,B
702,13033.0,22.5,0,0,0,F,20,A,A,C,C,C
702,13034.0,17.0,0,20,0,F,20,A,A,C,C,C
702,13035.0,30.9,0,25,0,F,20,A,A,C,C,C
702,13036.0,22.5,0,0,0,F,20,A,A,C,C,C
702,13037.0,8.5,10,0,25,M,20,A,A,D,C,C
702,13038.0,22.5,0,0,0,M,20,A,A,D,D,C
702,13039.0,8.2,100,80,5,M,20,A,A,D,D,D
702,13040.0,4.2,0,0,0,M,20,A,A,D,D,D
702,13041.0,15.0,0,0,0,M,20,A,A,D,E,D
702,13042.0,15.0,0,0,0,M,20,A,A,D,E,D
702,13043.0,20.0,0,0,0,M,20,A,A,D,E,D
702,13044.0,26.5,0,0,0,M,20,A,D,E,F,E
1601,13045.0,15.0,0,0,0,F,20,A,A,B,B,A
1601,13046.0,22.5,0,0,0,F,20,A,A,B,B,A
1601,13047.0,22.5,0,0,0,F,20,A,A,C,D,B
1601,13048.0,22.5,0,0,0,F,20,A,A,C,D,B
1601,13049.0,22.5,0,0,0,F,20,A,A,C,D,B
1601,13050.0,18.9,0,25,0,F,20,A,A,D,D,C
1601,13051.0,10.1,0,0,0,F,20,A,A,D,D,C
1601,13052.0,22.5,0,0,0,F,20,A,A,D,D,C
1601,13053.0,17.2,10,0,40,F,20,A,A,D,E,D
1601,13054.0,13.9,20,0,50,F,20,A,A,D,E,D
1601,13055.0,18.6,15,25,0,F,20,A,A,E,E,D
1601,13056.0,9.1,20,10,0,F,20,A,A,E,E,E
1601,13057.0,21.4,25,50,20,F,20,A,A,F,E,E
1601,13058.0,12.3,10,0,0,M,20,A,A,F,F,E
1601,13059.0,28.2,30,10,10,M,20,A,A,F,F,E
1601,13060.0,29.2,25,0,0,M,20,A,A,F,F,E
1601,13061.0,13.1,0,45,0,M,20,A,A,F,F,F
1601,13062.0,6.4,0,0,0,M,20,A,A,F,F,F
4004,13063.0,22.5,0,0,0,F,20,A,A,B,C,B
4004,13064.0,6.6,30,45,15,M,20,A,A,B,D,D
4004,13065.0,19.1,5,15,15,M,20,A,A,C,D,D
4004,13066.0,22.5,0,0,0,M,20,A,A,C,D,D
4004,13067.0,15.0,0,0,0,M,20,A,A,D,D,D
4004,13068.0,20.0,0,0,0,M,20,A,A,D,D,E
4004,13069.0,8.5,0,0,0,M,20,A,A,D,D,E
4004,13070.0,18.0,25,5,15,M,20,A,A,D,D,E
4004,13071.0,13.9,10,30,0,M,20,A,A,D,D,E
4004,13072.0,22.5,0,0,0,M,20,A,A,D,E,E
4004,13073.0,22.5,0,0,0,M,20,A,A,D,E,E
4004,13074.0,20.0,0,0,0,M,20,A,A,E,E,E
4004,13075.0,14.9,0,50,0,M,20,A,A,E,E,E
4004,13076.0,18.6,10,0,30,M,20,A,A,E,E,E
4004,13077.0,10.3,10,0,10,M,20,A,A,E,E,E
4004,13078.0,22.5,0,0,0,M,20,A,A,E,E,F
4004,13079.0,22.5,0,0,0,M,20,A,A,E,E,F
4004,13080.0,7.2,0,70,15,M,20,A,A,E,E,F
4004,13081.0,8.5,30,45,0,M,20,A,A,E,E,F
4004,13082.0,4.2,75,30,0,M,20,A,A,E,E,F
4004,13083.0,22.5,0,0,0,M,20,A,A,E,E,F
4004,13084.0,22.6,0,0,0,M,20,A,A,E,E,F
4004,13085.0,10.1,0,0,0,M,20,A,A,E,E,F
4004,13086.0,11.3,10,5,0,M,20,A,B,F,F,F
4004,13087.0,22.5,0,0,0,M,20,A,C,F,F,F
4004,13088.0,22.5,0,0,0,M,20,A,C,F,F,G
4004,13089.0,22.5,0,0,0,M,20,A,C,F,F,G
4004,13090.0,22.5,0,0,0,M,20,A,C,F,F,G
4004,13091.0,22.5,0,0,0,M,20,A,D,F,F,G
4004,13092.0,22.5,0,0,0,M,20,A,F,F,F,G
4004,13093.0,22.5,0,0,0,M,20,,,,,
4004,13094.0,10.3,20,0,0,M,20,,,,,
4004,13095.0,27.4,10,35,10,M,20,,,,,
4004,13096.0,16.0,0,0,30,M,20,,,,,
3202,13097.0,8.8,0,0,0,F,20,A,A,B,B,A
3202,13098.0,8.8,0,0,0,F,20,A,A,B,B,A
3202,13099.0,17.6,0,50,0,F,20,A,A,B,D,B
3202,13100.0,1.0,0,40,0,F,20,A,A,D,D,B
3202,13101.0,17.3,30,0,20,M,20,A,B,D,D,B
3202,13102.0,25.1,0,0,0,M,20,A,B,D,D,B
3202,13103.0,27.8,50,30,50,M,20,A,D,D,D,B
3202,13104.0,16.7,0,15,25,M,20,A,D,D,D,B
3202,13105.0,5.6,20,10,25,M,20,A,D,D,E,C
3202,13106.0,33.2,0,0,10,M,20,C,D,E,F,D
2001,13107.0,10.5,0,0,0,F,20,A,A,B,B,A
2001,13108.0,22.9,0,0,0,F,20,A,A,B,B,A
2001,13109.0,10.5,0,0,0,F,20,A,B,C,C,A
2001,13110.0,10.5,0,0,0,F,20,A,D,C,C,A
2001,13111.0,22.8,0,0,0,F,20,A,D,C,D,A
2001,13112.0,2.6,55,0,0,F,20,A,D,C,D,A
2001,13113.0,23.9,0,0,0,F,20,A,D,D,D,B
2001,13114.0,10.1,0,55,15,F,20,A,D,D,D,B
2001,13115.0,11.5,0,60,0,F,20,B,D,D,D,B
2001,13116.0,10.5,0,0,0,F,20,B,D,D,E,B
2001,13117.0,12.3,0,0,0,F,20,B,D,D,E,B
2001,13118.0,11.5,50,35,5,F,20,B,D,D,E,B
2001,13119.0,12.7,10,0,0,F,20,B,D,D,E,C
2001,13120.0,8.4,0,15,0,F,20,E,F,F,F,D
2001,13121.0,11.4,100,0,65,F,20,,,,,
2402,13122.0,20.4,0,0,0,F,20,A,A,A,B,A
2402,13123.0,35.7,0,0,0,F,20,A,A,B,B,A
2402,13124.0,14.7,55,0,0,F,20,A,A,B,B,A
2402,13125.0,22.7,0,0,0,F,20,A,A,B,B,A
2402,13126.0,12.7,10,0,0,F,20,A,A,B,B,A
2402,13127.0,2.6,0,0,0,F,20,A,A,B,B,A
2402,13128.0,19.4,20,0,15,F,20,A,A,B,B,A
2402,13129.0,23.0,0,15,0,F,20,A,A,B,C,A
2402,13130.0,24.9,0,0,0,F,20,A,A,B,C,A
2402,13131.0,20.4,50,35,20,F,20,A,A,B,C,A
2402,13132.0,17.6,50,0,0,F,20,A,A,B,C,A
2402,13133.0,12.3,40,45,0,F,20,A,A,B,C,A
2402,13134.0,7.0,0,0,0,F,20,A,A,B,C,A
2402,13135.0,18.5,55,30,15,F,20,A,A,C,C,A
2402,13136.0,24.3,55,15,0,F,20,A,A,C,D,A
2402,13137.0,17.0,15,35,5,F,20,A,A,C,D,A
2402,13138.0,2.0,0,5,0,F,20,A,A,C,D,A
2402,13139.0,10.6,60,45,65,F,20,A,A,C,D,A
2402,13140.0,12.9,30,30,20,F,20,A,A,C,D,A
2402,13141.0,16.7,20,15,20,F,20,A,A,C,D,B
2402,13142.0,10.6,0,0,0,F,20,A,A,C,D,B
2402,13143.0,30.8,0,15,10,F,20,A,A,C,D,B
2402,13144.0,25.2,10,30,15,F,20,A,A,C,D,B
2402,13145.0,18.8,15,10,15,F,20,A,A,C,D,B
2402,13146.0,26.5,15,30,20,F,20,A,A,C,D,B
2402,13147.0,22.5,20,35,35,F,20,A,A,C,D,B
2402,13148.0,2.6,0,30,0,F,20,A,A,C,D,B
2402,13149.0,15.0,0,35,0,F,20,A,B,C,D,B
2402,13150.0,22.8,0,0,0,M,20,A,B,C,D,B
2402,13151.0,19.0,0,10,0,M,20,A,B,D,D,B
2402,13152.0,7.5,10,65,0,M,20,A,B,D,D,B
2402,13153.0,15.0,0,65,0,M,20,A,B,D,D,B
2402,13154.0,19.9,20,0,0,M,20,A,B,D,D,B
2402,13155.0,7.2,10,10,25,M,20,A,B,D,D,B
2402,13156.0,8.9,20,0,15,M,20,A,B,D,D,B
2402,13157.0,28.6,20,30,0,M,20,A,B,D,D,B
2402,13158.0,14.9,10,35,20,M,20,A,B,D,D,B
2402,13159.0,9.5,15,5,10,M,20,A,B,D,D,B
2402,13160.0,13.3,0,5,0,M,20,A,C,D,D,B
2402,13161.0,10.6,35,60,0,M,20,A,D,D,D,B
2402,13162.0,15.0,30,5,30,M,20,A,D,D,D,B
2402,13163.0,25.0,0,25,40,M,20,A,D,D,E,B
2402,13164.0,7.5,0,0,0,M,20,A,D,D,E,B
2402,13165.0,7.5,0,0,0,M,20,A,D,D,E,C
2402,13166.0,7.5,0,0,0,M,20,A,D,E,E,C
2402,13167.0,7.5,0,0,0,M,20,A,D,E,E,C
2402,13168.0,7.5,0,0,0,M,20,A,D,E,E,C
2402,13169.0,19.8,15,5,15,M,20,A,D,E,E,D
2402,13170.0,30.3,40,0,0,M,20,A,D,E,E,D
2402,13171.0,7.5,0,0,0,M,20,A,D,E,E,D
2402,13172.0,7.5,0,0,0,M,20,A,D,E,E,D
2402,13173.0,6.0,0,20,0,M,20,A,D,E,E,E
2402,13174.0,7.5,0,0,0,M,20,B,D,E,F,E
702,13175.0,10.9,0,0,0,M,20,A,A,C,D,A
702,13176.0,7.5,0,0,0,M,20,A,A,C,D,A
702,13177.0,7.4,0,0,0,M,20,A,B,C,D,B
702,13178.0,7.5,0,0,0,M,20,A,B,D,D,B
702,13179.0,7.5,0,0,0,M,20,A,B,D,D,B
702,13180.0,7.5,0,0,0,M,20,A,B,D,D,B
702,13181.0,7.5,0,0,0,M,20,A,C,D,D,B
702,13182.0,7.5,0,0,0,M,20,A,D,D,D,B
702,13183.0,7.5,0,0,0,M,20,B,D,D,E,B
702,13184.0,18.4,0,15,0,M,20,B,D,D,E,B
702,13185.0,7.5,0,0,0,M,20,B,D,E,F,B
702,13186.0,7.5,0,0,0,M,20,B,D,E,F,C
702,13187.0,29.7,10,25,10,M,20,B,D,F,F,D
702,13188.0,9.1,0,25,0,M,20,C,D,F,F,E
702,13189.0,7.5,0,0,0,M,20,,,,,
702,13190.0,20.0,0,0,5,M,20,,,,,
702,13191.0,0.6,0,45,0,M,20,,,,,
702,13192.0,14.4,65,45,40,M,20,,,,,
702,13193.0,7.5,0,0,0,M,20,,,,,
1402,13194.0,7.5,0,0,0,F,20,A,A,B,B,B
1402,13195.0,34.0,0,0,0,F,20,A,A,B,B,B
1402,13196.0,7.5,0,0,0,F,20,A,D,C,D,C
1402,13197.0,11.1,0,0,0,F,20,A,D,D,D,C
1402,13198.0,0.0,20,0,0,M,20,A,D,D,E,C
1402,13199.0,19.4,10,25,5,M,20,A,D,D,E,C
1402,13200.0,7.5,0,0,0,M,20,A,D,D,E,E
1402,13201.0,15.6,0,0,0,M,20,A,F,F,F,E
1402,13202.0,37.5,0,0,0,M,20,A,F,F,F,E
1402,13203.0,15.9,0,40,0,M,20,,,,,
4004,13204.0,10.1,0,80,0,F,20,A,A,B,C,A
4004,13205.0,7.5,0,0,0,F,20,A,A,C,D,B
4004,13206.0,7.5,0,0,0,F,20,A,A,C,D,B
4004,13207.0,7.5,55,20,15,F,20,A,A,C,D,B
4004,13208.0,26.4,25,0,40,F,20,A,A,D,D,B
4004,13209.0,7.5,0,0,0,F,20,A,A,D,D,B
4004,13210.0,23.2,0,0,0,F,20,A,A,D,D,B
4004,13211.0,23.4,0,0,0,F,20,A,A,D,D,B
4004,13212.0,7.5,0,0,0,F,20,A,A,D,D,C
4004,13213.0,7.5,25,0,20,M,20,A,A,D,D,C
4004,13214.0,19.8,35,0,0,M,20,A,A,D,D,C
4004,13215.0,7.5,0,0,0,M,20,A,A,D,D,C
4004,13216.0,15.3,100,30,10,M,20,A,A,D,D,C
4004,13217.0,11.1,10,0,10,M,20,A,A,D,D,C
4004,13218.0,0.0,0,0,20,M,20,A,A,D,D,C
4004,13219.0,25.2,0,0,0,M,20,A,A,D,D,C
4004,13220.0,22.5,20,0,0,M,20,A,A,D,D,D
4004,13221.0,12.7,20,60,5,M,20,A,A,D,E,D
4004,13222.0,2.6,0,5,0,M,20,A,A,D,E,D
4004,13223.0,4.2,0,60,10,M,20,A,A,D,E,D
4004,13224.0,22.5,20,0,0,M,20,A,A,D,E,D
4004,13225.0,7.5,0,0,0,M,20,A,A,E,E,D
4004,13226.0,8.5,30,0,10,M,20,A,A,E,E,D
4004,13227.0,21.4,50,30,20,M,20,A,A,E,E,D
4004,13228.0,7.5,0,0,0,M,20,A,A,E,E,D
4004,13229.0,3.2,20,45,10,M,20,A,A,E,E,E
4004,13230.0,8.4,50,0,0,M,20,A,A,E,E,E
4004,13231.0,7.5,0,0,0,M,20,A,A,E,E,E
4004,13232.0,7.5,0,0,0,M,20,A,A,E,E,E
4004,13233.0,15.4,0,35,0,M,20,A,A,E,E,E
4004,13234.0,17.6,0,45,65,M,20,A,A,E,E,E
4004,13235.0,7.5,0,0,0,M,20,A,A,E,E,E
4004,13236.0,7.5,0,0,0,M,20,A,A,E,E,E
4004,13237.0,7.5,0,0,0,M,20,A,A,E,E,E
4004,13238.0,28.8,0,20,20,M,20,A,A,E,E,E
4004,13239.0,7.5,0,0,0,M,20,A,A,E,E,E
4004,13240.0,7.5,0,0,0,M,20,A,D,E,F,F
4004,13241.0,7.5,0,0,0,M,20,A,D,E,F,F
4004,13242.0,7.5,0,0,0,M,20,A,D,E,F,F
4004,13243.0,12.3,35,20,0,M,20,A,D,E,F,F
4004,13244.0,7.5,0,0,0,M,20,A,D,E,F,F
4004,13245.0,7.5,0,0,0,M,20,A,D,E,F,F
4004,13246.0,7.5,0,0,0,M,20,A,D,E,F,F
4004,13247.0,7.5,0,0,0,M,20,A,D,F,F,F
4004,13248.0,7.5,0,0,0,M,20,A,D,F,F,F
4004,13249.0,7.5,0,0,0,M,20,A,D,F,F,F
4004,13250.0,7.5,0,0,0,M,20,A,D,F,F,F
4004,13251.0,3.6,25,0,0,M,20,A,D,F,F,F
4004,13252.0,18.0,0,20,0,M,20,A,D,F,F,F
4004,13253.0,7.5,0,0,0,M,20,A,D,F,F,F
4004,13254.0,7.5,0,0,0,M,20,A,D,F,F,F
4004,13255.0,8.5,10,30,0,M,20,A,F,F,F,F
4004,13256.0,7.5,0,0,0,M,20,,,,,
1502,13257.0,7.5,0,0,0,F,20,A,A,C,C,B
1502,13258.0,34.0,0,0,0,F,20,A,A,C,C,B
1502,13259.0,7.5,0,0,0,F,20,A,A,D,D,B
1502,13260.0,7.5,0,0,0,F,20,A,B,D,D,B
1502,13261.0,17.7,15,15,20,F,20,A,D,D,D,B
1502,13262.0,7.5,20,25,0,F,20,A,D,D,D,B
1502,13263.0,11.3,0,0,20,M,20,A,D,D,D,B
1502,13264.0,7.8,25,0,20,M,20,A,D,D,D,C
1502,13265.0,7.5,0,0,0,M,20,A,D,D,D,C
1502,13266.0,7.5,0,0,0,M,20,A,D,D,D,C
1502,13267.0,7.5,0,0,0,M,20,A,D,E,E,C
1502,13268.0,7.5,0,0,0,M,20,B,D,E,F,E
1502,13269.0,7.5,0,0,0,M,20,B,D,F,F,E
1502,13270.0,7.5,0,0,0,M,20,B,D,F,F,F
1502,13271.0,7.5,0,0,0,M,20,,,,,
1602,13272.0,8.5,0,0,40,F,20,A,A,A,B,A
1602,13273.0,7.5,0,0,0,F,20,A,B,D,D,B
1602,13274.0,7.5,0,0,0,F,20,A,B,D,D,B
1602,13275.0,7.5,0,0,0,F,20,A,D,E,D,B
1602,13276.0,7.5,0,0,0,F,20,A,D,E,E,C
1602,13277.0,7.5,0,0,0,F,20,A,D,E,E,D
1602,13278.0,7.5,0,0,0,M,20,A,D,E,E,D
1602,13279.0,7.5,0,0,0,M,20,A,D,F,E,E
1602,13280.0,3.0,0,0,0,M,20,,,,,
1602,13281.0,17.0,0,0,0,M,20,,,,,
3001,13282.0,7.5,0,0,0,F,20,A,A,A,A,A
3001,13283.0,7.5,0,0,0,F,20,A,A,B,B,A
3001,13284.0,7.5,0,0,0,F,20,A,A,B,B,A
3001,13285.0,34.0,0,0,0,M,20,A,A,B,B,B
3001,13286.0,7.5,0,0,0,M,20,A,A,C,C,B
3001,13287.0,7.5,0,35,10,M,20,A,A,C,C,B
3001,13288.0,24.5,5,0,0,M,20,A,A,D,D,B
3001,13289.0,1.6,10,0,0,M,20,A,A,D,D,C
3001,13290.0,19.8,25,0,10,M,20,A,A,D,D,C
3001,13291.0,11.1,20,0,0,M,20,A,A,D,E,C
3001,13292.0,20.1,10,80,20,M,20,A,A,D,E,D
3001,13293.0,10.7,15,10,0,M,20,E,F,F,F,D
3001,13294.0,0.0,30,35,30,M,20,,,,,
2402,13295.0,3.6,0,0,0,F,20,A,A,B,B,A
2402,13296.0,1.0,0,0,0,F,20,A,A,B,B,A
2402,13297.0,22.5,0,0,0,F,20,A,A,B,B,B
2402,13298.0,22.5,0,0,0,F,20,A,A,B,B,B
2402,13299.0,13.2,40,0,45,F,20,A,A,B,B,B
2402,13300.0,5.8,0,10,0,M,20,A,A,B,C,B
2402,13301.0,17.2,0,0,0,M,20,A,A,C,D,B
2402,13302.0,22.5,0,0,0,M,20,A,A,C,D,B
2402,13303.0,22.5,0,0,0,M,20,A,B,C,D,B
2402,13304.0,14.5,0,0,0,M,20,A,D,D,D,C
2402,13305.0,11.2,0,0,0,M,20,A,D,D,D,C
2402,13306.0,31.9,0,20,0,M,20,A,D,D,E,E
702,13307.0,18.1,0,20,0,F,20,A,A,B,B,A
702,13308.0,23.5,0,0,0,F,20,A,A,B,B,B
702,13309.0,31.0,0,40,0,F,20,A,A,B,B,B
702,13310.0,32.7,0,25,0,M,20,B,A,C,C,B
702,13311.0,21.0,0,25,0,M,20,B,A,C,C,B
702,13312.0,16.7,60,0,0,M,20,B,A,C,C,B
702,13313.0,10.9,15,0,10,M,20,B,A,D,C,B
702,13314.0,6.4,75,25,0,M,20,B,B,D,D,B
702,13315.0,22.5,0,0,0,M,20,C,B,D,E,C
702,13316.0,12.4,0,15,50,M,20,D,F,E,E,C
904,13317.0,19.2,0,30,0,F,20,A,A,B,B,A
904,13318.0,5.2,75,30,0,F,20,A,A,B,B,A
904,13319.0,47.8,0,0,0,F,20,A,A,B,B,A
904,13320.0,0.0,15,55,30,F,20,A,A,B,B,A
904,13321.0,10.1,10,20,0,F,20,A,A,B,C,A
904,13322.0,3.6,0,0,0,F,20,A,A,C,C,A
904,13323.0,16.3,0,0,0,F,20,A,A,C,C,A
904,13324.0,23.8,0,0,0,F,20,A,A,C,C,B
904,13325.0,23.8,0,0,0,F,20,A,A,C,C,B
904,13326.0,45.7,0,15,0,F,20,A,A,C,D,B
904,13327.0,23.8,0,0,0,F,20,A,A,C,D,B
904,13328.0,11.5,0,0,0,F,20,A,A,D,D,B
904,13329.0,7.5,0,0,15,F,20,A,A,D,D,B
904,13330.0,33.9,10,0,10,F,20,A,A,D,D,B
904,13331.0,12.3,10,60,20,F,20,B,A,D,D,B
904,13332.0,19.6,25,5,10,F,20,B,A,D,D,C
904,13333.0,16.1,0,0,0,F,20,B,A,E,D,C
904,13334.0,10.3,0,0,30,M,20,B,A,E,D,C
904,13335.0,13.1,50,10,25,M,20,E,A,E,E,D
904,13336.0,14.7,30,45,0,M,20,E,B,E,E,D
904,13337.0,2.2,10,0,0,M,20,E,B,E,E,D
904,13338.0,15.4,20,45,5,M,20,E,D,E,E,D
904,13339.0,12.5,0,15,0,M,20,E,D,F,E,E
904,13340.0,11.1,20,5,0,M,20,,,,,
904,13341.0,22.5,0,0,0,M,20,,,,,
2501,13342.0,4.6,0,20,0,F,20,A,A,A,A,A
2501,13343.0,13.5,10,0,0,F,20,A,A,B,A,A
2501,13344.0,13.5,0,0,10,F,20,A,A,B,B,A
2501,13345.0,0.0,50,45,5,F,20,A,A,B,B,A
2501,13346.0,13.3,0,0,0,F,20,A,A,C,B,A
2501,13347.0,9.5,20,15,0,F,20,A,A,C,C,A
2501,13348.0,2.4,0,35,0,M,20,,,,,
905,13349.0,7.8,0,0,0,F,20,A,A,B,B,A
905,13350.0,9.5,0,0,0,F,20,A,A,B,B,A
905,13351.0,16.0,10,15,40,F,20,A,A,B,C,A
905,13352.0,11.3,0,0,0,M,20,B,D,F,F,E
905,13353.0,11.2,0,0,0,M,20,,,,,
906,13354.0,9.6,0,25,0,F,20,A,A,A,A,A
906,13355.0,23.0,0,60,15,F,20,A,A,A,B,A
906,13356.0,14.5,30,45,0,F,20,A,A,A,B,A
906,13357.0,21.8,90,0,10,F,20,A,A,B,B,A
906,13358.0,16.0,0,0,0,F,20,A,A,B,B,A
906,13359.0,21.4,90,0,15,F,20,A,A,B,B,B
906,13360.0,1.6,0,0,0,F,20,A,A,B,B,B
906,13361.0,11.5,0,0,0,M,20,B,A,D,D,C
906,13362.0,5.4,15,0,0,M,20,E,D,E,F,E
2402,13363.0,12.1,25,0,0,F,20,A,A,A,B,A
2402,13364.0,8.9,30,0,10,F,20,A,A,A,B,A
2402,13365.0,9.1,15,5,20,F,20,A,A,B,B,A
2402,13366.0,0.0,20,0,5,F,20,A,A,B,C,B
2402,13367.0,17.6,20,5,30,F,20,A,A,C,C,B
2402,13368.0,19.7,20,75,20,F,20,A,A,C,C,B
2402,13369.0,6.6,20,25,10,F,20,A,A,C,C,B
2402,13370.0,0.0,25,0,0,F,20,A,A,C,C,B
2402,13371.0,11.1,25,0,0,F,20,A,A,C,C,B
2402,13372.0,10.1,0,0,0,F,20,A,A,C,D,B
2402,13373.0,18.6,0,20,0,F,20,A,A,C,D,C
2402,13374.0,10.1,0,25,0,F,20,A,A,C,D,C
2402,13375.0,7.5,0,0,0,F,20,A,A,C,D,C
2402,13376.0,15.0,0,0,0,F,20,A,A,D,D,C
2402,13377.0,23.0,10,0,10,F,20,A,A,D,D,C
2402,13378.0,15.0,0,0,0,M,20,A,A,D,D,C
2402,13379.0,15.0,0,0,0,M,20,C,D,D,F,E
2402,13380.0,15.0,0,0,0,M,20,C,F,F,F,F
2402,13381.0,15.0,0,0,0,M,20,,,,,
1602,13382.0,11.7,0,0,0,F,20,A,A,B,B,A
1602,13383.0,15.0,0,0,0,F,20,A,A,B,B,A
1602,13384.0,15.0,0,0,0,F,20,A,A,B,B,A
1602,13385.0,15.0,0,0,0,F,20,A,A,C,B,A
1602,13386.0,13.5,10,10,0,F,20,A,A,C,B,B
1602,13387.0,16.5,0,0,0,F,20,A,A,C,B,B
1602,13388.0,16.1,20,45,0,F,20,A,A,C,B,B
1602,13389.0,7.5,0,0,0,F,20,A,A,C,C,B
1602,13390.0,9.5,0,15,0,F,20,A,A,C,C,B
1602,13391.0,32.0,0,20,0,F,20,A,A,C,D,B
1602,13392.0,3.8,0,0,0,F,20,A,A,C,D,B
1602,13393.0,15.0,0,0,0,F,20,A,A,C,D,B
1602,13394.0,15.0,0,0,0,F,20,A,A,D,D,D
1602,13395.0,11.7,0,0,0,F,20,A,A,D,E,D
1602,13396.0,13.6,0,0,0,F,20,A,A,D,E,D
1602,13397.0,15.0,0,0,0,F,20,A,B,D,E,D
1602,13398.0,14.7,35,10,0,M,20,A,D,D,E,D
1602,13399.0,8.4,20,15,10,M,20,B,D,E,F,E
1602,13400.0,8.2,0,0,0,M,20,E,F,E,F,F
1602,13401.0,14.7,0,45,0,M,20,,,,,
1602,13402.0,13.1,30,0,0,M,20,,,,,
1602,13403.0,13.5,0,0,0,M,20,,,,,
1602,13404.0,15.0,0,0,0,M,20,,,,,
1602,13405.0,15.0,0,0,0,M,20,,,,,
4004,13406.0,15.0,0,0,0,M,20,A,A,B,B,B
4004,13407.0,7.5,0,0,0,M,20,A,A,B,B,C
4004,13408.0,15.0,0,0,0,M,20,A,A,B,C,C
4004,13409.0,22.5,0,0,10,M,20,A,A,D,D,D
4004,13410.0,15.0,0,0,0,M,20,A,A,D,D,E
4004,13411.0,16.5,0,0,0,M,20,A,A,D,D,E
4004,13412.0,15.0,0,0,0,M,20,A,A,D,D,E
4004,13413.0,15.0,0,0,0,M,20,A,A,D,D,E
4004,13414.0,15.0,0,0,0,M,20,A,A,D,D,E
4004,13415.0,11.7,25,65,5,M,20,A,A,D,D,E
4004,13416.0,15.0,0,0,0,M,20,A,A,D,D,E
4004,13417.0,9.5,0,15,0,M,20,A,A,D,D,E
4004,13418.0,7.5,0,0,0,M,20,A,A,D,D,E
4004,13419.0,18.6,0,20,0,M,20,A,A,D,D,E
4004,13420.0,15.0,0,0,0,M,20,A,A,E,E,E
4004,13421.0,15.0,0,0,0,M,20,E,F,F,F,F
4004,13422.0,15.0,0,0,0,M,20,E,F,F,F,G
4004,13423.0,15.0,0,0,0,M,20,,,,,
4004,13424.0,15.0,0,0,0,M,20,,,,,
702,13425.0,7.5,0,50,0,F,20,A,A,B,B,B
702,13426.0,15.0,0,0,0,F,20,A,A,B,B,B
702,13427.0,15.0,0,0,0,M,20,,,,,
2402,13428.0,15.0,0,0,0,F,20,A,A,A,A,A
2402,13429.0,15.0,0,0,0,F,20,A,A,B,B,A
2402,13430.0,15.0,0,0,0,F,20,A,A,B,B,A
2402,13431.0,15.0,0,0,0,F,20,A,A,B,B,B
2402,13432.0,15.0,0,0,0,F,20,A,A,B,B,B
2402,13433.0,15.0,0,0,0,F,20,A,A,B,B,B
2402,13434.0,15.0,0,0,0,F,20,A,A,B,B,C
2402,13435.0,15.0,0,0,0,F,20,A,A,B,C,C
2402,13436.0,21.8,5,5,20,F,20,A,A,C,C,C
2402,13437.0,15.0,0,0,0,F,20,A,A,D,D,D
2402,13438.0,17.3,0,30,0,M,20,A,A,D,D,D
2402,13439.0,15.0,0,0,0,M,20,A,A,D,D,D
2402,13440.0,15.0,0,0,0,M,20,,,,,
2402,13441.0,15.0,0,0,0,M,20,,,,,
2402,13442.0,15.0,0,0,0,M,20,,,,,
2402,13443.0,7.5,15,35,0,M,20,,,,,
2402,13444.0,15.0,0,0,0,M,20,,,,,
3202,13445.0,11.9,0,0,0,F,20,A,A,B,C,B
3202,13446.0,7.5,0,0,0,F,20,A,A,B,C,B
3202,13447.0,15.0,0,0,0,F,20,A,A,B,C,B
3202,13448.0,11.9,0,0,0,F,20,A,A,B,C,B
5402,13449.0,15.0,0,0,0,F,20,A,A,A,D,B
5402,13450.0,15.0,0,0,0,F,20,A,A,C,D,B
5402,13451.0,15.0,0,0,0,M,20,A,A,D,E,B
5402,13452.0,18.6,40,0,10,M,20,A,A,D,E,C
3502,13453.0,15.0,0,0,0,F,20,A,A,A,A,A
3502,13454.0,15.0,0,0,0,F,20,A,A,B,B,A
3502,13455.0,15.0,0,0,0,F,20,A,A,B,B,A
3502,13456.0,15.0,0,0,0,F,20,A,A,B,B,B
3502,13457.0,11.1,20,60,20,F,20,A,A,B,B,B
3502,13458.0,15.0,0,0,0,F,20,A,A,B,B,B
3502,13459.0,15.0,0,0,0,F,20,A,A,B,B,B
3502,13460.0,15.0,0,0,0,F,20,A,A,C,C,B
3502,13461.0,11.9,0,0,0,F,20,A,A,C,C,B
3502,13462.0,15.0,0,0,0,F,20,A,A,C,C,B
3502,13463.0,9.8,0,0,0,F,20,A,A,C,C,B
3502,13464.0,25.1,0,0,0,F,20,A,A,C,D,B
3502,13465.0,17.9,30,0,25,F,20,A,A,C,D,C
3502,13466.0,15.0,0,0,0,F,20,A,A,C,D,C
3502,13467.0,15.0,0,0,0,F,20,A,A,C,D,C
3502,13468.0,15.0,0,0,0,F,20,A,A,C,D,C
3502,13469.0,15.0,0,0,0,F,20,A,A,C,D,C
3502,13470.0,15.0,0,0,0,F,20,A,A,D,D,C
3502,13471.0,7.2,60,10,0,F,20,A,A,D,D,C
3502,13472.0,15.0,0,0,0,F,20,A,A,D,D,C
3502,13473.0,15.0,0,0,0,F,20,A,A,D,D,C
3502,13474.0,15.0,0,0,0,F,20,B,A,D,D,C
3502,13475.0,4.0,0,0,0,M,20,B,A,D,D,C
3502,13476.0,15.0,0,0,0,M,20,E,D,F,F,E
3502,13477.0,15.0,0,0,0,M,20,,,,,
3502,13478.0,15.0,0,0,0,M,20,,,,,
3502,13479.0,15.0,0,0,0,M,20,,,,,
3502,13480.0,15.0,0,0,0,M,20,,,,,
3502,13481.0,8.5,0,45,0,M,20,,,,,
3502,13482.0,15.0,0,0,0,M,20,,,,,
3502,13483.0,9.0,50,45,20,M,20,,,,,
3502,13484.0,15.0,0,0,0,M,20,,,,,
3502,13485.0,21.6,30,0,0,M,20,,,,,
3502,13486.0,7.5,25,20,5,M,20,,,,,
3502,13487.0,17.0,30,20,10,M,20,,,,,
3502,13488.0,15.0,0,0,0,M,20,,,,,
3502,13489.0,15.0,0,0,0,M,20,,,,,
3502,13490.0,13.1,15,0,0,M,20,,,,,
3502,13491.0,15.0,0,0,0,M,20,,,,,
3502,13492.0,15.0,0,0,0,M,20,,,,,
3502,13493.0,2.6,10,0,0,M,20,,,,,
3502,13494.0,15.0,0,0,0,M,20,,,,,
3502,13495.0,15.0,0,0,0,M,20,,,,,
3502,13496.0,15.0,0,0,0,M,20,,,,,
3502,13497.0,15.0,0,0,0,M,20,,,,,
4006,13498.0,15.0,0,0,0,F,20,A,A,A,B,B
4006,13499.0,15.0,0,0,0,F,20,A,A,B,B,B
4006,13500.0,7.5,50,0,0,F,20,A,A,B,B,B
4006,13501.0,15.0,0,0,0,M,20,A,A,B,C,B
4006,13502.0,15.0,0,0,0,M,20,A,A,B,C,C
4006,13503.0,15.0,0,0,0,M,20,A,A,B,D,D
4006,13504.0,11.1,30,30,40,M,20,A,A,B,D,D
4006,13505.0,11.1,30,0,0,M,20,A,A,C,D,D
4006,13506.0,0.0,0,0,0,M,20,A,A,D,D,D
4006,13507.0,19.5,50,65,5,M,20,A,A,D,D,E
4006,13508.0,14.7,0,50,0,M,20,A,A,D,D,E
4006,13509.0,42.9,40,0,0,M,20,A,A,D,D,E
4006,13510.0,4.8,10,0,0,M,20,A,A,D,D,E
4006,13511.0,14.5,0,35,15,M,20,A,A,D,D,E
4006,13512.0,19.4,0,0,0,M,20,A,A,E,D,E
4006,13513.0,0.0,0,0,0,M,20,A,A,E,E,F
4006,13514.0,40.8,20,15,20,M,20,A,A,E,E,F
4006,13515.0,19.0,20,85,20,M,20,A,A,E,E,F
4006,13516.0,48.7,0,0,0,M,20,B,A,E,E,F
2001,13517.0,0.0,0,0,0,F,20,A,A,B,B,A
2001,13518.0,0.0,0,0,0,F,20,A,A,B,B,A
2001,13519.0,0.0,0,0,0,F,20,A,A,B,C,A
2001,13520.0,0.0,0,0,0,F,20,A,A,B,C,A
2001,13521.0,0.0,0,0,0,F,20,A,B,B,C,A
2001,13522.0,0.0,0,0,0,F,20,A,B,C,D,B
2001,13523.0,0.0,0,0,0,F,20,A,D,C,D,B
2001,13524.0,0.0,0,0,0,F,20,B,D,D,E,B
2001,13525.0,0.0,0,0,0,F,20,B,D,E,E,B
2001,13526.0,0.0,0,0,0,F,20,C,D,E,E,C
2001,13527.0,0.0,0,0,0,F,20,C,D,E,E,F
2001,13528.0,0.0,0,0,0,F,20,E,D,F,F,F
2001,13529.0,0.0,0,0,0,F,20,,,,,
2001,13530.0,0.0,0,0,0,M,20,,,,,
2001,13531.0,0.0,0,0,0,M,20,,,,,
2001,13532.0,0.0,0,0,0,M,20,,,,,
3502,13533.0,0.0,0,0,0,F,20,A,A,A,B,A
3502,13534.0,0.0,0,0,0,F,20,A,B,B,D,B
3502,13535.0,0.0,0,0,0,F,20,A,B,C,D,B
3502,13536.0,0.0,0,0,0,F,20,A,C,C,D,B
3502,13537.0,0.0,0,0,0,F,20,A,D,D,D,B
3502,13538.0,0.0,0,0,0,F,20,A,D,D,D,B
3502,13539.0,0.0,0,0,0,F,20,A,D,D,D,B
3502,13540.0,0.0,0,0,0,F,20,A,D,D,D,C
3502,13541.0,0.0,0,0,0,M,20,A,D,D,E,D
3502,13542.0,0.0,0,0,0,M,20,A,D,D,E,D
3502,13543.0,0.0,0,0,0,M,20,A,D,D,E,D
3502,13544.0,0.0,0,0,0,M,20,B,D,D,F,D
3502,13545.0,0.0,0,0,0,M,20,B,D,E,F,E
3502,13546.0,0.0,0,0,0,M,20,B,D,E,F,E
3502,13547.0,0.0,0,0,0,M,20,E,F,F,F,E
3502,13548.0,0.0,0,0,0,M,20,,,,,
3502,13549.0,0.0,0,0,0,M,20,,,,,
3502,13550.0,0.0,0,0,0,M,20,,,,,
3502,13551.0,0.0,0,0,0,M,20,,,,,
3502,13552.0,0.0,0,0,0,M,20,,,,,
3502,13553.0,0.0,0,0,0,M,20,,,,,
3502,13554.0,0.0,0,0,0,M,20,,,,,
3502,13555.0,0.0,0,0,0,M,20,,,,,
3502,13556.0,0.0,0,0,0,M,20,,,,,
2001,13557.0,0.0,0,0,0,F,20,A,A,A,A,A
2001,13558.0,0.0,0,0,0,F,20,A,A,A,B,A
2001,13559.0,0.0,0,0,0,F,20,A,A,A,B,A
2001,13560.0,0.0,0,0,0,F,20,A,A,B,B,A
2001,13561.0,0.0,0,0,0,F,20,A,B,B,B,B
2001,13562.0,0.0,0,0,0,F,20,A,B,B,C,B
2001,13563.0,0.0,0,0,0,F,20,A,D,B,D,B
2001,13564.0,0.0,0,0,0,F,20,A,D,B,D,B
2001,13565.0,0.0,0,0,0,F,20,A,D,B,D,B
2001,13566.0,0.0,0,0,0,F,20,A,D,B,D,B
2001,13567.0,0.0,0,0,0,F,20,B,D,B,D,B
2001,13568.0,0.0,0,0,0,F,20,B,D,B,D,B
2001,13569.0,0.0,0,0,0,F,20,B,D,B,D,B
2001,13570.0,0.0,0,0,0,F,20,C,D,C,E,B
2001,13571.0,0.0,0,0,0,F,20,C,D,C,E,B
2001,13572.0,0.0,0,0,0,F,20,C,D,C,E,B
2001,13573.0,0.0,0,0,0,F,20,C,D,D,E,B
2001,13574.0,0.0,0,0,0,F,20,E,F,D,F,C
2001,13575.0,0.0,0,0,0,F,20,,,,,
2001,13576.0,0.0,0,0,0,M,20,,,,,
2001,13577.0,0.0,0,0,0,M,20,,,,,
3002,13578.0,0.0,0,0,0,F,20,A,A,A,A,A
3002,13579.0,0.0,0,0,0,F,20,A,A,A,B,A
3002,13580.0,0.0,0,0,0,F,20,A,A,A,B,A
3002,13581.0,0.0,0,0,0,F,20,A,B,B,B,A
3002,13582.0,0.0,0,0,0,F,20,A,B,B,B,A
3002,13583.0,0.0,0,0,0,F,20,A,B,B,B,B
3002,13584.0,0.0,0,0,0,M,20,A,D,B,B,B
3002,13585.0,0.0,0,0,0,M,20,A,D,B,B,B
3002,13586.0,0.0,0,0,0,M,20,A,D,B,C,B
3002,13587.0,0.0,0,0,0,M,20,A,D,C,C,B
3002,13588.0,0.0,0,0,0,M,20,A,D,D,C,B
3002,13589.0,0.0,0,0,0,M,20,A,D,D,C,B
3002,13590.0,0.0,0,0,0,M,20,B,D,D,D,C
3002,13591.0,0.0,0,0,0,M,20,,,,,
3002,13592.0,0.0,0,0,0,M,20,,,,,
2402,13593.0,0.0,0,0,0,F,20,A,A,B,B,A
2402,13594.0,0.0,0,0,0,F,20,A,A,B,B,A
2402,13595.0,0.0,0,0,0,F,20,A,A,B,B,A
2402,13596.0,0.0,0,0,0,F,20,A,A,B,B,A
2402,13597.0,0.0,0,0,0,F,20,A,A,B,B,A
2402,13598.0,0.0,0,0,0,F,20,A,B,B,C,B
2402,13599.0,0.0,0,0,0,F,20,A,B,B,C,B
2402,13600.0,0.0,0,0,0,F,20,A,B,B,D,B
2402,13601.0,0.0,0,0,0,F,20,A,B,C,D,B
2402,13602.0,0.0,0,0,0,F,20,A,D,C,D,B
2402,13603.0,0.0,0,0,0,F,20,A,D,D,D,B
2402,13604.0,0.0,0,0,0,F,20,A,D,D,D,B
2402,13605.0,0.0,0,0,0,M,20,A,D,D,D,C
2402,13606.0,0.0,0,0,0,M,20,A,D,D,D,C
2402,13607.0,0.0,0,0,0,M,20,A,D,D,D,C
2402,13608.0,0.0,0,0,0,M,20,B,D,D,E,C
2402,13609.0,0.0,0,0,0,M,20,B,D,E,E,D
2402,13610.0,0.0,0,0,0,M,20,B,D,E,E,D
2402,13611.0,0.0,0,0,0,M,20,E,F,E,E,D
2402,13612.0,0.0,0,0,0,M,20,E,F,E,F,E
2402,13613.0,0.0,0,0,0,M,20,,,,,
2402,13614.0,0.0,0,0,0,M,20,,,,,
2402,13615.0,0.0,0,0,0,M,20,,,,,
2402,13616.0,0.0,0,0,0,M,20,,,,,
2402,13617.0,0.0,0,0,0,M,20,,,,,
702,13618.0,0.0,0,0,0,F,20,A,A,B,B,A
702,13619.0,0.0,0,0,0,M,20,A,D,C,C,B
702,13620.0,0.0,0,0,0,M,20,A,D,C,D,C
702,13621.0,0.0,0,0,0,M,20,A,D,C,D,D
702,13622.0,0.0,0,0,0,M,20,A,D,D,D,D
702,13623.0,0.0,0,0,0,M,20,B,D,D,D,D
702,13624.0,0.0,0,0,0,M,20,B,D,E,D,E
702,13625.0,0.0,0,0,0,M,20,E,F,E,F,F
1402,13626.0,0.0,0,0,0,F,20,A,A,A,B,A
1402,13627.0,0.0,0,0,0,F,20,A,A,B,C,A
1402,13628.0,0.0,0,0,0,F,20,A,B,B,D,A
1402,13629.0,0.0,0,0,0,F,20,A,B,C,D,B
1402,13630.0,0.0,0,0,0,M,20,A,D,E,E,E
1402,13631.0,0.0,0,0,0,M,20,B,D,F,E,F
1602,13632.0,0.0,0,0,0,F,20,A,A,B,B,A
1602,13633.0,0.0,0,0,0,F,20,A,A,B,C,A
1602,13634.0,0.0,0,0,0,F,20,A,A,B,C,A
1602,13635.0,0.0,0,0,0,F,20,A,A,B,D,A
1602,13636.0,0.0,0,0,0,F,20,A,A,B,D,A
1602,13637.0,0.0,0,0,0,F,20,A,A,C,D,A
1602,13638.0,0.0,0,0,0,F,20,A,A,C,D,A
1602,13639.0,0.0,0,0,0,F,20,A,A,C,D,A
1602,13640.0,0.0,0,0,0,F,20,A,A,D,D,A
1602,13641.0,0.0,0,0,0,F,20,A,A,D,D,A
1602,13642.0,0.0,0,0,0,F,20,A,A,D,D,A
1602,13643.0,0.0,0,0,0,F,20,A,B,D,D,A
1602,13644.0,0.0,0,0,0,F,20,A,B,D,D,A
1602,13645.0,0.0,0,0,0,M,20,A,C,D,D,A
1602,13646.0,0.0,0,0,0,M,20,A,D,D,D,B
1602,13647.0,0.0,0,0,0,M,20,A,D,D,D,B
1602,13648.0,0.0,0,0,0,M,20,A,D,D,E,B
1602,13649.0,0.0,0,0,0,M,20,A,D,D,E,B
1602,13650.0,0.0,0,0,0,M,20,A,D,D,E,B
1602,13651.0,0.0,0,0,0,M,20,A,D,D,E,B
1602,13652.0,0.0,0,0,0,M,20,A,D,D,E,C
1602,13653.0,0.0,0,0,0,M,20,A,D,D,E,C
1602,13654.0,0.0,0,0,0,M,20,A,D,E,F,D
1602,13655.0,0.0,0,0,0,M,20,A,D,E,F,D
1602,13656.0,0.0,0,0,0,M,20,A,D,E,F,E
1602,13657.0,0.0,0,0,0,M,20,A,D,E,F,E
1602,13658.0,0.0,0,0,0,M,20,B,F,F,F,F
1602,13659.0,0.0,0,0,0,F,20,A,A,A,A,A
1602,13660.0,0.0,0,0,0,F,20,A,A,B,B,A
1602,13661.0,0.0,0,0,0,F,20,A,A,B,D,A
1602,13662.0,0.0,0,0,0,F,20,A,A,B,D,A
1602,13663.0,0.0,0,0,0,F,20,A,A,B,D,B
1602,13664.0,0.0,0,0,0,F,20,A,B,C,D,B
1602,13665.0,0.0,0,0,0,F,20,A,B,C,E,B
1602,13666.0,0.0,0,0,0,F,20,A,D,D,E,B
1602,13667.0,0.0,0,0,0,F,20,A,D,D,E,B
1602,13668.0,0.0,0,0,0,F,20,,,,,
1602,13669.0,0.0,0,0,0,F,20,,,,,
1602,13670.0,0.0,0,0,0,M,20,,,,,
1602,13671.0,0.0,0,0,0,M,20,,,,,
1602,13672.0,0.0,0,0,0,M,20,,,,,
1602,13673.0,0.0,0,0,0,M,20,,,,,
1602,13674.0,0.0,0,0,0,M,20,,,,,
1602,13675.0,0.0,0,0,0,M,20,,,,,
702,13676.0,0.0,0,0,0,F,20,A,A,A,A,A
702,13677.0,0.0,0,0,0,F,20,A,A,A,A,A
702,13678.0,0.0,0,0,0,F,20,A,B,B,A,B
702,13679.0,0.0,0,0,0,F,20,A,B,B,B,B
702,13680.0,0.0,0,0,0,F,20,A,B,B,B,B
702,13681.0,0.0,0,0,0,F,20,A,C,B,B,B
702,13682.0,0.0,0,0,0,F,20,A,D,B,D,B
702,13683.0,0.0,0,0,0,F,20,A,D,C,D,B
702,13684.0,0.0,0,0,0,M,20,A,D,D,D,B
702,13685.0,0.0,0,0,0,M,20,A,D,D,D,B
702,13686.0,0.0,0,0,0,M,20,A,D,D,E,C
702,13687.0,0.0,0,0,0,M,20,A,D,D,E,C
702,13688.0,0.0,0,0,0,M,20,B,D,E,F,D
702,13689.0,0.0,0,0,0,M,20,B,D,E,F,E
4004,13690.0,0.0,0,0,0,F,20,A,A,A,B,A
4004,13691.0,0.0,0,0,0,F,20,A,A,B,B,A
4004,13692.0,0.0,0,0,0,F,20,A,A,B,C,B
4004,13693.0,0.0,0,0,0,M,20,A,A,B,C,B
4004,13694.0,0.0,0,0,0,M,20,A,A,B,D,B
4004,13695.0,0.0,0,0,0,M,20,A,A,C,D,C
4004,13696.0,0.0,0,0,0,M,20,A,A,D,D,C
4004,13697.0,0.0,0,0,0,M,20,A,A,D,D,C
4004,13698.0,0.0,0,0,0,M,20,A,A,D,D,C
4004,13699.0,0.0,0,0,0,M,20,A,A,D,D,C
4004,13700.0,0.0,0,0,0,M,20,A,A,D,D,C
4004,13701.0,0.0,0,0,0,M,20,A,B,D,D,D
4004,13702.0,0.0,0,0,0,M,20,A,B,D,D,D
4004,13703.0,0.0,0,0,0,M,20,A,B,D,D,D
4004,13704.0,0.0,0,0,0,M,20,A,B,D,E,D
4004,13705.0,0.0,0,0,0,M,20,A,C,D,E,E
4004,13706.0,0.0,0,0,0,M,20,A,C,E,E,E
4004,13707.0,0.0,0,0,0,M,20,A,D,E,E,E
4004,13708.0,0.0,0,0,0,M,20,A,D,E,E,E
4004,13709.0,0.0,0,0,0,M,20,A,D,E,E,E
4004,13710.0,0.0,0,0,0,M,20,A,D,E,E,E
4004,13711.0,0.0,0,0,0,M,20,A,D,E,E,E
4004,13712.0,0.0,0,0,0,M,20,A,D,E,E,E
4004,13713.0,0.0,20,0,0,M,20,A,D,F,F,E
4004,13714.0,3.6,0,0,0,M,20,A,D,F,F,E
4004,13715.0,1.0,0,20,0,M,20,A,D,F,F,F
4004,13716.0,1.4,0,15,0,M,20,A,D,F,F,F
4004,13717.0,5.2,0,0,0,M,20,A,D,F,F,F
4004,13718.0,5.2,0,0,0,M,20,A,F,F,F,F
4004,13719.0,3.2,0,15,0,M,20,A,F,F,F,F
4004,13720.0,4.0,0,0,10,M,20,A,F,F,F,G
4004,13721.0,5.4,0,0,0,M,20,,,,,
4004,13722.0,3.4,15,0,0,M,20,,,,,
4004,13723.0,6.8,0,0,0,M,20,,,,,
4004,13724.0,0.0,0,45,0,F,20,A,A,A,B,A
4004,13725.0,3.6,0,20,0,F,20,A,A,A,C,A
4004,13726.0,6.6,0,0,0,F,20,A,A,B,C,A
4004,13727.0,7.5,0,0,0,F,20,A,A,B,C,B
4004,13728.0,7.5,0,0,0,F,20,A,A,B,C,B
4004,13729.0,7.5,0,0,0,F,20,A,A,B,D,B
4004,13730.0,7.5,0,0,0,F,20,A,A,B,D,B
4004,13731.0,7.5,0,0,0,F,20,A,A,B,D,B
4004,13732.0,7.5,0,0,0,F,20,A,A,C,D,B
4004,13733.0,7.5,0,0,0,F,20,A,A,C,D,B
4004,13734.0,7.5,0,0,0,F,20,A,A,C,D,B
4004,13735.0,7.5,0,0,0,F,20,A,A,D,D,C
4004,13736.0,7.5,0,0,0,F,20,A,A,D,D,C
4004,13737.0,7.5,0,0,0,F,20,A,A,D,D,C
4004,13738.0,7.5,0,0,0,M,20,A,A,D,D,C
4004,13739.0,7.5,0,0,0,M,20,A,A,D,D,C
4004,13740.0,7.5,0,0,0,M,20,A,A,D,D,C
4004,13741.0,7.5,0,0,0,M,20,A,A,D,D,C
4004,13742.0,7.5,0,0,0,M,20,A,A,D,D,C
4004,13743.0,7.5,0,0,0,M,20,A,A,D,D,C
4004,13744.0,7.5,0,0,0,M,20,A,A,D,D,C
4004,13745.0,7.4,0,0,0,M,20,A,A,D,D,C
4004,13746.0,7.5,0,0,0,M,20,A,A,D,D,C
4004,13747.0,7.5,0,0,0,M,20,A,A,D,D,D
4004,13748.0,7.5,0,0,0,M,20,A,A,D,D,D
4004,13749.0,7.5,0,0,0,M,20,A,A,D,D,D
4004,13750.0,7.6,0,0,0,M,20,A,A,D,D,D
4004,13751.0,7.8,0,0,0,M,20,A,A,D,D,D
4004,13752.0,7.8,0,0,0,M,20,A,A,D,D,D
4004,13753.0,2.0,30,10,0,M,20,A,A,D,D,D
4004,13754.0,6.4,10,0,0,M,20,A,A,D,E,D
4004,13755.0,8.4,0,0,0,M,20,A,A,D,E,D
4004,13756.0,8.4,0,0,0,M,20,A,A,D,E,E
4004,13757.0,9.2,0,0,0,M,20,A,A,E,E,E
4004,13758.0,0.0,0,0,0,M,20,A,A,E,E,E
4004,13759.0,9.4,0,0,0,M,20,A,A,E,E,E
4004,13760.0,7.5,0,15,0,M,20,A,A,E,E,E
4004,13761.0,10.1,0,0,0,M,20,A,A,E,E,E
4004,13762.0,0.0,20,45,0,M,20,A,A,E,E,E
4004,13763.0,0.0,40,10,20,M,20,A,B,E,E,E
4004,13764.0,10.6,0,0,0,M,20,A,B,E,E,E
4004,13765.0,10.6,0,0,0,M,20,A,B,E,E,E
4004,13766.0,0.0,0,0,0,M,20,A,B,E,E,E
4004,13767.0,11.1,0,0,0,M,20,A,B,E,E,F
4004,13768.0,0.0,0,0,0,M,20,A,B,E,E,F
4004,13769.0,11.1,0,0,0,M,20,A,B,E,E,F
4004,13770.0,9.5,0,0,10,M,20,A,C,E,E,F
4004,13771.0,2.2,60,0,0,M,20,A,C,E,E,F
4004,13772.0,0.0,0,0,0,M,20,A,C,E,E,F
4004,13773.0,0.0,0,0,0,M,20,A,D,E,E,F
4004,13774.0,0.0,0,0,0,M,20,A,D,E,E,F
4004,13775.0,0.0,0,0,0,M,20,A,D,E,E,F
4004,13776.0,0.0,0,0,0,M,20,A,D,E,F,F
4004,13777.0,11.5,0,0,0,M,20,A,D,E,F,F
4004,13778.0,6.2,30,5,0,M,20,A,D,E,F,F
4004,13779.0,4.6,0,50,0,M,20,A,D,E,F,F
4004,13780.0,12.1,0,0,0,M,20,A,D,E,F,F
4004,13781.0,11.9,0,0,0,M,20,A,D,E,F,F
4004,13782.0,0.0,0,0,0,M,20,A,D,E,F,F
4004,13783.0,2.0,0,0,0,M,20,A,D,E,F,F
4004,13784.0,0.0,0,0,0,M,20,A,D,E,F,F
4004,13785.0,9.2,0,20,0,M,20,A,D,E,F,F
4004,13786.0,12.5,0,0,0,M,20,A,D,E,F,F
4004,13787.0,1.6,0,0,0,M,20,A,D,F,F,F
4004,13788.0,0.0,0,0,0,M,20,A,D,F,F,F
4004,13789.0,12.9,0,0,0,M,20,A,D,F,F,F
4004,13790.0,9.4,25,0,0,M,20,A,D,F,F,F
4004,13791.0,8.5,0,15,15,M,20,A,D,F,F,F
4004,13792.0,0.0,0,0,0,M,20,A,D,F,F,F
4004,13793.0,0.0,0,0,0,M,20,A,D,F,F,F
4004,13794.0,0.0,0,0,0,M,20,A,D,F,F,F
4004,13795.0,6.2,20,0,30,M,20,A,D,F,F,F
4004,13796.0,0.0,0,0,0,M,20,A,D,F,F,G
4004,13797.0,11.0,0,15,0,M,20,A,D,F,F,G
4004,13798.0,0.0,0,0,0,M,20,A,D,F,F,G
4004,13799.0,0.0,0,0,0,M,20,A,D,F,F,G
4004,13800.0,0.0,0,0,0,M,20,A,D,F,F,G
4004,13801.0,0.0,0,0,0,M,20,B,F,F,F,G
4004,13802.0,2.6,0,0,0,M,20,B,F,F,F,G
4004,13803.0,0.0,0,0,0,M,20,B,F,F,F,G
4004,13804.0,0.0,0,0,0,M,20,E,F,F,,G
4004,13805.0,6.6,25,15,5,M,20,,,,,
4004,13806.0,0.0,0,0,0,M,20,,,,,
4004,13807.0,2.2,0,0,0,M,20,,,,,
4004,13808.0,14.4,0,0,0,M,20,,,,,
4004,13809.0,2.0,0,0,0,M,20,,,,,
4004,13810.0,14.3,0,0,0,M,20,,,,,
4004,13811.0,11.0,0,0,25,M,20,,,,,
4004,13812.0,4.2,20,0,50,M,20,,,,,
4301,13813.0,15.0,0,0,0,F,20,A,A,B,D,B
4301,13814.0,15.0,0,0,0,F,20,A,A,B,D,C
4301,13815.0,7.6,30,20,0,F,20,A,A,B,D,C
4301,13816.0,15.0,0,0,0,F,20,A,A,C,D,C
4301,13817.0,15.0,0,0,0,F,20,A,A,D,D,C
4301,13818.0,15.0,0,0,0,F,20,A,A,D,E,D
4301,13819.0,15.0,0,0,0,F,20,A,A,D,E,D
4301,13820.0,15.0,0,0,0,F,20,A,A,D,E,D
4301,13821.0,15.0,0,0,0,F,20,A,A,D,E,D
4301,13822.0,15.0,0,0,0,F,20,A,B,E,E,E
4301,13823.0,15.0,0,0,0,M,20,A,B,E,E,E
4301,13824.0,15.0,0,0,0,M,20,A,B,E,E,E
4301,13825.0,15.0,0,0,0,M,20,A,B,E,E,E
4301,13826.0,6.4,10,0,50,M,20,A,D,E,E,E
4301,13827.0,4.4,0,0,0,M,20,A,D,E,E,E
4301,13828.0,9.5,0,40,0,M,20,A,D,E,E,E
4301,13829.0,15.9,0,0,0,M,20,A,D,E,F,E
4301,13830.0,4.0,70,0,10,M,20,A,D,E,F,F
4301,13831.0,2.6,0,0,0,M,20,A,D,E,F,F
4301,13832.0,16.2,0,0,0,M,20,B,D,F,F,F
4301,13833.0,16.3,0,0,0,M,20,B,D,F,F,F
4301,13834.0,8.4,0,35,20,M,20,B,D,F,F,F
4301,13835.0,5.2,0,0,0,M,20,B,F,F,F,F
4301,13836.0,5.2,0,0,0,M,20,B,F,F,F,G
4301,13837.0,16.3,0,0,0,M,20,,,,,
4301,13838.0,16.3,0,0,0,M,20,,,,,
4301,13839.0,10.8,40,0,0,M,20,,,,,
4301,13840.0,7.5,0,0,0,M,20,,,,,
4301,13841.0,3.6,0,0,0,M,20,,,,,
4301,13842.0,15.6,0,0,10,M,20,,,,,
4301,13843.0,5.8,10,15,50,M,20,,,,,
3502,13844.0,17.0,0,0,0,F,20,A,A,A,B,A
3502,13845.0,6.8,25,45,0,F,20,A,A,A,B,A
3502,13846.0,17.6,0,0,0,F,20,A,A,B,C,A
3502,13847.0,2.4,0,0,15,F,20,A,A,B,C,A
3502,13848.0,17.6,0,0,0,F,20,A,A,B,C,A
3502,13849.0,15.0,0,0,20,F,20,A,A,B,C,A
3502,13850.0,17.9,0,0,0,F,20,A,A,B,C,A
3502,13851.0,18.0,0,0,0,F,20,A,A,B,C,A
3502,13852.0,17.8,0,0,0,F,20,A,A,B,C,A
3502,13853.0,7.5,0,0,0,F,20,A,A,C,C,A
3502,13854.0,3.2,20,70,10,F,20,A,A,C,C,A
3502,13855.0,18.4,0,0,0,F,20,A,A,C,C,B
3502,13856.0,10.9,50,0,0,F,20,A,A,C,D,B
3502,13857.0,0.0,50,0,0,F,20,A,A,C,D,B
3502,13858.0,2.6,25,5,0,F,20,A,A,C,D,B
3502,13859.0,10.5,10,30,15,F,20,A,A,C,D,B
3502,13860.0,7.5,0,0,0,F,20,A,A,C,D,B
3502,13861.0,7.4,75,0,0,F,20,A,A,C,D,B
3502,13862.0,18.9,0,0,0,F,20,A,A,C,D,B
3502,13863.0,7.5,0,0,0,F,20,A,A,C,D,B
3502,13864.0,7.5,0,0,0,F,20,A,A,C,D,B
3502,13865.0,7.5,0,0,0,F,20,A,A,C,D,B
3502,13866.0,7.5,0,0,0,F,20,A,A,C,D,B
3502,13867.0,7.5,0,0,0,F,20,A,A,D,D,B
3502,13868.0,7.5,0,0,0,F,20,A,A,D,D,B
3502,13869.0,7.5,0,0,0,F,20,A,A,D,D,B
3502,13870.0,15.0,0,25,0,F,20,A,A,D,D,B
3502,13871.0,7.5,0,0,0,F,20,A,A,D,D,B
3502,13872.0,7.5,0,0,0,F,20,A,A,D,D,B
3502,13873.0,7.5,0,0,0,F,20,A,A,D,D,B
3502,13874.0,7.5,0,0,0,F,20,A,A,D,D,C
3502,13875.0,7.5,0,0,0,F,20,A,A,D,D,C
3502,13876.0,7.5,0,0,0,F,20,A,A,D,D,C
3502,13877.0,7.5,0,0,0,F,20,A,A,D,D,C
3502,13878.0,18.6,0,0,0,F,20,A,A,D,D,C
3502,13879.0,7.5,0,0,0,F,20,A,A,D,D,C
3502,13880.0,7.5,0,0,0,M,20,A,B,D,D,C
3502,13881.0,7.5,0,0,0,M,20,A,B,D,D,C
3502,13882.0,7.5,0,0,0,M,20,A,B,D,D,D
3502,13883.0,7.5,0,0,0,M,20,A,B,D,D,D
3502,13884.0,7.5,0,0,0,M,20,A,B,D,D,D
3502,13885.0,7.5,0,0,0,M,20,A,B,D,D,D
3502,13886.0,19.2,0,0,0,M,20,A,D,E,E,E
3502,13887.0,19.4,0,0,0,M,20,A,D,E,E,E
3502,13888.0,7.4,0,0,0,M,20,A,D,E,E,E
3502,13889.0,7.8,0,30,50,M,20,A,D,E,E,E
3502,13890.0,7.5,0,0,0,M,20,A,D,E,E,E
3502,13891.0,16.3,25,0,0,M,20,A,D,E,E,E
3502,13892.0,7.5,0,0,0,M,20,A,D,E,E,E
3502,13893.0,7.5,0,0,0,M,20,A,D,E,E,E
3502,13894.0,3.4,10,10,0,M,20,A,D,E,E,E
3502,13895.0,7.5,0,0,0,M,20,A,D,E,E,E
3502,13896.0,7.5,10,0,0,M,20,A,D,E,E,E
3502,13897.0,8.4,60,20,0,M,20,A,D,E,E,E
3502,13898.0,7.5,0,0,0,M,20,A,D,E,E,E
3502,13899.0,9.1,0,0,0,M,20,A,D,E,E,E
3502,13900.0,7.0,0,0,0,M,20,A,D,E,F,E
3502,13901.0,7.5,0,0,0,M,20,A,D,E,F,E
3502,13902.0,7.5,0,0,0,M,20,A,D,E,F,E
3502,13903.0,13.6,0,45,0,M,20,A,D,E,F,E
3502,13904.0,8.1,0,0,0,M,20,A,D,E,F,E
3502,13905.0,18.9,10,0,0,M,20,A,D,F,F,E
3502,13906.0,9.5,0,0,0,M,20,A,D,F,F,F
3502,13907.0,20.2,0,0,0,M,20,A,D,F,F,F
3502,13908.0,10.2,70,0,0,M,20,A,D,F,F,F
3502,13909.0,9.7,0,0,0,M,20,A,D,F,F,F
3502,13910.0,6.8,20,0,0,M,20,A,D,F,F,F
2001,13911.0,18.6,20,0,0,F,20,A,A,A,B,A
2001,13912.0,21.4,0,0,0,F,20,A,A,B,B,A
2001,13913.0,9.4,0,0,0,F,20,A,A,B,B,A
2001,13914.0,8.8,0,0,0,F,20,A,A,B,B,A
2001,13915.0,9.1,0,0,0,F,20,A,A,B,B,A
2001,13916.0,1.0,15,30,20,F,20,A,A,B,B,A
2001,13917.0,18.5,0,20,0,F,20,A,A,B,B,A
2001,13918.0,13.6,55,0,0,F,20,A,A,B,B,A
2001,13919.0,3.8,15,30,0,F,20,A,A,B,B,A
2001,13920.0,9.5,0,0,0,F,20,A,A,B,B,A
2001,13921.0,21.8,0,0,0,F,20,A,A,B,B,A
2001,13922.0,22.0,0,0,0,F,20,A,A,B,B,A
2001,13923.0,8.4,0,0,0,F,20,A,A,B,B,A
2001,13924.0,9.5,0,10,0,F,20,A,A,B,B,A
2001,13925.0,8.6,50,30,10,F,20,A,A,B,B,A
2001,13926.0,12.2,30,35,0,F,20,A,A,B,B,A
2001,13927.0,11.1,0,0,0,F,20,A,A,B,C,A
2001,13928.0,8.5,0,0,0,F,20,A,A,B,C,A
2001,13929.0,4.0,70,50,0,F,20,A,A,B,C,A
2001,13930.0,22.5,0,0,0,F,20,A,A,B,C,B
2001,13931.0,0.0,0,0,0,F,20,A,A,B,C,B
2001,13932.0,0.0,0,0,0,F,20,A,A,B,C,B
2001,13933.0,0.0,0,0,0,F,20,A,A,B,C,B
2001,13934.0,22.5,0,0,0,F,20,A,A,B,C,B
2001,13935.0,11.3,0,0,0,F,20,A,A,B,C,B
2001,13936.0,0.0,0,0,0,F,20,A,A,C,C,B
2001,13937.0,22.5,0,0,0,F,20,A,A,C,C,B
2001,13938.0,0.0,0,0,0,F,20,A,A,C,C,B
2001,13939.0,0.0,0,0,0,F,20,A,A,C,D,B
2001,13940.0,8.9,0,0,0,F,20,A,A,C,D,B
2001,13941.0,7.5,0,15,10,F,20,A,A,C,D,B
2001,13942.0,3.4,0,50,0,F,20,A,A,C,D,B
2001,13943.0,0.0,0,0,0,F,20,A,A,C,D,B
2001,13944.0,0.0,0,0,0,F,20,A,A,C,D,B
2001,13945.0,0.0,0,0,0,F,20,A,A,C,D,B
2001,13946.0,22.5,0,0,0,F,20,A,A,C,D,B
2001,13947.0,11.5,0,0,0,F,20,A,A,C,D,B
2001,13948.0,10.2,40,40,0,F,20,A,A,D,D,B
2001,13949.0,22.5,0,0,0,F,20,A,A,D,D,B
2001,13950.0,10.1,0,0,0,F,20,A,A,D,D,B
2001,13951.0,0.0,0,0,0,F,20,A,B,D,D,B
2001,13952.0,0.0,0,0,0,F,20,A,B,D,D,B
2001,13953.0,22.3,0,0,0,F,20,A,B,D,D,B
2001,13954.0,11.3,0,0,0,F,20,A,B,D,D,B
2001,13955.0,0.0,0,0,0,F,20,A,B,D,D,B
2001,13956.0,7.5,25,0,0,F,20,A,B,D,D,B
2001,13957.0,22.5,0,0,0,F,20,A,B,D,D,B
2001,13958.0,0.0,0,0,0,F,20,A,B,D,D,B
2001,13959.0,0.0,0,0,0,F,20,A,B,D,D,B
2001,13960.0,0.0,0,0,0,F,20,A,C,D,D,C
2001,13961.0,22.5,0,0,0,F,20,A,D,D,D,C
2001,13962.0,0.0,0,0,0,F,20,A,D,D,D,C
2001,13963.0,0.0,0,0,0,F,20,A,D,D,D,C
2001,13964.0,0.0,0,0,0,F,20,A,D,D,D,C
2001,13965.0,0.0,0,0,0,F,20,A,D,D,D,C
2001,13966.0,19.0,25,0,0,F,20,A,D,D,D,C
2001,13967.0,8.5,10,0,0,F,20,A,D,D,D,C
2001,13968.0,10.1,10,0,0,F,20,A,D,D,D,C
2001,13969.0,10.1,10,0,0,F,20,A,D,D,D,D
2001,13970.0,4.0,45,50,30,F,20,A,D,D,D,D
2001,13971.0,11.7,0,0,0,F,20,A,D,D,D,D
2001,13972.0,5.2,50,0,0,F,20,A,D,D,D,D
2001,13973.0,11.5,0,0,0,F,20,A,D,D,D,D
2001,13974.0,0.0,0,0,0,F,20,A,D,D,D,D
2001,13975.0,7.5,20,0,10,F,20,A,D,D,E,D
2001,13976.0,9.5,0,0,0,F,20,A,D,D,E,D
2001,13977.0,0.0,0,0,0,F,20,A,D,D,E,D
2001,13978.0,9.5,0,0,0,F,20,A,D,D,E,D
2001,13979.0,23.0,0,0,0,F,20,A,D,E,E,D
2001,13980.0,8.0,0,10,0,F,20,A,D,E,E,E
2001,13981.0,9.5,0,10,0,F,20,A,D,E,E,E
2001,13982.0,10.4,10,60,15,F,20,A,D,E,E,E
2001,13983.0,0.0,0,0,0,F,20,A,D,E,E,E
2001,13984.0,1.0,0,0,0,F,20,A,D,E,E,E
2001,13985.0,7.5,0,0,30,F,20,A,D,E,E,E
2001,13986.0,0.0,0,0,10,F,20,B,D,E,E,E
2001,13987.0,11.1,0,0,0,F,20,B,D,E,E,E
2001,13988.0,23.4,0,0,0,F,20,B,D,E,E,E
2001,13989.0,0.0,10,0,0,F,20,B,D,E,E,E
2001,13990.0,10.0,0,0,0,F,20,B,D,E,E,E
2001,13991.0,6.6,10,15,0,F,20,B,D,F,F,F
2001,13992.0,7.6,0,20,0,F,20,B,D,F,F,F
2001,13993.0,9.6,70,15,10,F,20,B,D,F,F,F
2001,13994.0,16.6,20,0,30,F,20,B,D,F,F,F
2001,13995.0,9.1,10,15,0,F,20,B,D,F,F,F
2001,13996.0,8.2,30,0,0,F,20,B,D,F,F,F
2001,13997.0,23.8,0,0,0,F,20,B,D,F,F,F
2001,13998.0,11.3,10,0,0,F,20,B,D,F,F,F
2001,13999.0,12.7,0,0,0,F,20,C,D,F,F,F
2001,14000.0,3.4,0,45,0,F,20,E,F,F,F,F
2001,14001.0,1.6,0,0,0,F,20,E,F,F,F,G
2001,14002.0,10.0,20,0,0,F,20,E,F,F,F,G
2001,14003.0,15.0,10,0,50,F,20,,,,,
2001,14004.0,7.5,0,20,0,M,20,,,,,
2001,14005.0,7.6,50,20,40,M,20,,,,,
2001,14006.0,1.6,0,0,0,M,20,,,,,
2001,14007.0,10.7,0,0,0,M,20,,,,,
2001,14008.0,12.1,0,0,0,M,20,,,,,
2001,14009.0,0.0,0,0,0,M,20,,,,,
2001,14010.0,0.0,0,0,0,M,20,,,,,
2001,14011.0,11.9,0,0,0,M,20,,,,,
2001,14012.0,8.2,20,5,10,M,20,,,,,
2001,14013.0,20.0,20,0,0,M,20,,,,,
2001,14014.0,11.9,0,0,0,M,20,,,,,
2501,14015.0,0.0,15,70,0,F,20,A,A,B,B,A
2501,14016.0,0.0,0,0,0,F,20,A,A,B,B,A
2501,14017.0,0.0,0,0,0,F,20,A,A,C,D,A
2501,14018.0,0.0,0,0,0,F,20,A,A,C,D,A
2501,14019.0,0.0,0,0,0,F,20,A,A,C,D,A
2501,14020.0,0.0,0,0,0,F,20,A,A,C,D,A
2501,14021.0,0.0,0,0,15,F,20,A,A,C,D,A
2501,14022.0,0.0,0,10,5,F,20,A,A,D,D,B
2501,14023.0,10.1,0,0,20,F,20,A,A,D,D,B
2501,14024.0,19.0,20,5,10,F,20,A,A,D,D,B
2501,14025.0,0.0,0,0,0,F,20,A,A,D,D,B
2501,14026.0,9.6,35,45,20,F,20,A,A,D,D,C
2501,14027.0,7.5,0,25,0,F,20,A,A,D,D,C
2501,14028.0,2.6,0,0,0,F,20,A,A,D,D,C
2501,14029.0,11.3,0,0,0,F,20,A,A,E,E,C
2501,14030.0,8.9,0,15,0,F,20,A,A,E,E,D
2501,14031.0,9.9,25,0,0,F,20,A,A,E,E,D
2501,14032.0,1.0,0,0,10,F,20,A,A,E,E,D
2501,14033.0,3.6,0,0,0,F,20,A,A,E,E,D
2501,14034.0,17.7,0,15,30,F,20,A,A,E,E,D
2501,14035.0,11.2,60,10,20,F,20,A,A,E,E,D
2501,14036.0,22.5,0,5,10,F,20,A,A,E,E,D
2501,14037.0,11.3,0,0,0,F,20,A,B,E,E,D
2501,14038.0,9.7,0,0,15,F,20,A,B,E,E,D
2501,14039.0,1.6,0,0,0,F,20,A,B,E,E,E
2501,14040.0,11.8,0,0,0,F,20,A,C,E,F,E
2501,14041.0,2.2,80,0,0,M,20,B,F,F,F,F
2501,14042.0,7.4,40,5,0,M,20,C,F,F,F,F
2501,14043.0,25.2,0,0,0,M,20,C,F,F,F,F
2501,14044.0,9.5,20,10,0,M,20,E,F,F,F,G
2501,14045.0,9.5,25,0,0,M,20,,,,,
2501,14046.0,0.0,0,0,0,M,20,,,,,
2501,14047.0,0.0,0,0,0,M,20,,,,,
2501,14048.0,0.0,0,0,0,M,20,,,,,
2501,14049.0,13.1,0,0,0,M,20,,,,,
2501,14050.0,11.3,20,0,0,M,20,,,,,
2501,14051.0,3.8,25,30,0,M,20,,,,,
2501,14052.0,0.0,0,0,0,M,20,,,,,
2501,14053.0,6.0,10,30,0,M,20,,,,,
1402,14054.0,11.3,20,0,0,F,20,A,A,A,A,A
1402,14055.0,7.5,0,30,0,F,20,A,A,B,A,A
1402,14056.0,11.1,0,15,0,F,20,A,A,B,A,A
1402,14057.0,15.0,0,0,0,M,20,A,A,D,D,B
1402,14058.0,15.0,0,0,0,M,20,A,A,D,D,B
1402,14059.0,15.0,0,0,0,M,20,A,A,D,D,B
1402,14060.0,15.0,0,0,0,M,20,A,A,D,D,B
1402,14061.0,13.8,0,0,0,M,20,A,A,D,D,C
1402,14062.0,12.9,0,0,0,M,20,A,B,D,E,C
1402,14063.0,15.0,0,0,0,M,20,A,B,D,E,C
1402,14064.0,15.0,0,0,0,M,20,A,C,D,E,D
1402,14065.0,15.0,0,0,0,M,20,A,D,D,E,D
1402,14066.0,16.0,30,20,15,M,20,A,D,E,E,D
1402,14067.0,15.0,0,0,0,M,20,A,D,E,E,D
1402,14068.0,15.0,0,0,0,M,20,A,D,E,E,E
1402,14069.0,8.5,30,0,0,M,20,A,D,E,F,E
1402,14070.0,15.0,0,0,0,M,20,A,D,E,F,E
1402,14071.0,15.0,0,0,0,M,20,A,D,E,F,E
1402,14072.0,15.0,0,0,0,M,20,A,D,E,F,E
1402,14073.0,15.0,0,0,0,M,20,B,D,E,F,F
1402,14074.0,15.0,0,0,0,M,20,B,D,E,F,F
1502,14075.0,3.8,0,0,0,F,20,A,A,B,B,A
1502,14076.0,15.0,0,0,0,F,20,A,A,C,B,A
1502,14077.0,2.4,10,0,0,F,20,A,A,C,B,B
1502,14078.0,15.0,0,0,0,F,20,A,A,C,C,B
1502,14079.0,0.6,10,0,10,F,20,A,A,C,C,B
1502,14080.0,15.0,0,0,0,F,20,A,A,C,C,B
1502,14081.0,15.0,0,0,0,F,20,A,A,C,D,B
1502,14082.0,26.4,0,0,0,F,20,A,A,C,D,B
1502,14083.0,13.3,0,0,0,F,20,A,A,C,D,B
1502,14084.0,5.8,0,30,15,F,20,A,A,C,D,B
1502,14085.0,8.9,10,15,0,F,20,A,A,C,D,B
1502,14086.0,15.0,0,0,0,F,20,A,A,D,D,B
1502,14087.0,12.7,0,0,0,F,20,A,A,D,D,C
1502,14088.0,15.0,0,0,0,F,20,A,A,D,D,C
1502,14089.0,15.0,0,0,0,F,20,A,A,D,D,C
1502,14090.0,7.5,0,35,0,F,20,A,A,D,D,C
1502,14091.0,22.6,0,25,0,F,20,A,B,D,D,D
1502,14092.0,26.2,0,0,0,F,20,A,B,D,D,D
1502,14093.0,15.0,0,0,0,M,20,A,B,D,D,D
1502,14094.0,26.9,0,0,0,M,20,A,B,D,D,D
1502,14095.0,13.1,30,20,40,M,20,A,B,E,D,D
1502,14096.0,13.5,10,0,0,M,20,A,B,E,E,D
1502,14097.0,0.0,0,0,0,M,20,A,C,E,E,D
1502,14098.0,1.6,5,15,0,M,20,A,D,E,E,D
1502,14099.0,0.0,0,0,0,M,20,A,D,E,E,D
1502,14100.0,0.0,0,0,0,M,20,A,D,E,E,D
1502,14101.0,0.0,0,0,0,M,20,A,D,E,E,D
1502,14102.0,0.0,0,0,0,M,20,A,D,E,E,E
1502,14103.0,0.0,0,30,0,M,20,A,D,E,F,E
1502,14104.0,2.0,30,85,50,M,20,A,D,E,F,E
1502,14105.0,26.9,0,0,0,M,20,A,D,E,F,E
1502,14106.0,8.1,50,0,0,M,20,A,D,E,F,E
1502,14107.0,0.0,0,0,0,M,20,A,D,E,F,E
1502,14108.0,5.2,10,20,40,M,20,B,D,F,F,F
1502,14109.0,0.0,0,0,0,M,20,,,,,
1502,14110.0,0.0,0,0,0,M,20,,,,,
1502,14111.0,0.0,0,0,0,M,20,,,,,
1502,14112.0,0.0,0,0,0,M,20,,,,,
1502,14113.0,0.0,0,0,0,M,20,,,,,
1502,14114.0,0.0,0,0,0,M,20,,,,,
1602,14115.0,7.5,10,45,0,F,20,A,A,A,B,A
1602,14116.0,0.0,25,5,0,F,20,A,A,A,B,A
1602,14117.0,22.5,20,10,0,F,20,A,A,A,B,A
1602,14118.0,15.0,0,0,0,F,20,A,A,A,B,A
1602,14119.0,15.0,0,0,0,F,20,A,A,B,B,A
1602,14120.0,15.0,0,0,0,F,20,A,A,B,B,A
1602,14121.0,15.0,0,0,0,F,20,A,A,B,B,A
1602,14122.0,0.0,0,25,0,F,20,A,A,B,B,A
1602,14123.0,5.0,0,0,0,F,20,A,A,B,C,A
1602,14124.0,17.1,0,65,0,F,20,A,A,B,C,A
1602,14125.0,14.7,0,0,0,F,20,A,A,B,C,A
1602,14126.0,15.0,0,0,0,F,20,A,A,B,C,A
1602,14127.0,15.0,0,0,0,F,20,A,A,B,C,A
1602,14128.0,27.3,0,0,0,F,20,A,A,B,C,A
1602,14129.0,6.0,0,0,0,F,20,A,A,C,C,A
1602,14130.0,2.0,0,0,20,F,20,A,A,C,C,A
1602,14131.0,3.6,5,0,5,F,20,A,A,C,C,A
1602,14132.0,3.4,0,0,10,F,20,A,A,C,C,A
1602,14133.0,15.0,0,0,0,F,20,A,A,C,C,B
1602,14134.0,2.2,10,35,30,F,20,A,A,C,C,B
1602,14135.0,15.0,0,0,0,F,20,A,A,C,C,B
1602,14136.0,15.0,0,0,0,F,20,A,A,C,C,B
1602,14137.0,22.8,20,0,10,F,20,A,A,C,D,B
1602,14138.0,27.1,0,0,0,F,20,A,A,C,D,B
1602,14139.0,15.5,10,0,0,F,20,A,A,C,D,B
1602,14140.0,16.0,0,0,0,F,20,A,A,C,D,B
1602,14141.0,15.0,0,0,0,F,20,A,A,C,D,B
1602,14142.0,15.0,0,0,0,F,20,A,A,C,D,B
1602,14143.0,15.0,0,0,0,F,20,A,A,C,D,B
1602,14144.0,22.5,30,0,0,F,20,A,A,C,D,B
1602,14145.0,15.0,10,0,0,F,20,A,A,C,D,B
1602,14146.0,12.5,0,10,0,F,20,A,A,C,D,B
1602,14147.0,1.0,0,0,0,F,20,A,A,C,D,B
1602,14148.0,23.8,0,25,0,F,20,A,A,C,D,B
1602,14149.0,0.0,20,15,0,F,20,A,A,C,D,B
1602,14150.0,7.5,25,15,20,F,20,A,A,D,D,B
1602,14151.0,15.0,0,0,0,F,20,A,A,D,D,C
1602,14152.0,15.0,0,0,0,F,20,A,A,D,D,C
1602,14153.0,15.0,0,0,0,F,20,A,A,D,D,C
1602,14154.0,16.0,0,0,0,F,20,A,A,D,D,C
1602,14155.0,15.0,0,0,0,F,20,A,A,D,D,C
1602,14156.0,15.0,0,0,0,F,20,A,A,D,D,C
1602,14157.0,15.0,0,0,0,F,20,A,A,D,D,C
1602,14158.0,18.0,0,70,0,F,20,A,A,D,E,C
1602,14159.0,28.4,0,0,0,F,20,A,A,D,E,C
1602,14160.0,14.9,0,0,0,F,20,A,A,D,E,C
1602,14161.0,15.0,0,0,0,F,20,A,A,D,E,C
1602,14162.0,4.8,80,0,5,F,20,A,A,D,E,D
1602,14163.0,28.5,0,0,0,F,20,A,A,D,E,D
1602,14164.0,15.0,0,0,0,F,20,A,A,D,E,D
1602,14165.0,13.7,10,15,0,F,20,A,A,D,E,D
1602,14166.0,1.6,0,0,0,F,20,A,A,D,E,D
1602,14167.0,9.9,35,15,0,F,20,A,B,E,E,D
1602,14168.0,15.0,0,0,0,F,20,A,B,E,E,D
1602,14169.0,6.4,10,0,0,F,20,A,B,E,E,D
1602,14170.0,15.0,0,0,0,F,20,A,B,E,E,D
1602,14171.0,12.9,15,0,15,F,20,A,B,E,E,D
1602,14172.0,10.3,0,30,0,F,20,A,B,E,E,E
1602,14173.0,15.0,0,0,0,F,20,A,B,E,E,E
1602,14174.0,15.0,0,0,0,F,20,A,B,E,E,E
1602,14175.0,15.0,0,0,0,F,20,A,B,E,E,E
1602,14176.0,15.0,0,0,0,M,20,A,B,E,E,E
1602,14177.0,15.0,0,0,0,M,20,A,B,E,E,E
1602,14178.0,4.8,10,45,100,M,20,A,B,E,E,E
1602,14179.0,15.0,0,0,0,M,20,A,B,E,E,E
1602,14180.0,15.0,0,0,0,M,20,A,B,E,E,E
1602,14181.0,15.0,0,0,0,M,20,A,C,E,E,E
1602,14182.0,1.6,0,0,10,M,20,A,D,E,E,E
1602,14183.0,18.1,0,0,0,M,20,A,D,E,E,E
1602,14184.0,0.0,0,45,0,M,20,A,D,E,E,E
1602,14185.0,7.5,0,0,0,M,20,A,D,E,E,E
1602,14186.0,6.4,0,0,0,M,20,A,D,E,E,E
1602,14187.0,2.0,0,0,0,M,20,A,D,E,E,E
1602,14188.0,4.4,0,0,0,M,20,A,D,E,E,E
1602,14189.0,12.1,0,10,15,M,20,A,D,E,E,E
1602,14190.0,0.0,50,0,0,M,20,A,D,E,E,E
1602,14191.0,2.0,0,0,0,M,20,A,D,E,E,E
1602,14192.0,2.0,0,0,0,M,20,A,D,E,E,E
1602,14193.0,15.0,0,10,0,M,20,A,D,E,E,E
1602,14194.0,2.0,0,0,0,M,20,A,D,E,E,E
1602,14195.0,28.9,0,0,0,M,20,A,D,E,E,E
1602,14196.0,9.7,0,35,0,M,20,A,D,E,E,E
1602,14197.0,18.0,0,0,0,M,20,A,D,E,E,E
1602,14198.0,8.2,0,0,0,M,20,A,D,E,E,E
1602,14199.0,21.2,35,5,10,M,20,A,D,E,E,E
1602,14200.0,2.0,0,0,0,M,20,A,D,E,E,E
1602,14201.0,15.0,0,0,10,M,20,A,D,E,E,E
1602,14202.0,17.8,0,0,0,M,20,A,D,E,E,E
1602,14203.0,17.0,0,0,0,M,20,A,D,E,E,E
1602,14204.0,17.0,0,0,0,M,20,A,D,E,E,F
1602,14205.0,3.6,0,0,0,M,20,A,D,E,E,F
1602,14206.0,2.4,0,0,0,M,20,A,D,E,E,F
1602,14207.0,0.0,0,15,0,M,20,A,D,E,E,F
1602,14208.0,11.9,25,0,0,M,20,A,D,E,F,F
1602,14209.0,14.1,25,75,0,M,20,A,D,E,F,F
1602,14210.0,13.5,10,5,15,M,20,A,D,E,F,F
1602,14211.0,2.6,0,30,0,M,20,A,D,E,F,F
1602,14212.0,16.5,10,0,0,M,20,A,D,E,F,F
1602,14213.0,3.8,0,0,0,M,20,A,D,F,F,F
1602,14214.0,10.2,40,65,20,M,20,A,D,F,F,F
1602,14215.0,1.0,35,5,0,M,20,A,D,F,F,F
1602,14216.0,13.5,0,30,0,M,20,A,D,F,F,F
1602,14217.0,7.5,10,45,20,M,20,A,D,F,F,F
1602,14218.0,7.5,0,0,0,M,20,A,D,F,F,F
1602,14219.0,7.5,0,0,0,M,20,A,D,F,F,F
1602,14220.0,7.5,0,0,0,M,20,A,D,F,F,F
1602,14221.0,7.5,0,0,0,M,20,A,D,F,F,F
1602,14222.0,7.5,0,0,0,M,20,A,D,F,F,F
1602,14223.0,7.5,0,0,0,M,20,A,D,F,F,F
1602,14224.0,7.5,0,0,0,M,20,B,D,F,F,F
1602,14225.0,7.5,0,0,0,M,20,E,F,F,F,G
1602,14226.0,7.5,0,0,0,M,20,E,F,F,F,G
1602,14227.0,7.5,0,0,0,M,20,,,,,
1602,14228.0,7.5,0,0,0,M,20,,,,,
1602,14229.0,0.0,50,0,0,M,20,,,,,
1602,14230.0,7.5,0,0,0,M,20,,,,,
1602,14231.0,7.5,0,0,0,M,20,,,,,
1602,14232.0,7.5,0,0,0,M,20,,,,,
1602,14233.0,7.5,0,0,0,M,20,,,,,
1602,14234.0,7.5,0,0,0,M,20,,,,,
1602,14235.0,8.5,10,40,0,M,20,,,,,
1602,14236.0,7.5,0,0,0,M,20,,,,,
1602,14237.0,7.5,0,0,0,M,20,,,,,
1602,14238.0,7.5,0,0,0,M,20,,,,,
1602,14239.0,7.5,0,0,0,M,20,,,,,
1602,14240.0,7.5,0,0,0,M,20,,,,,
1602,14241.0,7.5,0,0,0,M,20,,,,,
1602,14242.0,7.5,0,0,0,M,20,,,,,
1602,14243.0,7.5,0,0,0,M,20,,,,,
1602,14244.0,7.5,0,0,0,M,20,,,,,
1602,14245.0,11.8,40,0,5,M,20,,,,,
702,14246.0,7.5,0,0,0,F,20,A,A,B,B,A
702,14247.0,0.0,0,20,0,F,20,A,A,B,C,A
702,14248.0,12.9,0,20,0,F,20,A,A,B,C,A
702,14249.0,7.5,0,0,0,F,20,A,A,C,C,A
702,14250.0,7.5,0,0,0,F,20,A,A,C,D,B
702,14251.0,4.0,0,0,0,M,20,A,A,D,D,B
702,14252.0,7.5,0,0,0,M,20,A,A,D,D,B
702,14253.0,7.5,0,0,0,M,20,A,A,D,D,C
702,14254.0,7.5,0,0,0,M,20,A,A,D,D,C
702,14255.0,7.5,0,0,0,M,20,A,B,D,D,C
702,14256.0,7.5,0,0,0,M,20,A,B,D,D,C
702,14257.0,0.0,10,10,0,M,20,,,,,
904,14258.0,7.5,0,0,0,F,20,A,A,A,A,A
904,14259.0,7.5,0,0,0,F,20,A,A,A,B,A
904,14260.0,7.5,0,0,0,F,20,A,A,A,B,A
904,14261.0,7.5,0,0,0,F,20,A,A,B,B,A
904,14262.0,7.5,0,0,0,F,20,A,A,B,B,A
904,14263.0,4.4,10,0,10,F,20,A,A,B,B,A
904,14264.0,7.5,0,0,0,F,20,A,A,B,B,A
904,14265.0,4.0,0,25,0,F,20,A,A,C,D,B
904,14266.0,16.7,20,0,0,F,20,A,B,C,D,B
904,14267.0,27.1,20,0,0,F,20,A,B,C,D,B
904,14268.0,17.8,0,0,0,F,20,A,B,D,D,B
904,14269.0,29.9,0,0,0,F,20,A,B,D,D,B
904,14270.0,17.2,0,0,10,F,20,A,B,D,D,B
904,14271.0,8.0,25,30,0,F,20,A,B,D,D,C
904,14272.0,7.5,0,50,100,F,20,A,B,D,D,C
904,14273.0,14.5,0,20,0,F,20,A,B,D,D,C
904,14274.0,26.5,0,25,0,F,20,A,B,D,D,C
904,14275.0,16.5,0,0,0,F,20,A,C,D,D,C
904,14276.0,18.6,0,0,0,F,20,A,D,D,D,C
904,14277.0,1.0,0,15,0,F,20,A,D,D,D,C
904,14278.0,23.4,0,45,0,F,20,A,D,D,D,C
904,14279.0,19.0,0,0,0,F,20,A,D,D,D,C
904,14280.0,15.3,0,10,0,F,20,A,D,D,D,D
904,14281.0,2.0,15,5,20,F,20,A,D,D,D,D
904,14282.0,30.4,0,0,0,F,20,A,D,E,D,D
904,14283.0,18.1,0,0,0,F,20,A,D,E,D,D
904,14284.0,2.0,0,0,20,F,20,A,D,E,D,D
904,14285.0,18.9,0,0,0,F,20,A,D,E,E,D
904,14286.0,10.1,0,0,0,F,20,A,D,E,E,D
904,14287.0,6.8,0,10,0,F,20,A,D,E,E,E
904,14288.0,17.0,0,0,0,F,20,A,D,E,E,E
904,14289.0,3.6,0,0,0,F,20,A,D,E,E,E
904,14290.0,6.0,0,0,0,F,20,A,D,E,E,E
904,14291.0,15.1,0,25,0,F,20,B,D,E,E,E
904,14292.0,3.6,0,0,0,F,20,B,D,E,E,E
904,14293.0,19.1,0,0,0,F,20,B,D,E,E,E
904,14294.0,11.1,20,25,10,F,20,B,D,E,E,E
904,14295.0,19.4,0,0,0,F,20,B,D,E,E,E
904,14296.0,15.8,45,45,10,F,20,B,D,F,E,E
904,14297.0,17.2,0,0,0,F,20,B,D,F,F,E
904,14298.0,8.5,0,0,0,F,20,B,D,F,F,E
904,14299.0,12.3,30,10,0,F,20,B,D,F,F,F
904,14300.0,7.5,0,0,0,F,20,B,D,F,F,F
904,14301.0,6.6,0,0,0,F,20,C,E,F,F,F
904,14302.0,3.6,0,0,10,M,20,E,F,F,F,F
904,14303.0,7.6,0,0,0,M,20,E,F,F,F,F
904,14304.0,13.5,40,45,30,M,20,E,F,F,F,F
904,14305.0,7.5,0,0,0,M,20,,,,,
904,14306.0,14.9,0,0,15,M,20,,,,,
904,14307.0,6.4,0,0,0,M,20,,,,,
904,14308.0,0.0,10,10,50,M,20,,,,,
904,14309.0,15.0,0,15,15,M,20,,,,,
904,14310.0,7.5,0,0,5,M,20,,,,,
904,14311.0,8.5,0,0,0,M,20,,,,,
904,14312.0,2.6,10,0,0,M,20,,,,,
904,14313.0,0.0,0,0,0,M,20,,,,,
904,14314.0,15.0,20,0,0,M,20,,,,,
904,14315.0,7.5,20,30,30,M,20,,,,,
904,14316.0,15.9,10,15,0,M,20,,,,,
904,14317.0,17.4,0,0,0,M,20,,,,,
904,14318.0,1.0,35,5,10,M,20,,,,,
904,14319.0,7.6,0,0,0,M,20,,,,,
904,14320.0,7.5,0,0,10,M,20,,,,,
904,14321.0,14.7,0,20,0,M,20,,,,,
904,14322.0,11.9,25,15,15,M,20,,,,,
904,14323.0,12.1,0,35,0,M,20,,,,,
904,14324.0,4.0,0,20,0,M,20,,,,,
904,14325.0,7.5,10,0,0,M,20,,,,,
904,14326.0,7.5,10,0,0,M,20,,,,,
904,14327.0,7.5,0,0,10,M,20,,,,,
904,14328.0,12.1,25,25,0,M,20,,,,,
904,14329.0,7.5,0,0,10,M,20,,,,,
2001,14330.0,9.1,0,0,0,F,20,A,A,A,A,A
2001,14331.0,18.0,0,0,0,F,20,A,A,B,C,B
2001,14332.0,14.5,20,0,20,F,20,A,A,B,C,B
2001,14333.0,14.1,0,25,0,F,20,A,A,C,C,B
2001,14334.0,30.0,10,0,0,F,20,A,A,C,C,B
2001,14335.0,21.6,55,0,10,F,20,A,A,C,C,B
2001,14336.0,1.0,0,25,0,F,20,A,B,C,C,B
2001,14337.0,7.5,0,0,0,F,20,A,D,D,D,C
2001,14338.0,7.5,0,0,0,F,20,A,D,D,D,C
2001,14339.0,20.6,0,0,0,F,20,A,D,D,D,C
2001,14340.0,0.0,20,45,0,F,20,A,D,D,D,D
2001,14341.0,19.8,0,0,0,F,20,A,D,D,D,D
2001,14342.0,7.5,0,0,0,F,20,A,D,D,D,D
2001,14343.0,11.1,0,20,30,F,20,A,D,D,D,D
2001,14344.0,7.5,0,0,0,F,20,A,D,D,D,D
2001,14345.0,19.8,0,0,0,F,20,A,D,D,D,D
2001,14346.0,7.5,0,0,0,F,20,A,D,D,D,E
2001,14347.0,7.5,0,0,0,F,20,A,D,D,E,E
2001,14348.0,10.5,30,15,20,F,20,A,D,D,E,E
2001,14349.0,9.5,0,60,0,F,20,A,D,D,E,E
2001,14350.0,7.5,0,0,0,F,20,A,D,D,E,E
2001,14351.0,16.2,55,0,50,F,20,A,D,D,E,E
2001,14352.0,7.8,0,0,0,F,20,A,D,E,E,E
2001,14353.0,7.5,0,0,0,F,20,B,D,E,E,E
2001,14354.0,7.5,0,0,0,F,20,B,D,E,E,E
2001,14355.0,19.5,0,0,0,F,20,B,D,E,E,E
2001,14356.0,0.0,0,10,0,F,20,B,D,E,E,E
2001,14357.0,9.7,0,0,0,F,20,B,D,E,E,E
2001,14358.0,0.0,0,45,20,F,20,B,D,E,E,E
2001,14359.0,7.5,0,0,0,M,20,B,D,E,F,F
2001,14360.0,7.5,0,0,0,M,20,B,D,E,F,F
2001,14361.0,7.5,0,0,0,M,20,B,D,F,F,F
2001,14362.0,7.5,0,0,0,M,20,B,D,F,F,F
2001,14363.0,0.0,0,0,0,M,20,B,D,F,F,F
2001,14364.0,0.0,0,0,0,M,20,B,D,F,F,F
2001,14365.0,0.0,0,0,0,M,20,B,D,F,F,F
2001,14366.0,15.0,0,20,20,M,20,B,F,F,F,G
2001,14367.0,0.0,0,0,0,M,20,,,,,
2001,14368.0,8.2,0,0,10,M,20,,,,,
2001,14369.0,11.0,60,60,20,M,20,,,,,
2001,14370.0,15.4,0,20,0,M,20,,,,,
2001,14371.0,7.5,0,0,0,M,20,,,,,
2001,14372.0,7.5,0,0,0,M,20,,,,,
2001,14373.0,0.0,0,35,0,M,20,,,,,
2001,14374.0,7.5,0,0,0,M,20,,,,,
2001,14375.0,20.9,0,0,0,M,20,,,,,
2001,14376.0,21.0,0,0,0,M,20,,,,,
2001,14377.0,7.5,0,0,0,M,20,,,,,
2001,14378.0,7.5,0,0,0,M,20,,,,,
702,14379.0,7.5,0,0,0,F,20,A,A,A,A,A
702,14380.0,18.9,0,0,0,F,20,A,A,A,A,A
702,14381.0,7.5,0,0,0,F,20,A,A,A,A,A
702,14382.0,7.5,0,0,0,F,20,A,A,A,B,A
702,14383.0,28.2,25,0,0,F,20,A,A,A,B,A
702,14384.0,7.5,0,0,0,F,20,A,A,A,B,A
702,14385.0,0.0,0,0,0,F,20,A,A,B,B,A
702,14386.0,31.9,0,0,0,F,20,A,A,B,B,A
702,14387.0,5.2,0,0,0,F,20,A,A,B,B,A
702,14388.0,7.5,0,0,0,F,20,A,A,B,B,A
702,14389.0,11.5,0,45,0,F,20,A,A,B,B,A
702,14390.0,7.5,0,0,0,F,20,A,A,B,B,A
702,14391.0,7.5,0,0,0,F,20,A,A,B,B,A
702,14392.0,18.0,0,0,20,F,20,A,A,B,B,A
702,14393.0,11.7,15,15,30,F,20,A,A,B,B,A
702,14394.0,3.0,0,35,10,F,20,A,A,B,B,A
702,14395.0,12.9,25,0,30,F,20,A,B,B,B,A
702,14396.0,7.5,0,0,0,F,20,A,B,B,B,A
702,14397.0,10.1,0,0,0,F,20,A,B,B,B,A
702,14398.0,20.3,50,0,30,F,20,A,B,B,B,A
702,14399.0,20.0,0,0,0,F,20,A,B,B,B,A
702,14400.0,8.5,0,20,50,F,20,A,B,B,B,A
702,14401.0,14.5,50,0,0,F,20,A,B,B,B,A
702,14402.0,19.4,0,0,0,F,20,A,B,B,B,A
702,14403.0,18.8,0,0,0,F,20,A,B,B,B,A
702,14404.0,10.1,0,0,0,F,20,A,B,B,B,A
702,14405.0,20.0,0,0,0,F,20,A,B,B,B,A
702,14406.0,8.0,0,0,0,F,20,A,B,B,B,A
702,14407.0,2.6,0,45,5,F,20,A,B,B,B,A
702,14408.0,10.1,0,0,0,F,20,A,B,B,B,A
702,14409.0,7.6,50,40,0,F,20,A,B,B,B,A
702,14410.0,10.7,50,0,20,F,20,A,B,B,B,A
702,14411.0,3.4,25,0,0,F,20,A,B,B,B,A
702,14412.0,10.1,0,0,0,F,20,A,D,B,C,A
702,14413.0,9.9,50,0,15,F,20,A,D,B,C,A
702,14414.0,3.4,0,15,0,F,20,A,D,B,C,A
702,14415.0,7.5,25,0,0,F,20,A,D,B,C,A
702,14416.0,20.2,0,0,0,F,20,A,D,B,C,A
702,14417.0,10.1,0,0,0,F,20,A,D,B,C,A
702,14418.0,18.6,0,10,0,F,20,A,D,C,C,A
702,14419.0,10.1,0,0,0,M,20,A,D,C,C,A
702,14420.0,11.8,0,45,0,M,20,A,D,C,C,A
702,14421.0,23.2,15,45,0,M,20,A,D,C,C,A
702,14422.0,4.0,50,0,0,M,20,A,D,C,C,A
702,14423.0,8.5,0,0,15,M,20,A,D,C,C,A
702,14424.0,19.8,0,0,0,M,20,A,D,C,C,B
702,14425.0,8.5,0,0,0,M,20,A,D,C,C,B
702,14426.0,8.5,0,0,0,M,20,A,D,C,C,B
702,14427.0,32.9,0,0,0,M,20,A,D,C,C,B
702,14428.0,8.5,0,0,0,M,20,A,D,C,C,B
702,14429.0,2.0,0,0,0,M,20,A,D,C,C,B
702,14430.0,21.2,0,0,0,M,20,A,D,C,C,B
702,14431.0,11.5,0,0,0,M,20,A,D,C,C,B
702,14432.0,11.8,0,35,15,M,20,A,D,C,D,B
702,14433.0,8.5,0,0,0,M,20,A,D,D,D,B
702,14434.0,20.6,0,0,0,M,20,A,D,D,D,B
702,14435.0,20.0,0,0,0,M,20,A,D,D,D,B
702,14436.0,8.5,0,0,0,M,20,A,D,D,D,B
702,14437.0,9.5,5,0,0,M,20,A,D,D,D,B
702,14438.0,7.5,20,0,0,M,20,A,D,D,D,B
702,14439.0,9.5,0,0,5,M,20,A,D,D,D,B
702,14440.0,19.4,0,0,0,M,20,A,D,D,D,B
702,14441.0,3.0,15,0,35,M,20,A,D,D,D,B
702,14442.0,1.0,0,0,0,M,20,A,D,D,D,B
702,14443.0,17.6,0,20,0,M,20,A,D,D,D,B
702,14444.0,29.7,20,0,0,M,20,A,D,D,D,B
702,14445.0,14.9,0,30,0,M,20,A,D,D,D,B
702,14446.0,6.2,55,15,35,M,35,A,D,D,D,B
2402,14447.0,0.0,0,0,0,F,20,A,D,D,D,B
2402,14448.0,7.5,0,0,0,F,20,A,D,D,D,B
2402,14449.0,0.0,0,0,0,F,20,A,D,D,D,B
2402,14450.0,12.9,0,40,20,M,20,A,D,D,D,B
2402,14451.0,2.0,0,25,35,M,20,A,D,D,D,B
2402,14452.0,0.0,0,0,0,M,20,A,D,D,D,C
2402,14453.0,0.0,0,0,0,M,20,A,D,D,D,C
2402,14454.0,0.0,0,0,0,M,20,A,D,D,D,C
2402,14455.0,7.5,0,0,0,M,20,A,D,D,D,C
2402,14456.0,7.5,0,0,0,M,20,A,D,D,D,C
2402,14457.0,29.7,0,25,0,M,20,A,D,D,D,C
2402,14458.0,0.0,0,0,0,M,20,A,D,E,D,D
2402,14459.0,0.0,0,0,0,M,20,A,D,E,E,D
2402,14460.0,7.5,0,0,0,M,20,A,D,E,E,D
2402,14461.0,10.9,60,15,0,M,20,A,D,E,E,D
2402,14462.0,33.3,0,0,0,M,20,A,D,E,E,D
2402,14463.0,9.9,0,0,0,M,20,B,D,E,F,D
2402,14464.0,16.5,0,30,0,M,20,B,F,E,F,D
2402,14465.0,0.0,0,0,0,M,20,C,F,F,F,E
2402,14466.0,0.0,0,0,0,M,20,C,F,F,F,E
2402,14467.0,11.9,0,0,0,M,20,E,F,F,F,F
2402,14468.0,0.0,0,0,0,M,20,,,,,
2402,14469.0,22.5,0,0,0,M,20,,,,,
2402,14470.0,0.0,0,0,0,M,20,,,,,
2402,14471.0,0.0,0,0,0,M,20,,,,,
2402,14472.0,0.0,0,0,0,M,20,,,,,
2402,14473.0,7.5,0,0,0,M,20,,,,,
2402,14474.0,0.0,0,0,0,M,20,,,,,
2402,14475.0,7.5,0,0,0,M,20,,,,,
2402,14476.0,0.0,0,0,0,M,20,,,,,
2402,14477.0,23.4,30,0,35,M,20,,,,,
2402,14478.0,7.5,0,0,0,M,20,,,,,
2402,14479.0,9.5,10,0,0,M,20,,,,,
2402,14480.0,0.0,0,0,0,M,20,,,,,
2402,14481.0,0.0,0,0,0,M,20,,,,,
2402,14482.0,0.0,0,0,0,M,20,,,,,
2402,14483.0,0.0,0,0,0,M,20,,,,,
2402,14484.0,0.0,0,0,0,M,20,,,,,
2402,14485.0,0.0,0,0,0,M,20,,,,,
2402,14486.0,0.0,0,0,0,M,20,,,,,
2402,14487.0,0.0,0,0,0,M,20,,,,,
2402,14488.0,0.0,0,0,0,M,20,,,,,
2001,14489.0,0.0,0,0,0,F,20,A,A,A,A,A
2001,14490.0,0.0,0,0,0,F,20,A,A,A,A,A
2001,14491.0,0.0,0,0,0,F,20,A,A,A,A,A
2001,14492.0,0.0,0,0,0,F,20,A,A,A,A,A
2001,14493.0,7.5,0,25,0,F,20,A,A,A,B,A
2001,14494.0,0.0,0,0,0,F,20,A,A,A,B,A
2001,14495.0,0.0,0,0,0,F,20,A,A,A,B,A
2001,14496.0,11.1,0,0,0,F,20,A,A,A,B,A
2001,14497.0,9.5,10,0,0,F,20,A,A,A,B,A
2001,14498.0,0.0,0,0,0,F,20,A,A,A,B,A
2001,14499.0,0.0,0,45,0,F,20,A,A,A,B,A
2001,14500.0,22.5,0,0,0,F,20,A,A,A,B,A
2001,14501.0,0.0,0,45,0,F,20,A,A,B,B,A
2001,14502.0,21.2,0,0,0,F,20,A,A,B,B,A
2001,14503.0,2.4,25,25,10,F,20,A,B,B,B,A
2001,14504.0,21.4,0,0,0,F,20,A,B,B,B,A
2001,14505.0,22.5,0,0,0,F,20,A,B,B,B,A
2001,14506.0,21.0,50,15,20,F,20,A,B,B,B,A
2001,14507.0,15.3,50,0,0,F,20,A,B,B,B,A
2001,14508.0,22.5,0,0,0,F,20,A,B,B,B,A
2001,14509.0,33.6,0,0,0,F,20,A,B,B,B,A
2001,14510.0,6.8,0,0,0,F,20,A,B,B,B,A
2001,14511.0,9.1,0,0,0,F,20,A,B,B,B,A
2001,14512.0,22.5,0,0,0,F,20,A,D,B,B,A
2001,14513.0,22.5,0,0,0,F,20,A,D,B,B,A
2001,14514.0,6.8,0,0,0,F,20,A,D,B,B,A
2001,14515.0,10.1,10,55,0,F,20,A,D,B,C,A
2001,14516.0,16.0,15,20,10,F,20,A,D,B,C,A
2001,14517.0,11.5,0,0,0,F,20,A,D,B,C,A
2001,14518.0,22.4,0,0,0,F,20,A,D,B,C,A
2001,14519.0,7.5,50,45,5,F,20,A,D,B,C,A
2001,14520.0,9.9,10,0,0,F,20,A,D,B,C,A
2001,14521.0,30.6,0,20,0,F,20,A,D,B,C,A
2001,14522.0,1.4,0,35,0,F,20,A,D,B,C,A
2001,14523.0,19.0,0,15,0,F,20,A,D,B,C,A
2001,14524.0,12.1,0,0,0,F,20,A,D,B,D,A
2001,14525.0,4.6,10,35,0,F,20,A,D,B,D,A
2001,14526.0,22.5,0,0,0,F,20,A,D,B,D,A
2001,14527.0,22.5,0,0,0,F,20,A,D,B,D,A
2001,14528.0,22.5,0,0,0,F,20,A,D,B,D,A
2001,14529.0,22.5,0,0,0,F,20,A,D,B,D,A
2001,14530.0,22.5,0,0,0,F,20,A,D,C,D,A
2001,14531.0,22.5,0,0,0,F,20,A,D,C,D,B
2001,14532.0,22.5,0,0,0,F,20,A,D,C,D,B
2001,14533.0,11.2,0,0,0,F,20,A,D,C,D,B
2001,14534.0,2.4,0,0,30,F,20,A,D,C,D,B
2001,14535.0,22.5,0,0,0,F,20,A,D,C,D,B
2001,14536.0,22.5,0,0,0,F,20,A,D,C,D,B
2001,14537.0,22.5,0,0,0,F,20,A,D,D,D,B
2001,14538.0,5.8,25,0,10,F,20,A,D,D,D,B
2001,14539.0,15.1,20,0,30,F,20,A,D,D,D,B
2001,14540.0,7.0,20,0,10,F,20,A,D,D,D,B
2001,14541.0,0.0,0,45,0,F,20,A,D,D,D,B
2001,14542.0,10.1,0,10,0,F,20,A,D,D,D,B
2001,14543.0,15.1,0,0,0,F,20,A,D,D,D,B
2001,14544.0,2.6,40,75,20,F,20,A,D,D,D,B
2001,14545.0,23.0,0,0,0,F,20,A,D,D,D,B
2001,14546.0,2.0,40,15,10,F,20,A,D,D,D,B
2001,14547.0,9.5,0,0,0,F,20,A,D,D,D,B
2001,14548.0,20.4,0,0,0,F,20,A,D,D,D,B
2001,14549.0,2.0,10,0,0,F,20,B,D,D,D,B
2001,14550.0,22.5,0,0,0,F,20,B,D,D,D,B
2001,14551.0,25.0,0,0,60,F,20,B,D,D,D,B
2001,14552.0,30.8,10,10,0,F,20,B,D,D,D,B
2001,14553.0,9.5,0,0,0,F,20,B,D,D,D,B
2001,14554.0,15.0,0,50,0,F,20,B,D,D,D,B
2001,14555.0,23.2,0,0,0,F,20,B,D,D,D,C
2001,14556.0,17.6,0,20,0,F,20,B,D,D,E,C
2001,14557.0,16.0,10,0,25,F,20,B,D,D,E,C
2001,14558.0,21.6,0,0,0,F,20,B,D,D,E,C
2001,14559.0,15.0,45,0,0,F,20,C,D,D,E,D
2001,14560.0,7.2,0,0,0,F,20,C,D,E,E,D
2001,14561.0,33.8,0,0,0,F,20,C,F,E,E,D
2001,14562.0,17.0,0,40,0,F,20,E,F,E,F,D
2001,14563.0,20.4,0,0,0,F,20,E,F,E,F,E
2001,14564.0,4.4,10,10,30,F,20,,,,,
2001,14565.0,8.6,10,0,10,F,20,,,,,
2001,14566.0,10.8,0,0,0,F,20,,,,,
2001,14567.0,2.6,30,0,0,F,20,,,,,
2001,14568.0,14.3,80,20,30,F,20,,,,,
2001,14569.0,20.4,0,0,0,F,20,,,,,
2001,14570.0,9.5,0,0,0,F,20,,,,,
2001,14571.0,18.0,0,0,15,F,20,,,,,
2001,14572.0,22.5,0,0,0,M,20,,,,,
2001,14573.0,3.2,0,50,0,M,20,,,,,
2001,14574.0,22.4,0,0,0,M,20,,,,,
2001,14575.0,18.8,20,40,40,M,20,,,,,
2001,14576.0,11.9,0,0,0,M,20,,,,,
4004,14577.0,7.5,0,0,0,F,20,A,A,A,A,A
4004,14578.0,7.5,30,0,0,F,20,A,A,A,B,A
4004,14579.0,7.5,0,0,0,F,20,A,A,A,B,A
4004,14580.0,0.0,0,5,5,F,20,A,A,A,B,A
4004,14581.0,19.6,0,0,25,F,20,A,A,A,B,A
4004,14582.0,7.5,0,0,0,F,20,A,A,B,B,A
4004,14583.0,7.5,0,0,0,F,20,A,A,B,B,A
4004,14584.0,7.5,0,0,0,F,20,A,A,B,B,A
4004,14585.0,7.5,0,0,0,F,20,A,A,B,B,A
4004,14586.0,7.5,0,20,10,F,20,A,A,B,B,B
4004,14587.0,12.1,0,0,0,F,20,A,A,B,B,B
4004,14588.0,17.4,40,0,0,F,20,A,A,B,C,B
4004,14589.0,7.5,0,0,0,M,20,A,A,B,C,B
4004,14590.0,22.2,0,0,0,M,20,A,A,B,C,B
4004,14591.0,10.0,0,0,0,M,20,A,A,B,C,B
4004,14592.0,7.5,20,10,0,M,20,A,A,B,C,B
4004,14593.0,7.5,0,0,0,M,20,A,A,B,C,B
4004,14594.0,7.5,0,0,0,M,20,A,A,C,C,B
4004,14595.0,7.5,0,0,0,M,20,A,A,C,C,B
4004,14596.0,10.1,0,0,0,M,20,A,A,C,C,B
4004,14597.0,10.0,0,0,0,M,20,A,A,C,C,B
4004,14598.0,0.0,0,0,10,M,20,A,A,C,C,B
4004,14599.0,7.5,0,25,0,M,20,A,A,C,C,C
4004,14600.0,0.0,0,0,10,M,20,A,A,C,C,C
4004,14601.0,9.5,0,5,0,M,20,A,A,C,D,C
4004,14602.0,7.5,0,0,0,M,20,A,B,C,D,C
4004,14603.0,7.5,0,0,0,M,20,A,B,C,D,C
4004,14604.0,7.5,0,0,0,M,20,A,B,D,D,C
4004,14605.0,1.0,0,0,0,M,20,A,B,D,D,C
4004,14606.0,10.1,0,0,0,M,20,A,B,D,D,C
4004,14607.0,7.5,0,0,0,M,20,A,B,D,D,C
4004,14608.0,7.5,0,0,0,M,20,A,B,D,D,C
4004,14609.0,7.5,0,0,0,M,20,A,B,D,D,C
4004,14610.0,7.5,0,0,0,M,20,A,B,D,D,D
4004,14611.0,7.5,0,0,0,M,20,A,C,D,D,D
4004,14612.0,7.5,0,0,0,M,20,A,C,D,D,D
4004,14613.0,22.5,0,5,0,M,20,A,D,D,D,D
4004,14614.0,7.5,0,0,0,M,20,A,D,D,D,D
4004,14615.0,7.5,0,0,0,M,20,A,D,D,D,D
4004,14616.0,21.9,0,0,0,M,20,A,D,D,D,D
4004,14617.0,7.5,0,0,0,M,20,A,D,D,D,D
4004,14618.0,7.5,0,0,0,M,20,A,D,D,D,D
4004,14619.0,7.5,0,0,0,M,20,A,D,D,D,D
4004,14620.0,7.5,0,0,0,M,20,A,D,D,D,D
4004,14621.0,8.4,30,60,10,M,20,A,D,D,D,D
4004,14622.0,29.1,0,25,10,M,20,A,D,D,D,D
4004,14623.0,7.5,0,0,0,M,20,A,D,D,D,D
4004,14624.0,0.0,0,0,10,M,20,A,D,D,D,D
4004,14625.0,0.0,0,0,10,M,20,A,D,D,D,D
4004,14626.0,7.5,0,0,0,M,20,A,D,D,D,D
4004,14627.0,7.5,0,0,0,M,20,A,D,D,D,E
4004,14628.0,7.5,0,0,0,M,20,A,D,D,D,E
4004,14629.0,7.5,0,0,0,M,20,A,D,D,D,E
4004,14630.0,7.5,0,0,0,M,20,A,D,D,D,E
4004,14631.0,7.8,0,0,0,M,20,A,D,D,D,E
4004,14632.0,7.5,0,0,0,M,20,A,D,D,E,E
4004,14633.0,7.5,0,0,0,M,20,A,D,D,E,E
4004,14634.0,7.5,0,0,0,M,20,A,D,D,E,E
4004,14635.0,7.5,0,0,0,M,20,A,D,D,E,E
4004,14636.0,10.5,0,65,20,M,20,A,D,D,E,E
4004,14637.0,7.5,0,0,0,M,20,A,D,D,E,E
4004,14638.0,7.5,0,0,0,M,20,A,D,D,E,E
4004,14639.0,7.5,0,0,0,M,20,A,D,D,E,E
4004,14640.0,7.4,30,45,15,M,20,A,D,E,E,E
4004,14641.0,7.5,0,0,0,M,20,A,D,E,E,E
4004,14642.0,7.5,0,0,0,M,20,A,D,E,E,E
4004,14643.0,16.3,0,30,0,M,20,A,D,E,E,E
4004,14644.0,1.0,0,0,0,M,20,A,D,E,E,E
4004,14645.0,7.5,0,0,0,M,20,A,D,E,E,E
4004,14646.0,7.5,0,0,0,M,20,A,D,E,E,E
4004,14647.0,7.5,0,0,0,M,20,A,D,E,E,E
4004,14648.0,7.5,0,0,0,M,20,A,D,E,E,E
4004,14649.0,7.5,0,0,0,M,20,A,D,E,E,E
4004,14650.0,7.5,0,0,0,M,20,A,D,E,F,E
4004,14651.0,7.5,0,0,0,M,20,A,D,E,F,F
4004,14652.0,7.5,0,0,0,M,20,A,D,E,F,F
4004,14653.0,6.0,0,10,0,M,20,A,D,E,F,F
4004,14654.0,7.5,0,0,0,M,20,A,D,E,F,F
4004,14655.0,8.2,60,20,20,M,20,A,D,E,F,F
4004,14656.0,7.5,0,0,0,M,20,B,F,E,F,F
4004,14657.0,21.0,0,0,0,M,20,B,F,F,F,F
4004,14658.0,7.5,0,0,0,M,20,B,F,F,F,F
4004,14659.0,7.5,0,0,0,M,20,B,F,F,F,F
4004,14660.0,7.5,0,0,0,M,20,C,F,F,F,F
4004,14661.0,7.5,0,0,0,M,20,E,F,F,F,F
4004,14662.0,7.5,0,0,0,M,20,,,,,
4004,14663.0,16.4,0,30,0,M,20,,,,,
4004,14664.0,7.5,0,0,0,M,20,,,,,
4004,14665.0,7.5,0,0,0,M,20,,,,,
4004,14666.0,30.0,0,30,0,M,20,,,,,
4004,14667.0,10.1,0,0,0,M,20,,,,,
4004,14668.0,23.0,0,0,0,M,20,,,,,
4004,14669.0,7.5,0,0,0,M,20,,,,,
4004,14670.0,7.5,0,0,0,M,20,,,,,
4004,14671.0,7.5,0,0,0,M,20,,,,,
4004,14672.0,3.6,0,0,0,M,20,,,,,
4004,14673.0,7.5,0,0,0,M,20,,,,,
4004,14674.0,7.5,0,0,0,M,20,,,,,
4004,14675.0,1.8,10,30,0,M,20,,,,,
5401,14676.0,10.1,0,0,0,F,20,A,A,A,A,A
5401,14677.0,0.0,0,0,25,F,20,A,A,B,B,A
5401,14678.0,7.5,0,0,0,F,20,A,A,B,B,A
5401,14679.0,7.5,0,0,0,F,20,A,A,B,B,A
5401,14680.0,22.5,5,0,0,F,20,A,A,B,B,A
5401,14681.0,22.6,0,5,0,F,20,A,A,B,B,A
5401,14682.0,1.0,35,40,0,F,20,A,A,B,B,A
5401,14683.0,21.0,0,0,15,F,20,A,A,B,B,A
5401,14684.0,22.5,0,0,0,F,20,A,A,B,B,A
5401,14685.0,22.5,0,0,0,F,20,A,A,B,C,A
5401,14686.0,22.5,0,0,0,F,20,A,A,B,C,A
5401,14687.0,10.5,0,0,0,F,20,A,A,B,C,A
5401,14688.0,27.7,35,0,10,F,20,A,A,B,C,A
5401,14689.0,10.6,0,0,0,F,20,A,A,B,C,A
5401,14690.0,22.5,0,0,0,F,20,A,A,C,C,A
5401,14691.0,16.0,35,0,0,F,20,A,A,C,D,A
5401,14692.0,0.0,0,75,10,F,20,A,B,C,D,A
5401,14693.0,22.5,0,0,0,F,20,A,B,C,D,A
5401,14694.0,21.9,0,0,0,F,20,A,B,D,D,A
5401,14695.0,22.5,0,0,0,F,20,A,B,D,D,A
5401,14696.0,22.5,0,0,0,F,20,A,B,D,D,A
5401,14697.0,22.5,0,0,0,F,20,A,B,D,D,A
5401,14698.0,2.4,85,35,20,F,20,A,B,D,D,A
5401,14699.0,21.2,0,0,0,F,20,A,B,D,D,A
5401,14700.0,6.6,0,10,0,F,20,A,B,D,D,B
5401,14701.0,22.5,0,0,0,F,20,A,B,D,D,B
5401,14702.0,22.5,0,0,0,F,20,A,B,D,D,B
5401,14703.0,22.4,0,0,0,F,20,A,B,D,D,B
5401,14704.0,2.6,0,35,0,F,20,A,D,D,D,B
5401,14705.0,4.8,90,80,30,F,20,A,D,D,D,B
5401,14706.0,23.5,0,0,0,F,20,A,D,D,D,C
5401,14707.0,16.9,0,30,0,F,20,A,D,D,D,C
5401,14708.0,12.7,50,15,10,F,20,A,D,D,D,C
5401,14709.0,0.0,0,0,0,F,20,A,D,D,D,C
5401,14710.0,2.6,10,30,25,F,20,A,D,D,E,C
5401,14711.0,20.8,0,0,10,F,20,A,D,E,E,C
5401,14712.0,29.3,0,35,0,M,20,A,D,E,E,C
5401,14713.0,9.5,20,0,0,M,20,B,D,E,E,C
5401,14714.0,21.2,0,0,0,M,20,B,D,E,E,D
5401,14715.0,22.4,0,0,0,M,20,B,D,E,E,D
5401,14716.0,22.5,0,0,0,M,20,C,D,E,E,E
5401,14717.0,22.5,0,0,0,M,20,C,D,E,E,E
5401,14718.0,22.5,0,0,0,M,20,E,D,E,F,E
5401,14719.0,0.0,0,0,0,M,20,E,D,F,F,E
5401,14720.0,22.5,0,0,0,M,20,E,D,F,F,E
5401,14721.0,0.0,0,0,0,M,20,E,D,F,F,F
5401,14722.0,21.8,0,0,0,M,20,E,F,F,F,F
5401,14723.0,6.4,55,45,0,M,20,,,,,
5401,14724.0,22.5,0,0,0,M,20,,,,,
5401,14725.0,11.1,10,55,20,M,20,,,,,
5401,14726.0,20.2,35,50,10,M,20,,,,,
5401,14727.0,12.9,0,0,0,M,20,,,,,
5401,14728.0,13.9,0,0,0,M,20,,,,,
5401,14729.0,3.4,0,0,0,M,20,,,,,
5401,14730.0,5.0,0,20,10,M,20,,,,,
5401,14731.0,5.4,40,10,0,M,20,,,,,
5401,14732.0,10.9,0,0,0,M,20,,,,,
1501,14733.0,10.8,0,0,0,F,20,A,A,B,A,A
1501,14734.0,21.0,20,0,0,F,20,A,A,B,A,A
1501,14735.0,10.3,25,0,0,F,20,A,A,B,B,A
1501,14736.0,8.4,30,0,0,F,20,A,A,B,B,A
1501,14737.0,12.9,0,0,0,F,20,A,A,B,B,A
1501,14738.0,30.6,10,0,20,F,20,A,A,B,B,A
1501,14739.0,14.0,35,0,25,F,20,A,A,C,C,B
1501,14740.0,12.9,0,0,0,F,20,A,B,C,C,B
1501,14741.0,9.5,10,0,25,F,20,A,B,C,D,B
1501,14742.0,22.0,0,15,0,F,20,A,B,D,D,B
1501,14743.0,16.5,30,0,20,F,20,A,B,D,D,B
1501,14744.0,4.8,35,20,0,F,20,A,B,D,D,B
1501,14745.0,5.6,0,20,0,F,20,A,D,D,D,B
1501,14746.0,22.4,0,0,0,F,20,A,D,D,D,B
1501,14747.0,10.1,20,0,0,F,20,A,D,D,D,B
1501,14748.0,3.2,10,25,0,F,20,A,D,D,D,B
1501,14749.0,35.0,0,0,0,F,20,A,D,D,D,B
1501,14750.0,7.5,70,10,30,M,20,A,D,D,D,B
1501,14751.0,8.5,0,0,0,M,20,A,D,D,D,B
1501,14752.0,20.1,0,100,0,M,20,A,D,D,D,C
1501,14753.0,9.5,0,0,0,M,20,B,D,D,D,C
1501,14754.0,8.5,0,0,0,M,20,B,D,D,E,E
1501,14755.0,8.5,0,0,0,M,20,B,D,D,E,E
1501,14756.0,0.0,70,60,30,M,20,E,F,D,F,E
1501,14757.0,2.0,0,0,0,M,20,,,,,
3202,14758.0,19.4,10,15,5,F,20,A,A,A,B,A
3202,14759.0,35.2,0,0,0,F,20,A,A,A,B,A
3202,14760.0,10.4,30,45,0,F,20,A,A,B,B,A
3202,14761.0,19.4,30,0,0,F,20,A,A,B,B,A
3202,14762.0,7.5,35,0,0,F,20,A,A,B,C,A
3202,14763.0,8.5,0,0,0,F,20,A,B,B,C,A
3202,14764.0,11.7,25,40,0,F,20,A,D,C,C,A
3202,14765.0,7.0,0,10,0,F,20,A,D,C,D,A
3202,14766.0,12.5,10,0,50,F,20,A,D,C,D,B
3202,14767.0,2.0,0,0,0,M,20,A,D,D,D,B
3202,14768.0,7.5,0,35,0,M,20,A,D,D,D,B
3202,14769.0,11.3,10,0,0,M,20,A,D,D,D,B
3202,14770.0,7.5,0,25,10,M,20,A,D,D,D,B
3202,14771.0,12.9,0,0,0,M,20,B,D,D,E,B
3202,14772.0,13.7,30,35,5,M,20,B,D,D,E,C
3202,14773.0,9.5,10,15,0,M,20,B,D,E,E,C
3202,14774.0,22.5,0,0,0,M,20,C,F,F,F,E
1602,14775.0,23.2,0,0,0,F,20,A,A,A,A,A
1602,14776.0,22.5,0,0,0,F,20,A,A,A,A,A
1602,14777.0,9.0,40,0,0,F,20,A,A,A,A,A
1602,14778.0,11.1,0,0,0,F,20,A,A,A,A,A
1602,14779.0,0.0,15,0,0,F,20,A,A,A,A,A
1602,14780.0,11.1,0,0,0,F,20,A,A,B,B,A
1602,14781.0,4.2,30,15,15,F,20,A,A,B,B,A
1602,14782.0,16.6,25,25,0,F,20,A,A,B,B,A
1602,14783.0,11.3,0,0,0,F,20,A,A,B,B,A
1602,14784.0,0.0,0,15,0,F,20,A,A,B,B,A
1602,14785.0,7.5,0,15,0,F,20,A,A,B,B,A
1602,14786.0,22.5,0,0,0,F,20,A,A,B,B,A
1602,14787.0,4.2,0,30,0,F,20,A,A,B,B,A
1602,14788.0,2.0,0,45,0,F,20,A,A,B,B,A
1602,14789.0,2.0,0,45,0,F,20,A,A,B,B,A
1602,14790.0,21.4,20,0,0,F,20,A,A,B,B,A
1602,14791.0,18.6,30,0,10,F,20,A,A,B,B,A
1602,14792.0,22.7,0,0,0,F,20,A,A,B,B,A
1602,14793.0,11.1,0,0,0,F,20,A,A,B,B,A
1602,14794.0,22.5,0,0,0,F,20,A,A,B,B,A
1602,14795.0,7.5,0,0,40,F,20,A,A,B,B,A
1602,14796.0,10.1,0,0,0,F,20,A,B,B,B,A
1602,14797.0,7.5,0,10,0,F,20,A,B,B,B,A
1602,14798.0,0.0,50,0,40,F,20,A,B,B,B,A
1602,14799.0,19.9,25,5,0,F,20,A,B,B,B,A
1602,14800.0,10.1,0,0,0,F,20,A,B,B,C,A
1602,14801.0,4.2,30,0,0,F,20,A,B,B,C,A
1602,14802.0,8.9,0,0,0,F,20,A,B,B,C,A
1602,14803.0,8.9,0,0,0,F,20,A,B,B,C,A
1602,14804.0,2.0,30,15,0,F,20,A,B,B,C,A
1602,14805.0,23.4,0,0,0,F,20,A,B,B,C,A
1602,14806.0,20.5,55,45,0,F,20,A,B,C,C,A
1602,14807.0,15.0,0,0,0,F,20,A,B,C,C,A
1602,14808.0,23.4,0,0,0,F,20,A,B,C,C,A
1602,14809.0,22.5,0,0,0,F,20,A,B,C,C,A
1602,14810.0,23.5,50,30,0,F,20,A,B,C,C,A
1602,14811.0,22.5,0,0,0,F,20,A,B,C,C,A
1602,14812.0,10.3,20,45,30,F,20,A,B,C,D,A
1602,14813.0,15.0,25,0,40,F,20,A,B,C,D,A
1602,14814.0,22.5,0,0,0,F,20,A,B,C,D,A
1602,14815.0,18.6,20,20,0,F,20,A,B,C,D,A
1602,14816.0,11.1,0,0,0,F,20,A,B,C,D,A
1602,14817.0,0.0,25,0,0,F,20,A,B,C,D,A
1602,14818.0,7.5,0,0,10,F,20,A,B,C,D,A
1602,14819.0,8.8,10,15,5,F,20,A,B,C,D,B
1602,14820.0,0.0,5,0,10,F,20,A,D,D,D,B
1602,14821.0,0.0,0,10,5,F,20,A,D,D,D,B
1602,14822.0,7.8,20,45,45,F,20,A,D,D,D,B
1602,14823.0,1.0,5,5,0,F,20,A,D,D,D,B
1602,14824.0,15.7,15,30,15,M,20,A,D,D,D,B
1602,14825.0,22.5,0,0,0,M,20,A,D,D,D,B
1602,14826.0,6.2,20,0,30,M,20,A,D,D,D,B
1602,14827.0,20.6,0,20,0,M,20,A,D,D,D,B
1602,14828.0,22.5,0,0,0,M,20,A,D,D,D,B
1602,14829.0,9.5,55,30,0,M,20,A,D,D,D,B
1602,14830.0,22.5,0,0,0,M,20,A,D,D,D,B
1602,14831.0,22.5,0,0,0,M,20,A,D,D,D,B
1602,14832.0,22.5,0,0,0,M,20,A,D,D,D,B
1602,14833.0,22.5,0,0,0,M,20,A,D,D,D,B
1602,14834.0,22.5,0,0,0,M,20,A,D,D,D,B
1602,14835.0,24.7,0,0,0,M,20,A,D,D,D,B
1602,14836.0,22.5,0,0,0,M,20,A,D,D,D,B
1602,14837.0,11.5,0,0,0,M,20,A,D,D,D,B
1602,14838.0,12.9,0,0,0,M,20,A,D,D,D,B
1602,14839.0,22.5,0,0,0,M,20,A,D,D,D,B
1602,14840.0,7.5,0,20,0,M,20,A,D,D,D,B
1602,14841.0,32.8,20,0,0,M,20,A,D,D,D,B
1602,14842.0,15.1,55,0,10,M,20,A,D,D,D,B
1602,14843.0,13.7,0,0,0,M,20,A,D,D,D,B
1602,14844.0,15.7,10,50,0,M,20,A,D,D,D,B
1602,14845.0,22.5,0,0,0,M,20,A,D,D,D,C
1602,14846.0,14.5,30,35,5,M,20,A,D,D,D,C
1602,14847.0,9.5,0,15,0,M,20,A,D,D,D,C
1602,14848.0,22.5,0,0,0,M,20,A,D,D,E,C
1602,14849.0,22.5,0,0,0,M,20,A,D,D,E,C
1602,14850.0,22.5,0,0,0,M,20,A,D,D,E,C
1602,14851.0,22.5,0,0,0,M,20,A,D,D,E,C
1602,14852.0,22.4,0,0,0,M,20,A,D,D,E,C
1602,14853.0,22.5,0,0,0,M,20,A,D,E,E,D
1602,14854.0,17.0,0,35,0,M,20,A,D,E,E,D
1602,14855.0,22.5,0,0,0,M,20,A,D,E,E,D
1602,14856.0,9.1,0,0,0,M,20,B,F,E,E,D
1602,14857.0,10.3,0,0,0,M,20,B,F,E,F,D
1602,14858.0,22.5,0,0,0,M,20,B,F,E,F,E
1602,14859.0,2.6,50,0,30,M,20,B,F,E,F,E
1602,14860.0,23.6,0,0,0,M,20,E,F,F,F,E
1602,14861.0,22.5,0,0,0,M,20,,,,,
1602,14862.0,22.5,0,0,0,M,20,,,,,
1602,14863.0,15.1,10,45,10,M,20,,,,,
1602,14864.0,21.0,0,15,0,M,20,,,,,
1602,14865.0,16.6,10,30,0,M,20,,,,,
1602,14866.0,9.1,0,0,0,M,20,,,,,
1602,14867.0,30.0,0,40,0,M,20,,,,,
1602,14868.0,15.0,50,0,0,M,20,,,,,
3002,14869.0,16.6,25,20,10,F,20,A,A,A,B,A
3002,14870.0,7.6,50,0,70,F,20,A,A,B,B,A
3002,14871.0,8.9,20,15,0,F,20,A,A,B,B,A
3002,14872.0,15.0,0,0,0,M,20,A,A,B,B,A
3002,14873.0,15.9,0,45,0,M,20,A,A,B,B,A
3002,14874.0,12.1,0,0,0,M,20,A,B,B,B,A
3002,14875.0,12.1,0,0,0,M,20,A,B,B,B,A
3002,14876.0,10.7,0,0,0,M,20,A,B,B,B,A
3002,14877.0,15.0,0,0,0,M,20,A,B,B,C,A
3002,14878.0,12.1,0,0,0,M,20,A,B,B,C,B
3002,14879.0,4.4,40,90,10,M,20,A,D,B,C,B
3002,14880.0,7.5,80,0,30,M,20,A,D,B,D,B
3002,14881.0,2.0,10,50,20,M,20,A,D,C,D,B
3002,14882.0,4.4,0,35,0,M,20,A,D,C,D,B
3002,14883.0,25.1,0,45,30,M,20,A,D,C,D,B
3002,14884.0,8.9,20,0,0,M,20,A,D,C,D,B
3002,14885.0,23.9,0,0,0,M,20,A,D,D,D,B
3002,14886.0,12.1,0,0,0,M,20,B,D,D,D,B
3002,14887.0,9.5,0,0,0,M,20,B,D,D,D,C
3002,14888.0,13.3,0,0,5,M,20,B,D,D,D,C
702,14889.0,14.7,0,0,0,F,20,A,D,B,C,A
702,14890.0,17.4,25,15,0,F,20,A,D,B,C,A
702,14891.0,5.4,15,45,0,F,20,A,D,B,D,B
702,14892.0,0.0,0,0,0,F,20,A,D,B,D,B
702,14893.0,3.2,0,45,0,F,20,A,D,C,D,B
702,14894.0,11.1,0,0,10,F,20,A,D,C,D,B
702,14895.0,0.0,0,0,0,F,20,A,D,C,D,B
702,14896.0,0.0,0,0,0,F,20,A,D,C,D,B
702,14897.0,12.5,0,0,0,F,20,A,D,C,D,B
702,14898.0,10.1,0,0,0,M,20,A,D,C,D,B
702,14899.0,10.1,0,0,0,M,20,A,D,C,D,B
702,14900.0,2.4,10,0,0,M,20,A,D,C,D,B
702,14901.0,10.5,0,35,50,M,20,A,D,C,D,B
702,14902.0,3.6,0,0,0,M,20,A,D,C,D,B
702,14903.0,21.4,25,0,0,M,20,A,D,C,D,B
702,14904.0,0.0,15,0,0,M,20,A,D,C,D,B
702,14905.0,7.5,0,10,15,M,20,A,D,D,D,C
702,14906.0,7.5,0,15,0,M,20,B,D,D,D,C
702,14907.0,4.8,0,0,0,M,20,B,D,D,D,C
702,14908.0,7.5,0,20,15,M,20,B,D,D,D,C
702,14909.0,0.0,0,0,0,M,20,B,D,D,D,C
702,14910.0,15.0,0,60,0,M,20,B,D,D,D,D
702,14911.0,11.7,25,0,0,M,20,B,D,D,D,D
702,14912.0,0.0,0,0,0,M,20,B,D,D,D,D
702,14913.0,20.4,0,20,0,M,20,B,D,D,E,D
702,14914.0,29.2,50,0,0,M,20,B,D,D,E,D
702,14915.0,7.0,30,20,0,M,20,B,D,E,E,D
702,14916.0,5.0,0,0,0,M,20,B,D,E,E,E
702,14917.0,13.1,10,0,0,M,20,B,D,E,F,E
702,14918.0,0.0,0,0,0,M,20,,,,,
702,14919.0,4.2,25,35,10,M,20,,,,,
3202,14920.0,11.7,40,15,40,F,20,A,A,A,B,A
3202,14921.0,18.0,0,50,0,F,20,A,A,A,B,A
3202,14922.0,14.5,0,0,0,F,20,A,A,A,B,A
3202,14923.0,23.4,0,0,0,F,20,A,A,A,B,A
3202,14924.0,0.0,0,25,0,F,20,A,A,B,B,A
3202,14925.0,11.3,0,0,0,F,20,A,A,B,B,A
3202,14926.0,7.5,0,15,0,F,20,A,A,B,C,A
3202,14927.0,8.5,10,0,0,F,20,A,B,B,C,A
3202,14928.0,26.1,0,0,0,F,20,A,C,B,C,A
3202,14929.0,25.8,0,0,0,F,20,A,D,B,C,A
3202,14930.0,0.0,0,0,0,F,20,A,D,B,D,A
3202,14931.0,10.4,25,75,0,F,20,A,D,C,D,A
3202,14932.0,0.0,0,0,0,F,20,A,D,C,D,A
3202,14933.0,10.1,10,0,20,F,20,A,D,C,D,B
3202,14934.0,12.4,0,0,0,F,20,A,D,C,D,B
3202,14935.0,7.0,10,0,40,F,20,A,D,D,D,B
3202,14936.0,10.0,0,0,0,F,20,A,D,D,D,B
3202,14937.0,10.1,0,0,0,F,20,A,D,D,D,B
3202,14938.0,0.0,0,0,0,M,20,A,D,D,D,B
3202,14939.0,15.0,20,0,50,M,20,A,D,D,D,B
3202,14940.0,11.1,10,15,0,M,20,A,D,D,D,B
3202,14941.0,0.0,0,0,0,M,20,B,D,D,D,B
3202,14942.0,24.6,0,0,0,M,20,B,D,D,D,B
3202,14943.0,7.0,30,0,20,M,20,B,D,D,D,B
3202,14944.0,15.0,0,0,0,M,20,B,D,D,D,B
3202,14945.0,3.4,0,30,15,M,20,B,D,D,E,C
3202,14946.0,23.2,10,0,0,M,20,D,D,E,E,D
3202,14947.0,15.0,0,0,0,M,20,E,D,F,E,D
3202,14948.0,15.0,0,0,0,M,20,,,,,
3202,14949.0,10.3,30,0,0,M,20,,,,,
3202,14950.0,15.0,0,0,0,M,20,,,,,
3202,14951.0,18.7,30,0,20,M,20,,,,,
3202,14952.0,15.0,0,0,0,M,20,,,,,
3202,14953.0,15.0,0,0,0,M,20,,,,,
3202,14954.0,15.0,0,0,0,M,20,,,,,
2001,14955.0,15.0,0,0,0,F,20,A,D,D,D,B
2001,14956.0,15.1,0,0,0,F,20,A,D,D,D,B
2001,14957.0,23.6,0,0,0,F,20,A,D,D,D,B
2001,14958.0,18.4,20,15,15,F,20,A,D,D,D,B
2001,14959.0,15.0,0,0,0,F,20,A,D,D,D,B
2001,14960.0,15.0,0,0,0,F,20,A,D,D,D,B
2001,14961.0,15.0,0,0,0,F,20,A,D,D,D,B
2001,14962.0,15.0,0,0,0,F,20,A,D,D,D,B
2001,14963.0,15.0,0,0,0,F,20,A,D,D,D,B
2001,14964.0,15.0,0,0,0,F,20,A,D,D,D,B
2001,14965.0,15.0,0,0,0,F,20,A,D,D,D,B
2001,14966.0,16.0,0,0,0,F,20,A,D,D,D,B
2001,14967.0,15.0,25,25,25,F,20,A,D,D,D,B
2001,14968.0,15.0,0,0,0,F,20,A,D,D,D,B
2001,14969.0,15.0,0,0,0,F,20,A,D,D,D,B
2001,14970.0,15.0,0,0,0,F,20,A,D,D,D,B
2001,14971.0,10.3,15,5,10,F,20,A,D,D,D,B
2001,14972.0,9.5,0,0,5,F,20,A,D,D,D,B
2001,14973.0,2.6,0,0,10,F,20,A,D,D,D,B
2001,14974.0,24.4,40,25,20,F,20,A,D,D,D,B
2001,14975.0,15.0,0,0,0,F,20,A,D,D,D,B
2001,14976.0,15.0,0,0,0,F,20,A,D,D,D,B
2001,14977.0,11.9,20,0,0,F,20,A,D,D,D,B
2001,14978.0,1.4,40,50,0,F,20,B,D,D,D,B
2001,14979.0,15.0,0,0,0,F,20,B,D,D,D,C
2001,14980.0,15.0,0,0,0,M,20,B,D,D,D,C
2001,14981.0,15.0,0,0,0,M,20,B,D,E,D,C
2001,14982.0,15.0,0,0,0,M,20,B,D,E,D,C
2001,14983.0,10.0,0,25,0,M,20,B,D,E,D,C
2001,14984.0,15.0,0,0,0,M,20,B,D,E,D,D
2001,14985.0,15.0,0,0,0,M,20,B,D,E,D,D
2001,14986.0,15.0,30,45,0,M,20,B,D,E,E,D
2001,14987.0,15.0,0,0,0,M,20,C,D,E,E,D
2001,14988.0,15.0,0,0,0,M,20,E,D,E,E,D
2001,14989.0,10.5,30,0,0,M,20,E,D,E,E,D
2001,14990.0,15.0,0,0,0,M,20,E,E,F,E,E
2001,14991.0,22.5,0,25,0,M,20,E,F,F,F,F
2001,14992.0,13.9,15,30,35,M,20,,,,,
2001,14993.0,13.3,65,0,20,M,20,,,,,
2001,14994.0,15.0,0,0,0,M,20,,,,,
2001,14995.0,15.0,0,0,0,M,20,,,,,
2001,14996.0,15.0,0,0,0,M,20,,,,,
2001,14997.0,15.0,0,0,0,M,20,,,,,
2001,14998.0,15.0,0,0,0,M,20,,,,,
2001,14999.0,15.0,0,0,0,M,20,,,,,
1502,15000.0,15.0,0,0,0,F,20,A,A,A,B,A
1502,15001.0,15.0,0,0,0,F,20,A,A,A,B,A
1502,15002.0,15.0,0,0,0,F,20,A,A,B,B,A
1502,15003.0,15.0,0,0,0,F,20,A,A,B,B,A
1502,15004.0,15.0,0,0,0,F,20,A,B,B,B,A
1502,15005.0,15.0,0,0,0,F,20,A,B,B,C,A
1502,15006.0,11.7,0,0,25,F,20,A,B,C,C,A
1502,15007.0,12.5,75,0,0,F,20,A,C,C,C,B
1502,15008.0,24.5,0,0,0,F,20,A,C,C,C,B
1502,15009.0,37.4,0,0,0,F,20,A,D,C,C,B
1502,15010.0,5.6,0,0,0,F,20,A,D,C,C,B
1502,15011.0,37.5,0,0,0,F,20,A,D,C,D,B
1502,15012.0,20.4,55,60,0,F,20,A,D,D,D,B
1502,15013.0,2.0,0,0,15,F,20,A,D,D,D,B
1502,15014.0,25.4,0,0,0,F,20,A,D,D,D,B
1502,15015.0,37.5,0,0,0,F,20,A,D,D,D,B
1502,15016.0,37.5,0,0,0,F,20,A,D,D,D,B
1502,15017.0,13.3,0,0,0,M,20,A,D,D,D,B
1502,15018.0,8.5,0,0,15,M,20,A,D,D,D,B
1502,15019.0,9.1,55,45,0,M,20,A,D,D,D,B
1502,15020.0,17.0,0,0,0,M,20,A,D,D,E,C
1502,15021.0,12.5,50,35,10,M,20,A,D,D,E,C
1502,15022.0,10.7,0,0,0,M,20,A,D,D,E,C
1502,15023.0,11.9,0,0,0,M,20,A,D,D,E,C
1502,15024.0,11.0,0,0,0,M,20,B,D,D,E,C
1502,15025.0,10.9,0,0,0,M,20,B,D,D,E,C
1502,15026.0,18.3,30,0,25,M,20,B,D,D,E,D
1502,15027.0,4.8,50,0,20,M,20,B,D,E,E,E
1502,15028.0,33.2,30,0,0,M,20,B,D,E,F,E
1502,15029.0,3.0,10,0,0,M,20,B,D,E,F,F
1502,15030.0,11.0,25,70,10,M,20,D,F,F,F,G
3502,15031.0,22.0,0,25,5,F,20,A,A,A,A,A
3502,15032.0,4.4,0,0,0,F,20,A,A,A,B,A
3502,15033.0,12.2,20,0,0,F,20,A,A,A,B,A
3502,15034.0,32.9,0,30,0,F,20,A,A,B,B,A
3502,15035.0,25.1,0,0,0,F,20,A,A,B,B,A
3502,15036.0,22.7,90,10,0,F,20,A,A,B,B,A
3502,15037.0,8.9,20,25,0,F,20,A,A,B,B,A
3502,15038.0,15.5,0,0,0,F,20,A,A,B,B,A
3502,15039.0,12.7,25,35,15,F,20,A,A,B,B,A
3502,15040.0,15.9,25,5,40,F,20,A,A,B,B,A
3502,15041.0,12.0,0,0,0,F,20,A,A,B,B,A
3502,15042.0,10.9,0,0,0,F,20,A,A,B,C,A
3502,15043.0,24.2,0,0,0,F,20,A,A,C,C,A
3502,15044.0,9.5,0,10,0,F,20,A,A,C,C,A
3502,15045.0,4.2,0,0,0,F,20,A,A,C,C,A
3502,15046.0,5.6,0,0,0,F,20,A,B,C,C,A
3502,15047.0,10.9,0,0,0,F,20,A,B,C,D,A
3502,15048.0,22.4,0,10,0,F,20,A,B,C,D,A
3502,15049.0,9.2,35,5,0,F,20,A,B,C,D,B
3502,15050.0,21.5,0,15,0,F,20,A,C,C,D,B
3502,15051.0,10.9,0,0,0,F,20,A,C,C,D,B
3502,15052.0,4.4,30,30,0,F,20,A,D,C,D,B
3502,15053.0,11.9,0,0,0,F,20,A,D,C,D,B
3502,15054.0,15.2,0,0,0,M,20,A,D,C,D,B
3502,15055.0,20.5,30,0,10,M,20,A,D,C,D,B
3502,15056.0,3.0,10,0,0,M,20,A,D,D,D,B
3502,15057.0,14.5,40,0,40,M,20,A,D,D,D,B
3502,15058.0,15.0,0,0,0,M,20,A,D,D,D,B
3502,15059.0,22.0,0,15,0,M,20,A,D,D,D,B
3502,15060.0,11.1,10,0,0,M,20,A,D,D,D,B
3502,15061.0,7.5,0,45,10,M,20,A,D,D,D,B
3502,15062.0,4.8,0,0,0,M,20,A,D,D,D,B
3502,15063.0,15.0,0,0,0,M,20,A,D,D,D,B
3502,15064.0,16.5,25,0,45,M,20,A,D,D,D,B
3502,15065.0,15.6,0,0,0,M,20,A,D,D,D,B
3502,15066.0,11.1,0,0,0,M,20,A,D,D,D,B
3502,15067.0,7.5,0,0,0,M,20,A,D,D,D,B
3502,15068.0,7.5,0,0,0,M,20,A,D,D,D,C
3502,15069.0,15.0,0,0,0,M,20,A,D,D,D,C
3502,15070.0,15.3,30,90,30,M,20,A,D,D,D,C
3502,15071.0,15.9,0,0,0,M,20,A,D,D,D,C
3502,15072.0,13.5,0,0,0,M,20,B,D,D,E,C
3502,15073.0,13.7,0,0,0,M,20,B,D,D,E,C
3502,15074.0,0.0,0,0,0,M,20,B,D,E,E,C
3502,15075.0,3.0,0,0,0,M,20,B,D,E,E,D
3502,15076.0,15.0,0,0,0,M,20,B,D,E,E,D
3502,15077.0,5.8,25,10,0,M,20,B,D,E,E,D
3502,15078.0,7.5,40,0,0,M,20,B,D,E,E,D
3502,15079.0,15.0,0,5,0,M,20,B,D,E,F,D
3502,15080.0,3.4,10,0,0,M,20,B,D,E,F,D
3502,15081.0,15.9,0,0,0,M,20,B,D,E,F,E
3502,15082.0,2.6,5,0,10,M,20,B,D,E,F,E
3502,15083.0,15.0,0,0,0,M,20,C,D,E,F,E
3502,15084.0,16.5,20,20,30,M,20,E,D,F,F,F
3502,15085.0,10.9,0,25,0,M,20,E,F,F,F,F
3502,15086.0,21.0,0,0,40,M,20,,,,,
3502,15087.0,0.0,30,0,0,M,20,,,,,
3502,15088.0,13.5,0,0,0,M,20,,,,,
3502,15089.0,15.0,0,0,0,M,20,,,,,
1402,15090.0,7.5,0,0,0,F,20,A,A,A,B,A
1402,15091.0,19.8,10,20,0,F,20,A,A,A,B,A
1402,15092.0,12.7,50,0,50,F,20,A,A,B,B,A
1402,15093.0,15.0,0,0,0,F,20,A,D,B,C,A
1402,15094.0,11.1,0,0,0,F,20,A,D,B,C,A
1402,15095.0,3.6,20,50,10,F,20,A,D,C,C,B
1402,15096.0,12.9,20,70,5,F,20,A,D,C,C,B
1402,15097.0,0.0,30,45,0,F,20,A,D,C,C,B
1402,15098.0,15.0,0,0,0,F,20,A,D,C,C,B
1402,15099.0,2.4,0,60,0,F,20,A,D,C,D,B
1402,15100.0,11.3,0,0,0,F,20,A,D,C,D,B
1402,15101.0,26.4,20,0,55,M,20,A,D,D,D,B
1402,15102.0,15.0,60,15,5,M,20,A,D,D,D,B
1402,15103.0,10.5,10,15,10,M,20,A,D,D,D,B
1402,15104.0,21.0,0,30,10,M,20,A,D,D,D,B
1402,15105.0,2.4,15,0,0,M,20,B,D,D,D,B
1402,15106.0,17.7,50,0,10,M,20,B,D,D,D,D
1402,15107.0,15.0,0,5,0,M,20,B,D,D,D,D
1402,15108.0,15.0,0,0,0,M,20,B,D,E,D,E
1402,15109.0,16.0,0,45,15,M,20,B,D,E,E,E
1402,15110.0,14.1,0,0,0,M,20,B,F,E,E,E
1402,15111.0,0.0,0,0,0,M,20,B,F,E,F,F
1602,15112.0,0.0,0,0,0,F,20,A,A,A,B,A
1602,15113.0,10.6,10,10,15,F,20,A,A,B,B,A
1602,15114.0,11.1,20,0,0,F,20,A,A,B,B,A
1602,15115.0,26.2,0,0,0,F,20,A,A,B,B,A
1602,15116.0,27.1,0,0,0,F,20,A,A,B,B,A
1602,15117.0,13.5,25,0,0,F,20,A,A,C,B,A
1602,15118.0,2.0,10,0,10,F,20,A,A,C,B,A
1602,15119.0,30.8,0,50,0,F,20,A,A,C,C,A
1602,15120.0,4.0,10,0,0,F,20,A,A,D,D,A
1602,15121.0,11.5,0,0,0,F,20,A,A,D,D,A
1602,15122.0,8.8,0,20,0,F,20,A,A,D,D,A
1602,15123.0,5.0,0,0,0,F,20,A,A,D,D,A
1602,15124.0,0.0,0,0,0,F,20,A,B,D,D,B
1602,15125.0,25.1,0,15,0,F,20,A,B,D,D,B
1602,15126.0,0.0,0,15,20,F,20,A,D,D,D,B
1602,15127.0,25.0,40,0,50,F,20,A,D,D,D,B
1602,15128.0,1.0,0,5,0,F,20,A,D,D,D,B
1602,15129.0,21.8,0,20,0,F,20,A,D,D,D,B
1602,15130.0,10.3,30,0,10,F,20,A,D,D,D,B
1602,15131.0,26.2,0,0,0,F,20,A,D,D,D,B
1602,15132.0,16.0,0,0,0,F,20,A,D,D,D,B
1602,15133.0,0.0,0,0,0,F,20,A,D,D,D,B
1602,15134.0,4.6,0,45,0,F,20,A,D,D,D,B
1602,15135.0,16.0,0,0,0,F,20,A,D,D,D,B
1602,15136.0,0.0,0,0,0,F,20,A,D,D,D,C
1602,15137.0,0.0,0,0,0,F,20,A,D,D,E,C
1602,15138.0,23.8,30,0,0,F,20,A,D,E,E,C
1602,15139.0,11.5,0,0,0,F,20,A,D,E,E,C
1602,15140.0,2.8,0,45,15,F,20,A,D,E,E,C
1602,15141.0,18.1,50,0,10,F,20,A,D,E,F,D
1602,15142.0,15.4,50,15,10,M,20,B,D,F,F,D
1602,15143.0,16.0,0,0,0,M,20,B,D,F,F,D
1602,15144.0,9.2,0,15,0,M,20,B,D,F,F,E
1602,15145.0,16.0,0,0,0,M,20,E,E,F,F,E
2402,15146.0,4.0,0,50,0,F,20,A,A,A,B,A
2402,15147.0,0.0,0,0,0,F,20,A,A,A,B,A
2402,15148.0,3.6,10,60,15,F,20,A,A,A,B,A
2402,15149.0,20.4,50,60,10,F,20,A,A,A,B,A
2402,15150.0,4.2,40,35,5,F,20,A,A,A,B,A
2402,15151.0,16.1,0,0,0,F,20,A,A,B,B,A
2402,15152.0,0.0,35,0,0,F,20,A,A,B,B,A
2402,15153.0,11.1,5,0,0,F,20,A,A,B,B,A
2402,15154.0,16.9,30,25,0,F,20,A,A,B,B,A
2402,15155.0,14.9,10,0,0,F,20,A,A,B,B,A
2402,15156.0,26.3,0,0,20,F,20,A,A,B,B,A
2402,15157.0,16.6,20,30,25,F,20,A,A,B,C,A
2402,15158.0,16.4,0,0,0,F,20,A,A,B,C,A
2402,15159.0,7.5,0,30,0,F,20,A,A,B,C,A
2402,15160.0,35.0,0,0,25,F,20,A,A,B,C,A
2402,15161.0,34.3,0,30,0,F,20,A,A,B,C,A
2402,15162.0,21.4,0,25,10,F,20,A,A,B,C,A
2402,15163.0,14.5,0,0,0,F,20,A,A,B,C,A
2402,15164.0,26.4,0,0,0,F,20,A,A,B,C,A
2402,15165.0,11.9,0,0,0,F,20,A,A,C,C,A
2402,15166.0,11.9,0,0,0,F,20,A,A,C,C,A
2402,15167.0,11.9,0,0,0,F,20,A,A,C,C,A
2402,15168.0,16.4,30,45,0,F,20,A,A,C,D,A
2402,15169.0,23.6,0,25,0,F,20,A,B,C,D,A
2402,15170.0,14.3,0,0,0,F,20,A,B,C,D,A
2402,15171.0,22.6,40,0,0,F,20,A,B,C,D,A
2402,15172.0,2.4,20,0,0,F,20,A,B,D,D,B
2402,15173.0,3.0,0,60,0,F,20,A,B,D,D,B
2402,15174.0,24.5,5,15,0,F,20,A,D,D,D,B
2402,15175.0,10.5,10,0,0,F,20,A,D,D,D,B
2402,15176.0,15.0,0,0,10,F,20,A,D,D,D,B
2402,15177.0,12.1,15,0,15,F,20,A,D,D,D,B
2402,15178.0,16.6,0,0,0,F,20,A,D,D,D,B
2402,15179.0,4.4,30,50,0,F,20,A,D,D,D,B
2402,15180.0,16.1,50,0,30,F,20,A,D,D,D,B
2402,15181.0,7.5,45,15,0,F,20,A,D,D,D,B
2402,15182.0,13.3,0,0,0,F,20,A,D,D,D,B
2402,15183.0,7.5,0,30,0,F,20,A,D,D,D,B
2402,15184.0,2.0,0,0,0,F,20,A,D,D,D,B
2402,15185.0,7.5,0,30,0,F,20,A,D,D,D,B
2402,15186.0,14.5,0,0,0,M,20,A,D,D,D,B
2402,15187.0,7.5,0,30,0,M,20,A,D,D,D,B
2402,15188.0,9.5,0,25,0,M,20,A,D,D,D,B
2402,15189.0,9.5,0,25,0,M,20,A,D,D,D,B
2402,15190.0,16.7,30,40,5,M,20,A,D,D,D,B
2402,15191.0,17.5,0,0,0,M,20,A,D,D,D,B
2402,15192.0,15.2,20,0,0,M,20,A,D,D,D,B
2402,15193.0,25.4,0,0,0,M,20,A,D,D,D,B
2402,15194.0,12.1,0,30,0,M,20,A,D,D,D,B
2402,15195.0,25.2,0,0,0,M,20,A,D,D,D,C
2402,15196.0,15.0,10,0,0,M,20,A,D,D,D,C
2402,15197.0,15.0,0,0,10,M,20,A,D,D,D,C
2402,15198.0,8.5,0,45,10,M,20,A,D,D,E,C
2402,15199.0,15.0,0,0,0,M,20,A,D,D,E,C
2402,15200.0,7.5,0,0,0,M,20,A,D,D,E,C
2402,15201.0,15.0,0,0,0,M,20,A,D,D,E,C
2402,15202.0,23.1,0,10,10,M,20,A,D,D,E,C
2402,15203.0,7.5,0,0,0,M,20,A,D,E,E,C
2402,15204.0,14.9,0,0,0,M,20,A,D,E,E,C
2402,15205.0,7.5,0,0,0,M,20,A,D,E,E,C
2402,15206.0,15.0,0,0,0,M,20,A,D,E,E,D
2402,15207.0,15.0,0,0,0,M,20,A,D,E,E,D
2402,15208.0,15.0,0,0,0,M,20,A,D,E,F,D
2402,15209.0,14.7,0,0,0,M,20,A,D,E,F,D
2402,15210.0,15.0,0,0,0,M,20,A,D,E,F,D
2402,15211.0,15.0,0,0,0,M,20,A,D,E,F,D
2402,15212.0,15.0,0,0,0,M,20,B,D,E,F,D
2402,15213.0,15.0,0,0,15,M,20,B,D,E,F,E
2402,15214.0,15.0,0,0,0,M,20,B,D,E,F,E
2402,15215.0,15.0,0,0,0,M,20,B,D,E,F,E
2402,15216.0,15.0,0,0,0,M,20,B,D,E,F,E
2402,15217.0,15.0,0,0,0,M,20,B,E,E,F,E
2402,15218.0,15.0,0,0,0,M,20,C,E,F,F,E
2402,15219.0,16.9,30,35,10,M,20,E,E,F,F,E
2402,15220.0,14.7,0,0,0,M,20,E,E,F,F,E
2402,15221.0,7.5,0,0,0,M,20,E,F,F,F,F
2402,15222.0,18.0,0,0,0,M,20,E,F,F,F,F
2402,15223.0,15.0,0,0,0,M,20,E,F,F,F,F
2402,15224.0,9.5,20,30,0,M,20,,,,,
2402,15225.0,28.1,0,0,0,M,20,,,,,
3002,15226.0,15.0,0,0,0,F,20,A,A,A,A,A
3002,15227.0,7.0,70,65,5,F,20,A,A,A,A,A
3002,15228.0,7.5,0,0,0,F,20,A,A,A,B,A
3002,15229.0,7.5,0,0,0,F,20,A,A,A,B,A
3002,15230.0,15.0,0,0,0,F,20,A,A,A,B,A
3002,15231.0,16.0,0,0,0,F,20,A,A,B,B,A
3002,15232.0,0.0,30,0,10,F,20,A,A,B,B,A
3002,15233.0,4.8,80,0,0,F,20,A,A,B,B,A
3002,15234.0,0.0,15,25,0,F,20,A,A,B,C,A
3002,15235.0,11.1,0,25,0,F,20,A,B,B,C,A
3002,15236.0,31.2,45,0,10,F,20,A,B,B,C,A
3002,15237.0,7.0,30,35,0,F,20,A,B,B,C,A
3002,15238.0,2.6,50,15,0,F,20,A,B,B,C,A
3002,15239.0,13.2,0,10,15,F,20,A,B,B,C,A
3002,15240.0,15.0,0,0,0,F,20,A,C,C,C,A
3002,15241.0,15.0,0,0,0,M,20,A,C,C,C,A
3002,15242.0,15.0,0,0,0,M,20,A,D,C,C,A
3002,15243.0,16.0,0,0,0,M,20,A,D,C,C,A
3002,15244.0,26.4,0,0,10,M,20,A,D,C,D,A
3002,15245.0,14.9,0,0,0,M,20,A,D,C,D,B
3002,15246.0,15.0,0,0,0,M,20,A,D,C,D,B
3002,15247.0,10.9,30,5,5,M,20,A,D,C,D,B
3002,15248.0,15.0,0,0,0,M,20,A,D,C,D,B
3002,15249.0,39.2,0,0,0,M,20,A,D,D,D,B
3002,15250.0,7.2,20,15,30,M,20,A,D,D,D,B
3002,15251.0,14.7,0,0,0,M,20,A,D,D,D,B
3002,15252.0,26.9,0,0,0,M,20,A,D,D,D,B
3002,15253.0,15.0,0,0,0,M,20,A,D,D,D,B
3002,15254.0,0.0,50,0,0,M,20,A,D,D,D,B
3002,15255.0,16.0,0,0,0,M,20,A,D,D,D,B
3002,15256.0,15.0,0,0,0,M,20,A,D,D,D,B
3002,15257.0,11.1,15,15,10,M,20,A,D,D,E,B
3002,15258.0,15.0,0,10,5,M,20,A,D,D,E,B
3002,15259.0,6.4,15,45,10,M,20,A,D,D,E,C
3002,15260.0,10.5,50,0,0,M,20,B,D,D,E,C
3002,15261.0,5.4,0,45,0,M,20,B,D,D,E,C
3002,15262.0,2.6,0,0,0,M,20,B,D,D,E,D
3002,15263.0,9.6,0,45,5,M,20,B,D,D,E,D
3002,15264.0,7.5,0,0,0,M,20,B,D,D,E,D
3002,15265.0,15.0,0,0,0,M,20,B,D,D,F,E
3002,15266.0,13.5,10,0,0,M,20,B,D,E,F,E
3002,15267.0,17.0,0,0,0,M,20,C,E,F,F,E
3002,15268.0,9.5,10,30,10,M,20,E,E,F,F,F
3002,15269.0,2.6,0,0,0,M,20,,,,,
5401,15270.0,15.0,0,0,0,F,20,A,A,A,A,A
5401,15271.0,15.0,0,0,0,F,20,A,A,A,A,A
5401,15272.0,15.0,0,0,0,F,20,A,A,B,B,A
5401,15273.0,15.0,0,0,0,F,20,A,A,B,B,A
5401,15274.0,15.0,0,0,0,F,20,A,A,B,B,A
5401,15275.0,14.4,80,10,0,F,20,A,A,B,C,A
5401,15276.0,6.6,40,20,10,F,20,A,A,C,C,A
5401,15277.0,1.4,5,25,0,F,20,A,B,C,C,B
5401,15278.0,15.0,0,15,0,F,20,A,B,D,C,B
5401,15279.0,7.5,0,0,0,F,20,A,B,D,D,B
5401,15280.0,14.9,0,0,0,F,20,A,B,D,D,B
5401,15281.0,27.1,0,0,0,F,20,A,D,D,D,B
5401,15282.0,16.6,0,0,0,F,20,A,D,D,D,B
5401,15283.0,12.7,0,0,0,F,20,A,D,D,D,B
5401,15284.0,9.9,20,20,10,F,20,A,D,D,D,B
5401,15285.0,7.5,0,0,65,F,20,A,D,D,D,B
5401,15286.0,15.1,0,0,0,M,20,A,D,D,D,B
5401,15287.0,6.4,0,0,0,M,20,A,D,D,D,B
5401,15288.0,27.0,10,0,0,M,20,A,D,D,D,C
5401,15289.0,15.1,0,0,0,M,20,B,D,E,D,D
5401,15290.0,6.0,0,45,0,M,20,B,D,E,E,D
5401,15291.0,20.2,0,25,15,M,20,B,D,E,E,D
5401,15292.0,8.5,25,0,40,M,20,B,D,E,E,D
5401,15293.0,12.9,0,0,0,M,20,B,D,E,E,E
5401,15294.0,7.5,0,35,0,M,20,B,F,F,F,E
5401,15295.0,1.0,0,0,0,M,20,D,F,F,F,E
5401,15296.0,20.8,40,10,0,M,20,E,F,F,F,F
3502,15297.0,13.9,20,0,5,F,20,A,A,B,B,A
3502,15298.0,25.1,25,0,0,F,20,A,A,B,B,A
3502,15299.0,7.5,0,35,0,F,20,A,A,B,B,A
3502,15300.0,14.1,0,0,0,F,20,A,A,B,B,A
3502,15301.0,6.4,50,20,5,F,20,A,A,B,C,A
3502,15302.0,16.0,0,0,10,F,20,A,A,B,C,A
3502,15303.0,26.1,0,0,0,F,20,A,A,B,C,A
3502,15304.0,32.5,30,15,0,F,20,A,A,B,C,A
3502,15305.0,10.7,30,5,10,F,20,A,A,B,C,A
3502,15306.0,22.5,30,10,0,F,20,A,B,B,C,A
3502,15307.0,1.0,25,0,10,F,20,A,B,C,C,A
3502,15308.0,14.1,0,0,0,F,20,A,B,C,C,A
3502,15309.0,4.0,90,35,40,F,20,A,B,C,C,A
3502,15310.0,15.3,0,0,0,F,20,A,B,C,C,A
3502,15311.0,14.9,30,20,40,F,20,A,B,C,C,A
3502,15312.0,0.0,0,0,10,F,20,A,B,C,D,A
3502,15313.0,8.2,30,30,0,F,20,A,B,C,D,A
3502,15314.0,11.9,20,15,0,F,20,A,B,C,D,A
3502,15315.0,1.6,20,0,10,F,20,A,B,C,D,A
3502,15316.0,10.9,35,0,10,M,20,A,C,C,D,A
3502,15317.0,6.8,55,80,10,M,20,A,C,C,D,A
3502,15318.0,6.8,40,10,20,M,20,A,D,C,D,B
3502,15319.0,16.0,30,45,10,M,20,A,D,C,D,B
3502,15320.0,4.0,0,5,10,M,20,A,D,C,D,B
3502,15321.0,24.9,10,15,0,M,20,A,D,C,D,B
3502,15322.0,11.5,0,40,0,M,20,A,D,C,D,B
3502,15323.0,15.5,15,60,15,M,20,A,D,D,D,B
3502,15324.0,13.1,10,0,20,M,20,A,D,D,D,B
3502,15325.0,4.6,0,5,10,M,20,A,D,D,D,B
3502,15326.0,1.6,0,0,0,M,20,A,D,D,D,B
3502,15327.0,5.0,0,0,0,M,20,A,D,D,D,B
3502,15328.0,14.0,0,10,0,M,20,A,D,D,D,B
3502,15329.0,25.4,30,15,50,M,20,A,D,D,D,B
3502,15330.0,5.8,40,35,80,M,20,A,D,D,E,C
3502,15331.0,8.2,0,0,0,M,20,A,D,D,E,C
3502,15332.0,18.2,65,0,0,M,20,A,D,D,E,C
3502,15333.0,11.7,0,0,10,M,20,A,D,D,E,C
3502,15334.0,11.9,25,5,10,M,20,A,D,D,E,C
3502,15335.0,16.2,80,5,0,M,20,A,D,D,E,C
3502,15336.0,25.2,0,25,0,M,20,A,D,D,E,C
3502,15337.0,14.9,15,0,5,M,20,A,D,D,E,C
3502,15338.0,10.3,20,30,0,M,20,A,D,D,E,C
3502,15339.0,13.7,0,15,0,M,20,A,D,D,E,C
3502,15340.0,26.5,0,0,0,M,20,A,D,D,E,C
3502,15341.0,11.7,40,0,0,M,20,A,D,D,E,C
3502,15342.0,13.9,30,30,40,M,20,A,D,E,E,C
3502,15343.0,21.2,0,40,10,M,20,B,D,E,E,C
3502,15344.0,14.7,40,15,40,M,20,B,D,E,E,C
3502,15345.0,5.8,50,5,25,M,20,B,D,E,E,C
3502,15346.0,7.5,75,0,0,M,20,B,D,E,F,D
3502,15347.0,12.1,0,15,0,M,20,C,D,E,F,D
3502,15348.0,14.3,10,0,15,M,20,E,D,E,F,D
3502,15349.0,8.9,0,30,0,M,20,E,F,F,F,E
3502,15350.0,27.1,0,0,0,M,20,E,F,F,F,E
3502,15351.0,23.4,0,20,0,M,20,,,,,
3502,15352.0,6.6,0,0,0,M,20,,,,,
3502,15353.0,3.4,0,0,0,M,20,,,,,
3502,15354.0,16.7,0,0,0,M,20,,,,,
3502,15355.0,0.0,0,0,0,M,20,,,,,
3502,15356.0,8.6,0,0,0,M,20,,,,,
3502,15357.0,10.2,30,30,0,M,20,,,,,
3502,15358.0,15.0,0,0,0,M,20,,,,,
3502,15359.0,0.0,0,0,0,M,20,,,,,
3502,15360.0,0.0,0,0,0,M,20,,,,,
3502,15361.0,15.0,0,0,0,M,20,,,,,
3502,15362.0,15.0,50,0,45,M,20,,,,,
3502,15363.0,15.0,0,0,0,M,20,,,,,
2402,15364.0,3.6,0,0,0,F,20,A,A,A,A,A
2402,15365.0,22.5,50,0,70,F,20,A,A,A,A,A
2402,15366.0,0.0,70,50,0,F,20,A,A,A,A,A
2402,15367.0,15.0,0,0,20,F,20,A,A,A,A,A
2402,15368.0,15.0,0,0,0,F,20,A,A,B,B,A
2402,15369.0,7.5,10,60,0,F,20,A,A,B,B,A
2402,15370.0,14.5,0,0,25,F,20,A,A,B,B,A
2402,15371.0,17.8,0,30,30,F,20,A,A,B,B,A
2402,15372.0,26.7,0,0,0,F,20,A,A,B,B,A
2402,15373.0,0.0,0,0,0,F,20,A,A,B,B,A
2402,15374.0,0.0,0,25,0,F,20,A,A,B,B,A
2402,15375.0,0.0,0,0,0,F,20,A,A,B,B,A
2402,15376.0,11.5,50,0,0,F,20,A,A,B,C,A
2402,15377.0,17.4,0,0,0,F,20,A,A,B,C,A
2402,15378.0,9.9,0,0,0,F,20,A,B,B,C,A
2402,15379.0,16.0,0,0,0,F,20,A,B,B,C,B
2402,15380.0,15.0,0,0,0,F,20,A,B,C,C,B
2402,15381.0,11.4,40,60,25,F,20,A,B,C,C,B
2402,15382.0,15.0,0,0,0,F,20,A,B,C,C,B
2402,15383.0,0.0,0,0,0,F,20,A,B,C,D,B
2402,15384.0,12.4,0,0,15,F,20,A,B,C,D,B
2402,15385.0,13.3,0,0,25,F,20,A,B,C,D,B
2402,15386.0,27.9,0,0,0,F,20,A,C,C,D,B
2402,15387.0,18.0,0,0,0,F,20,A,C,C,D,B
2402,15388.0,15.0,20,0,0,F,20,A,D,D,D,B
2402,15389.0,15.0,20,0,0,F,20,A,D,D,D,B
2402,15390.0,4.2,20,0,0,F,20,A,D,D,D,B
2402,15391.0,0.0,0,0,0,F,20,A,D,D,D,B
2402,15392.0,0.0,0,0,0,F,20,A,D,D,D,B
2402,15393.0,0.0,0,0,0,F,20,A,D,D,D,B
2402,15394.0,0.0,0,0,0,F,20,A,D,D,D,B
2402,15395.0,15.0,0,0,0,F,20,A,D,D,D,B
2402,15396.0,0.0,0,0,0,F,20,A,D,D,D,B
2402,15397.0,0.0,0,0,0,F,20,A,D,D,D,B
2402,15398.0,15.0,0,0,0,F,20,A,D,D,D,B
2402,15399.0,0.0,0,0,0,F,20,A,D,D,D,B
2402,15400.0,0.0,0,0,0,F,20,A,D,D,D,B
2402,15401.0,22.5,0,45,0,F,20,A,D,D,D,B
2402,15402.0,15.0,0,0,0,M,20,A,D,E,E,C
2402,15403.0,0.0,0,0,0,M,20,A,D,E,E,D
2402,15404.0,0.0,0,0,0,M,20,A,D,E,E,D
2402,15405.0,0.0,0,0,0,M,20,B,D,E,E,D
2402,15406.0,3.6,0,0,0,M,20,B,D,E,E,D
2402,15407.0,16.0,0,0,0,M,20,B,D,E,E,D
2402,15408.0,0.0,0,0,0,M,20,B,D,E,E,E
2402,15409.0,14.1,0,15,0,M,20,B,F,F,F,E
2402,15410.0,0.0,0,0,0,M,20,C,F,F,F,E
2402,15411.0,19.2,0,0,0,M,20,E,F,F,F,F
2402,15412.0,0.0,0,0,0,M,20,,,,,
2402,15413.0,0.0,0,0,0,M,20,,,,,
2402,15414.0,0.0,0,0,0,M,20,,,,,
2402,15415.0,0.0,0,0,0,M,20,,,,,
2402,15416.0,0.0,0,0,0,M,20,,,,,
2402,15417.0,15.0,0,0,0,M,20,,,,,
2402,15418.0,0.0,0,0,0,M,20,,,,,
2402,15419.0,0.0,0,0,0,M,20,,,,,
2402,15420.0,0.0,0,0,0,M,20,,,,,
2402,15421.0,0.0,0,0,0,M,20,,,,,
2402,15422.0,16.0,0,0,0,M,20,,,,,
2402,15423.0,0.0,0,0,0,M,20,,,,,
2402,15424.0,15.0,15,5,0,M,20,,,,,
2402,15425.0,9.1,20,0,40,M,20,,,,,
2402,15426.0,9.2,45,75,15,M,20,,,,,
2402,15427.0,6.0,0,0,10,M,20,,,,,
2402,15428.0,17.0,40,45,70,M,20,,,,,
2402,15429.0,7.5,0,0,0,M,20,,,,,
2402,15430.0,7.5,0,0,0,M,20,,,,,
2402,15431.0,7.5,0,0,0,M,20,,,,,
2402,15432.0,17.5,0,0,0,M,20,,,,,
2402,15433.0,7.5,0,0,0,M,20,,,,,
2402,15434.0,7.5,0,0,0,M,20,,,,,
2402,15435.0,7.5,0,0,0,M,20,,,,,
2402,15436.0,20.7,20,0,40,M,20,,,,,
2402,15437.0,7.5,0,0,0,M,20,,,,,
2402,15438.0,7.5,0,0,0,M,20,,,,,
2402,15439.0,16.4,0,0,0,M,20,,,,,
2402,15440.0,19.3,0,0,0,M,20,,,,,
2402,15441.0,7.5,0,0,0,M,20,,,,,
2402,15442.0,0.0,10,0,40,M,20,,,,,
2402,15443.0,7.5,0,0,0,M,20,,,,,
2402,15444.0,7.5,0,0,0,M,20,,,,,
2402,15445.0,7.5,0,0,0,M,20,,,,,
2402,15446.0,7.5,0,0,0,M,20,,,,,
2402,15447.0,7.5,0,0,0,M,20,,,,,
2402,15448.0,7.5,0,0,0,M,20,,,,,
2402,15449.0,7.5,30,0,45,M,20,,,,,
2402,15450.0,7.5,50,0,30,M,20,,,,,
2402,15451.0,7.5,0,0,0,M,20,,,,,
2402,15452.0,7.5,0,0,0,M,20,,,,,
2402,15453.0,7.5,0,0,0,M,20,,,,,
2402,15454.0,7.5,0,0,0,M,20,,,,,
3002,15455.0,13.9,0,0,0,F,20,A,A,A,A,A
3002,15456.0,6.4,0,50,0,F,20,A,A,A,A,A
3002,15457.0,9.5,0,50,10,F,20,A,A,A,A,A
3002,15458.0,6.4,0,10,0,F,20,A,A,A,A,A
3002,15459.0,7.5,0,0,0,F,20,A,A,A,A,A
3002,15460.0,7.5,0,0,0,F,20,A,A,A,A,A
3002,15461.0,0.0,0,0,0,F,20,A,A,A,B,A
3002,15462.0,7.5,0,0,0,F,20,A,A,B,B,A
3002,15463.0,7.5,0,0,0,F,20,A,A,B,B,A
3002,15464.0,7.5,0,0,0,F,20,A,A,B,B,A
3002,15465.0,7.5,0,0,0,F,20,A,A,B,B,A
3002,15466.0,17.6,0,0,0,F,20,A,B,B,B,A
3002,15467.0,16.8,50,90,20,F,20,A,B,B,B,A
3002,15468.0,7.5,0,0,0,F,20,A,B,B,B,A
3002,15469.0,9.1,10,0,0,F,20,A,B,B,B,A
3002,15470.0,27.4,30,25,35,F,20,A,B,B,C,A
3002,15471.0,0.0,0,0,0,F,20,A,B,B,C,A
3002,15472.0,7.5,0,0,0,F,20,A,B,B,C,A
3002,15473.0,12.7,50,60,0,F,20,A,B,B,C,A
3002,15474.0,0.0,0,0,0,F,20,A,C,B,C,A
3002,15475.0,7.5,0,0,0,F,20,A,C,B,C,A
3002,15476.0,7.5,0,0,0,F,20,A,C,B,C,A
3002,15477.0,7.5,0,0,0,F,20,A,D,B,C,A
3002,15478.0,7.5,0,0,0,F,20,A,D,B,C,A
3002,15479.0,7.5,0,0,0,F,20,A,D,C,C,A
3002,15480.0,7.5,0,0,0,F,20,A,D,C,C,A
3002,15481.0,7.5,0,0,0,F,20,A,D,C,C,A
3002,15482.0,7.5,0,0,0,F,20,A,D,C,C,A
3002,15483.0,7.5,0,0,0,F,20,A,D,C,C,A
3002,15484.0,14.3,15,0,0,M,20,A,D,C,D,A
3002,15485.0,7.5,0,0,0,M,20,A,D,C,D,B
3002,15486.0,7.5,0,0,0,M,20,A,D,C,D,B
3002,15487.0,7.5,0,0,0,M,20,A,D,D,D,B
3002,15488.0,7.5,0,0,0,M,20,A,D,D,D,B
3002,15489.0,7.5,0,0,0,M,20,A,D,D,D,B
3002,15490.0,17.0,10,0,0,M,20,A,D,D,D,B
3002,15491.0,7.5,0,0,0,M,20,A,D,D,D,B
3002,15492.0,17.5,25,55,0,M,20,A,D,D,D,B
3002,15493.0,7.5,0,0,0,M,20,A,D,D,D,B
3002,15494.0,7.5,0,0,0,M,20,A,D,D,D,B
3002,15495.0,7.5,0,0,0,M,20,A,D,D,D,B
3002,15496.0,7.5,0,0,0,M,20,A,D,D,D,B
3002,15497.0,7.5,0,0,0,M,20,A,D,D,D,B
3002,15498.0,7.5,0,0,0,M,20,A,D,D,D,B
3002,15499.0,3.0,20,0,10,M,20,A,D,D,D,B
3002,15500.0,7.5,0,0,0,M,20,A,D,D,D,B
3002,15501.0,7.5,0,0,0,M,20,A,D,D,D,B
3002,15502.0,7.5,0,0,0,M,20,A,D,D,D,B
3002,15503.0,7.5,0,0,0,M,20,A,D,D,D,B
3002,15504.0,7.5,0,0,0,M,20,A,D,D,D,B
3002,15505.0,7.5,0,0,0,M,20,A,D,D,D,B
3002,15506.0,0.0,30,0,20,M,20,A,D,D,D,B
3002,15507.0,7.5,0,0,0,M,20,B,D,D,D,B
3002,15508.0,7.5,0,0,0,M,20,B,D,D,D,B
3002,15509.0,0.0,10,30,10,M,20,B,D,D,D,B
3002,15510.0,18.4,0,0,0,M,20,B,D,D,D,B
3002,15511.0,7.5,0,0,0,M,20,B,D,D,D,B
3002,15512.0,7.5,0,0,0,M,20,B,D,D,D,C
3202,15513.0,9.5,30,0,0,F,20,A,A,A,A,A
3202,15514.0,7.5,0,0,0,F,20,A,A,B,B,A
3202,15515.0,7.4,0,0,0,F,20,A,A,B,B,A
3202,15516.0,7.5,0,0,0,F,20,A,A,B,B,A
3202,15517.0,7.5,0,0,0,F,20,A,A,B,B,A
3202,15518.0,7.5,0,0,0,F,20,A,B,B,B,A
3202,15519.0,7.5,0,0,0,F,20,A,B,B,B,A
3202,15520.0,9.5,10,20,30,F,20,A,B,B,B,A
3202,15521.0,7.5,0,0,0,F,20,A,B,B,C,A
3202,15522.0,7.5,0,0,0,F,20,A,B,B,C,A
3202,15523.0,7.5,0,0,0,F,20,A,D,C,D,A
3202,15524.0,22.2,10,25,15,F,20,A,D,C,D,A
3202,15525.0,7.5,0,0,0,F,20,A,D,C,D,B
3202,15526.0,7.5,50,5,20,M,20,A,D,C,D,B
3202,15527.0,7.5,0,0,0,M,20,A,D,C,D,B
3202,15528.0,7.5,0,0,0,M,20,A,D,C,D,B
3202,15529.0,15.3,50,30,0,M,20,,,,,
3202,15530.0,7.5,0,0,0,M,20,,,,,
3202,15531.0,7.5,0,0,0,M,20,,,,,
5401,15532.0,7.5,0,0,0,F,20,A,A,A,C,A
5401,15533.0,7.5,0,0,0,F,20,A,A,B,C,B
5401,15534.0,23.5,20,15,5,F,20,A,A,B,D,B
5401,15535.0,7.5,0,0,0,F,20,A,A,C,D,B
5401,15536.0,7.5,0,0,0,F,20,A,B,C,D,B
5401,15537.0,7.5,0,0,0,F,20,A,D,D,D,B
5401,15538.0,7.5,0,0,0,F,20,A,D,D,D,B
5401,15539.0,7.5,20,40,15,F,20,A,D,D,D,C
5401,15540.0,7.5,0,0,0,F,20,A,D,D,D,D
5401,15541.0,7.5,0,0,0,F,20,A,D,D,D,D
4004,15542.0,7.5,0,0,0,M,20,A,A,B,D,B
4004,15543.0,7.5,0,0,0,M,20,A,A,C,D,B
4004,15544.0,7.5,0,0,0,M,20,A,A,C,D,B
4004,15545.0,7.5,0,0,0,M,20,A,A,C,D,B
4004,15546.0,7.5,0,0,0,M,20,A,A,C,D,B
4004,15547.0,7.5,0,0,0,M,20,A,A,C,D,B
4004,15548.0,7.5,0,0,0,M,20,A,A,D,D,B
4004,15549.0,7.5,0,0,0,M,20,A,A,D,D,B
4004,15550.0,7.5,0,0,0,M,20,A,A,D,D,B
4004,15551.0,7.5,0,0,0,M,20,A,A,D,D,B
4004,15552.0,7.5,0,0,0,M,20,A,A,D,D,B
4004,15553.0,7.5,0,0,0,M,20,A,B,D,D,B
4004,15554.0,7.5,0,0,0,M,20,A,B,D,D,B
4004,15555.0,8.5,20,30,15,M,20,A,B,D,D,B
4004,15556.0,7.5,0,0,0,M,20,A,B,D,D,C
4004,15557.0,7.5,0,0,0,M,20,A,D,D,D,C
4004,15558.0,0.0,0,0,0,M,20,A,D,D,D,C
4004,15559.0,7.5,0,0,0,M,20,A,D,D,E,C
4004,15560.0,4.4,0,0,0,M,20,A,D,D,E,C
4004,15561.0,18.0,0,0,0,M,20,A,D,D,E,D
4004,15562.0,13.1,30,0,10,M,20,A,D,D,E,D
4004,15563.0,1.6,0,20,0,M,20,A,D,E,E,D
4004,15564.0,1.0,0,0,0,M,20,A,D,E,E,E
4004,15565.0,17.0,0,0,0,M,20,A,D,E,E,E
4004,15566.0,10.1,50,10,0,M,20,A,D,E,E,E
4004,15567.0,12.7,30,0,25,M,20,A,D,E,E,E
4004,15568.0,17.0,0,0,0,M,20,A,D,E,E,E
4004,15569.0,4.6,0,0,0,M,20,A,D,E,F,E
4004,15570.0,35.6,0,35,0,M,20,A,D,E,F,E
4004,15571.0,17.0,0,0,0,M,20,A,D,E,F,E
4004,15572.0,17.0,0,0,0,M,20,A,D,E,F,E
4004,15573.0,15.5,10,15,0,M,20,A,D,E,F,F
4004,15574.0,20.0,0,0,0,M,20,B,D,F,F,F
4004,15575.0,7.8,10,0,0,M,20,B,D,F,F,F
4004,15576.0,28.9,0,0,0,M,20,B,E,F,F,F
4004,15577.0,3.4,0,0,30,M,20,E,F,F,F,G
1501,15578.0,35.2,25,15,0,F,20,A,A,A,B,A
1501,15579.0,8.0,0,0,0,F,20,A,A,A,B,A
1501,15580.0,24.0,0,35,5,F,20,A,A,A,B,A
1501,15581.0,4.4,10,15,0,F,20,A,A,B,B,A
1501,15582.0,30.0,0,0,0,F,20,A,A,B,C,A
1501,15583.0,7.5,0,45,0,F,20,A,A,B,C,A
1501,15584.0,9.5,0,0,0,F,20,A,A,B,D,A
1501,15585.0,17.1,0,0,25,F,20,A,B,B,D,A
1501,15586.0,6.8,30,50,0,F,20,A,B,B,D,A
1501,15587.0,30.0,0,0,0,F,20,A,B,C,D,A
1501,15588.0,13.5,90,0,20,F,20,A,B,D,D,B
1501,15589.0,3.2,100,0,5,F,20,A,B,D,D,B
1501,15590.0,14.5,0,0,0,F,20,A,D,D,D,B
1501,15591.0,1.0,0,0,0,F,20,A,D,D,D,B
1501,15592.0,7.5,0,45,0,F,20,A,D,D,D,B
1501,15593.0,17.0,0,0,0,F,20,A,D,D,D,B
1501,15594.0,13.7,0,20,0,F,20,A,D,D,D,B
1501,15595.0,1.0,0,0,0,M,20,A,D,D,D,B
1501,15596.0,14.3,0,0,0,M,20,A,D,D,D,B
1501,15597.0,23.6,25,20,0,M,20,A,D,D,D,B
1501,15598.0,16.1,75,0,0,M,20,A,D,D,D,B
1501,15599.0,12.5,50,50,0,M,20,A,D,D,D,C
1501,15600.0,1.0,0,0,0,M,20,A,D,D,E,C
1501,15601.0,7.5,0,45,0,M,20,A,D,D,E,C
1501,15602.0,14.1,0,10,0,M,20,A,D,E,F,C
1501,15603.0,18.8,0,0,0,M,20,B,D,E,F,C
1501,15604.0,30.0,0,0,0,M,20,E,F,E,F,F
1501,15605.0,11.3,10,30,10,M,20,,,,,
1601,15606.0,29.9,0,0,0,F,20,A,A,B,B,A
1601,15607.0,17.0,0,0,0,F,20,A,A,C,B,A
1601,15608.0,3.2,20,0,10,F,20,A,A,C,C,A
1601,15609.0,17.0,15,0,0,F,20,A,A,C,C,A
1601,15610.0,4.0,20,60,20,F,20,A,A,C,C,A
1601,15611.0,3.2,30,0,0,F,20,A,A,C,C,B
1601,15612.0,15.0,0,0,0,F,20,A,A,C,D,B
1601,15613.0,12.3,0,25,0,F,20,A,A,D,D,B
1601,15614.0,15.0,0,0,0,F,20,A,B,D,D,B
1601,15615.0,7.0,0,40,20,F,20,A,B,D,D,B
1601,15616.0,24.5,10,20,10,F,20,A,B,D,D,B
1601,15617.0,11.3,30,20,5,F,20,A,D,D,D,B
1601,15618.0,15.0,0,0,0,M,20,A,D,D,D,C
1601,15619.0,4.8,0,0,0,M,20,A,D,D,D,C
1601,15620.0,15.7,70,20,0,M,20,A,D,D,E,C
1601,15621.0,14.3,0,20,0,M,20,A,D,E,E,D
1601,15622.0,15.0,0,0,0,M,20,A,D,E,E,E
2402,15623.0,17.1,0,0,0,F,20,A,A,D,D,B
2402,15624.0,15.0,0,0,0,F,20,A,A,D,D,B
2402,15625.0,15.0,0,0,0,F,20,A,A,D,D,B
2402,15626.0,5.0,0,0,0,F,20,A,A,D,D,C
2402,15627.0,15.0,0,0,0,M,20,A,A,D,D,C
2402,15628.0,3.8,20,5,5,M,20,A,A,D,D,C
2402,15629.0,7.5,5,0,0,M,20,A,A,E,E,C
2402,15630.0,33.6,25,30,0,M,20,A,A,E,E,C
2402,15631.0,3.6,30,0,0,M,24,A,B,E,E,C
904,15632.0,15.0,0,0,0,F,20,A,A,B,B,A
904,15633.0,15.0,0,0,0,F,20,A,A,B,B,A
904,15634.0,15.0,0,0,0,F,20,A,A,B,B,A
904,15635.0,12.3,0,15,0,F,20,A,A,B,B,A
904,15636.0,15.0,0,0,0,F,20,A,A,B,B,A
904,15637.0,15.0,0,0,0,F,20,A,A,B,B,A
904,15638.0,10.4,0,30,0,F,20,A,A,B,B,A
904,15639.0,15.0,0,0,0,F,20,A,A,B,B,A
904,15640.0,15.0,0,0,0,F,20,A,A,B,C,A
904,15641.0,15.0,0,0,0,F,20,A,A,B,C,B
904,15642.0,15.0,0,15,0,F,20,A,A,B,C,B
904,15643.0,15.0,0,0,0,F,20,A,A,B,C,B
904,15644.0,15.0,0,0,0,F,20,A,A,B,C,B
904,15645.0,17.3,0,0,0,F,20,A,A,C,C,B
904,15646.0,4.8,0,0,0,F,20,A,A,C,C,B
904,15647.0,2.4,40,0,0,F,20,A,A,C,D,B
904,15648.0,10.5,0,30,0,F,20,A,B,C,D,B
904,15649.0,7.5,5,0,0,M,20,C,D,E,F,D
904,15650.0,15.0,0,0,0,M,20,C,D,E,F,D
904,15651.0,6.0,10,0,5,M,20,D,D,E,F,E
904,15652.0,14.7,30,0,0,M,20,E,D,E,F,E
904,15653.0,16.3,30,60,5,M,20,E,D,E,F,E
904,15654.0,16.4,10,0,10,M,20,E,F,E,F,E
904,15655.0,3.6,20,0,10,M,20,E,F,E,F,E
904,15656.0,16.5,40,45,10,M,20,,,,,
904,15657.0,11.1,35,20,0,M,20,,,,,
904,15658.0,7.5,0,0,5,M,20,,,,,
4004,15659.0,13.3,0,20,0,M,20,A,A,C,D,C
4004,15660.0,15.0,0,0,10,M,20,A,A,C,D,C
4004,15661.0,30.9,0,0,0,M,20,A,A,C,D,C
4004,15662.0,15.0,80,80,20,M,20,A,A,C,D,D
4004,15663.0,7.5,0,10,0,M,20,A,A,C,D,D
4004,15664.0,12.3,0,20,0,M,20,A,A,D,D,D
4004,15665.0,18.6,0,35,30,M,20,A,A,D,D,D
4004,15666.0,11.7,30,15,10,M,20,A,A,D,D,D
4004,15667.0,10.3,0,0,0,M,20,A,A,D,D,D
4004,15668.0,15.0,25,0,0,M,20,A,A,D,D,D
4004,15669.0,13.9,0,0,15,M,20,A,A,D,D,D
4004,15670.0,8.1,0,5,0,M,20,A,D,D,E,E
4004,15671.0,8.5,0,0,0,M,20,A,D,D,E,E
4004,15672.0,19.6,0,0,0,M,20,A,D,D,E,E
4004,15673.0,1.0,25,5,20,M,20,A,D,E,E,E
4004,15674.0,31.2,0,0,0,M,20,A,D,E,E,E
4004,15675.0,10.7,30,20,10,M,20,A,D,E,E,F
4004,15676.0,8.6,50,0,10,M,20,A,F,E,F,F
4004,15677.0,5.2,0,0,0,M,20,B,F,F,F,F
4004,15678.0,30.1,80,0,0,M,20,B,F,F,F,F
3202,15679.0,16.1,25,0,0,M,20,,,,,
4004,15680.0,17.7,0,0,0,F,20,A,A,A,B,A
4004,15681.0,8.5,0,45,0,F,20,A,A,A,B,A
4004,15682.0,8.5,0,0,0,F,20,A,A,B,B,A
4004,15683.0,16.3,25,0,0,F,20,A,A,B,B,A
4004,15684.0,15.1,0,0,0,F,20,A,A,B,B,B
4004,15685.0,15.1,0,0,0,F,20,A,A,B,C,B
4004,15686.0,8.2,0,45,0,F,20,A,A,B,C,B
4004,15687.0,2.0,45,0,0,F,20,A,A,B,C,B
4004,15688.0,7.5,0,0,0,M,20,A,A,D,D,C
4004,15689.0,8.9,0,0,0,M,20,A,A,D,D,C
4004,15690.0,5.0,30,70,0,M,20,A,A,D,D,C
4004,15691.0,7.5,0,0,0,M,20,A,A,D,D,C
4004,15692.0,7.5,0,0,0,M,20,A,A,D,D,C
4004,15693.0,30.0,0,0,0,M,20,A,A,D,D,C
4004,15694.0,7.5,0,0,0,M,20,A,A,D,D,C
4004,15695.0,7.5,0,0,0,M,20,A,A,D,D,C
4004,15696.0,8.9,50,25,0,M,20,A,A,D,D,C
4004,15697.0,10.7,0,0,0,M,20,A,A,D,D,C
4004,15698.0,31.4,0,0,0,M,20,A,A,D,D,C
4004,15699.0,5.8,0,0,0,M,20,A,A,D,D,C
4004,15700.0,10.1,0,35,0,M,20,A,A,D,E,D
4004,15701.0,30.0,0,0,0,M,20,A,A,D,E,D
4004,15702.0,18.2,0,0,0,M,20,A,A,D,E,D
4004,15703.0,17.9,0,0,0,M,20,A,A,D,E,D
4004,15704.0,30.0,0,0,0,M,20,A,A,D,E,D
4004,15705.0,9.1,0,0,0,M,20,A,A,D,E,E
4004,15706.0,18.6,0,0,10,M,20,A,A,D,E,E
4004,15707.0,8.5,0,0,5,M,20,A,A,D,E,E
4004,15708.0,1.4,10,0,40,M,20,A,A,D,E,E
4004,15709.0,4.0,35,0,0,M,20,A,B,E,E,E
4004,15710.0,14.7,35,0,0,M,20,A,B,E,E,E
4004,15711.0,12.8,50,0,0,M,20,A,C,E,E,E
4004,15712.0,11.7,30,70,30,M,20,A,C,E,E,E
4004,15713.0,18.0,0,0,0,M,20,A,C,E,E,E
4004,15714.0,19.2,50,0,30,M,20,A,C,E,E,E
4004,15715.0,1.4,50,0,0,M,20,A,C,E,E,E
4004,15716.0,17.5,25,0,0,M,20,A,C,E,E,E
4004,15717.0,30.0,0,0,0,M,20,A,C,E,E,E
4004,15718.0,7.5,0,0,0,M,20,A,D,E,E,F
4004,15719.0,11.9,0,25,0,M,20,A,D,E,E,F
4004,15720.0,9.7,10,30,0,M,20,A,D,E,E,F
4004,15721.0,13.3,0,15,0,M,20,A,D,E,E,F
4004,15722.0,2.0,0,0,0,M,20,A,D,E,E,F
1602,15723.0,3.2,10,0,0,F,20,A,A,C,D,B
1602,15724.0,11.7,0,0,30,F,20,A,A,C,D,B
1602,15725.0,17.6,20,0,0,F,20,A,A,C,D,B
1602,15726.0,15.0,0,35,0,F,20,A,A,C,D,B
1602,15727.0,30.0,0,0,0,F,20,A,A,C,D,B
1602,15728.0,4.4,30,5,0,F,20,A,A,C,D,B
1602,15729.0,10.5,0,20,15,F,20,A,A,C,D,B
1602,15730.0,30.5,0,0,0,F,20,A,A,C,D,B
1602,15731.0,7.5,30,0,0,F,20,A,A,D,D,B
1602,15732.0,9.5,0,0,0,F,20,A,A,D,D,B
1602,15733.0,5.0,0,0,0,F,20,A,A,D,D,B
1602,15734.0,2.6,0,0,0,F,20,A,A,D,D,B
1602,15735.0,31.6,0,0,0,F,20,A,A,D,D,B
1602,15736.0,0.0,0,0,0,F,20,A,A,D,D,B
1602,15737.0,2.8,0,45,0,F,20,A,A,D,D,C
1602,15738.0,29.8,0,0,0,F,20,A,A,D,D,C
1602,15739.0,6.0,40,0,0,F,20,A,A,D,D,C
1602,15740.0,14.5,30,60,25,F,20,A,A,D,D,C
1602,15741.0,6.4,20,0,0,F,20,A,A,D,D,C
1602,15742.0,14.5,5,25,10,F,20,A,A,D,E,C
1602,15743.0,26.5,30,5,0,F,20,A,A,D,E,C
1602,15744.0,13.3,25,0,30,F,20,A,A,D,E,C
1602,15745.0,13.5,70,50,0,F,20,A,B,D,E,D
1602,15746.0,23.4,10,45,0,F,20,A,B,E,E,D
1602,15747.0,24.2,0,40,0,F,20,A,B,E,E,D
1602,15748.0,0.0,0,0,0,F,20,A,C,E,E,D
1602,15749.0,19.3,10,65,0,M,20,A,C,E,E,D
1602,15750.0,9.4,0,0,0,M,20,A,D,E,E,D
1602,15751.0,31.5,0,0,0,M,20,A,D,E,E,D
1602,15752.0,18.6,0,0,0,M,20,A,D,E,E,D
1602,15753.0,8.4,75,35,30,M,20,A,D,E,E,E
1602,15754.0,9.5,0,0,0,M,20,A,D,E,E,E
1602,15755.0,20.8,75,0,0,M,20,A,D,F,E,E
1602,15756.0,27.7,10,0,0,M,20,B,D,F,F,F
1602,15757.0,3.6,10,0,30,M,20,E,E,F,F,F
1602,15758.0,8.4,50,0,30,M,20,,,,,
1602,15759.0,2.4,0,0,0,M,20,,,,,
1602,15760.0,7.5,15,0,0,M,20,,,,,
1602,15761.0,15.7,0,0,10,M,20,,,,,
1602,15762.0,29.1,0,0,0,M,20,,,,,
1402,15763.0,20.6,0,0,0,M,20,A,A,D,D,B
1402,15764.0,6.2,0,0,0,M,20,A,A,D,D,B
1402,15765.0,30.3,0,0,0,M,20,A,A,D,D,B
1402,15766.0,18.6,0,0,0,M,20,A,A,D,D,B
1402,15767.0,18.4,0,0,0,M,20,A,A,D,D,B
1402,15768.0,20.4,30,35,10,M,20,A,A,D,D,B
1402,15769.0,23.5,15,30,10,M,20,A,B,D,D,B
1402,15770.0,18.0,10,60,20,M,20,A,B,D,D,C
1402,15771.0,5.0,20,0,10,M,20,A,B,D,D,C
1402,15772.0,7.5,0,15,0,M,20,A,B,E,E,C
1402,15773.0,20.6,0,0,0,M,20,A,D,E,E,D
1402,15774.0,9.5,0,0,0,M,20,A,D,E,E,D
702,15775.0,7.5,15,0,0,F,20,A,A,B,B,A
702,15776.0,17.5,0,0,0,F,20,A,A,B,B,B
702,15777.0,2.4,15,20,15,F,20,A,A,B,B,B
702,15778.0,1.4,10,0,0,F,20,A,A,B,B,B
702,15779.0,19.0,0,0,0,F,20,A,A,C,C,B
702,15780.0,16.9,15,0,0,F,20,A,A,C,C,B
702,15781.0,21.0,0,0,0,F,20,A,A,C,D,B
702,15782.0,9.9,0,0,0,F,20,A,A,D,D,B
702,15783.0,6.6,0,0,0,F,20,A,A,D,D,B
702,15784.0,27.8,0,20,0,F,20,A,A,D,D,B
702,15785.0,0.0,0,20,0,F,20,A,A,D,D,B
702,15786.0,15.0,0,0,10,F,20,A,A,D,D,B
702,15787.0,2.4,30,0,20,F,20,A,A,D,D,C
702,15788.0,4.2,20,20,0,F,20,A,A,D,D,C
702,15789.0,7.4,25,0,0,M,20,A,A,D,D,C
702,15790.0,16.3,30,0,0,M,20,A,B,D,D,C
702,15791.0,30.9,0,0,0,M,20,A,D,E,E,E
702,15792.0,28.9,25,0,0,M,20,A,D,F,E,E
702,15793.0,18.3,25,0,0,M,20,A,D,F,F,F
702,15794.0,11.5,0,0,0,M,20,A,F,F,F,F
702,15795.0,30.9,0,0,0,M,20,,,,,
5401,15796.0,15.0,25,15,0,F,20,A,A,A,B,A
5401,15797.0,6.4,0,0,0,F,20,A,A,B,B,A
5401,15798.0,21.3,20,40,0,F,20,A,A,B,B,A
5401,15799.0,8.5,0,0,0,F,20,A,A,B,B,A
5401,15800.0,19.4,30,15,40,F,20,A,A,B,B,A
5401,15801.0,7.5,0,60,0,F,20,A,A,B,B,A
5401,15802.0,24.6,50,0,0,F,20,A,A,B,B,A
5401,15803.0,12.7,10,5,40,F,20,A,A,B,C,A
5401,15804.0,26.0,40,0,0,F,20,A,A,B,C,A
5401,15805.0,11.2,0,45,20,F,20,A,A,B,C,A
5401,15806.0,27.1,40,45,20,F,20,A,A,B,C,A
5401,15807.0,7.5,25,0,0,F,20,A,A,B,C,A
5401,15808.0,18.7,0,0,0,F,20,A,A,B,C,A
5401,15809.0,17.8,0,0,0,F,20,A,A,B,C,A
5401,15810.0,15.0,0,0,0,F,20,A,A,B,C,A
5401,15811.0,8.5,0,0,10,F,20,A,A,C,C,A
5401,15812.0,15.0,0,40,0,F,20,A,A,C,C,A
5401,15813.0,16.4,0,0,0,F,20,A,A,C,C,A
5401,15814.0,17.6,0,0,0,F,20,A,A,C,C,A
5401,15815.0,15.0,0,10,0,F,20,A,A,C,D,A
5401,15816.0,16.6,0,0,0,F,20,A,A,C,D,A
5401,15817.0,8.9,70,0,10,F,20,A,A,C,D,A
5401,15818.0,21.0,0,0,0,F,20,A,A,C,D,A
5401,15819.0,26.5,40,0,0,F,20,A,A,D,D,C
5401,15820.0,19.4,0,0,0,F,20,A,A,D,D,C
5401,15821.0,7.0,0,0,0,F,20,A,A,D,D,C
5401,15822.0,30.0,0,0,0,F,20,A,A,D,D,C
5401,15823.0,19.4,0,0,0,F,20,A,A,D,D,C
5401,15824.0,3.4,0,0,0,F,20,A,A,D,E,C
5401,15825.0,3.2,0,0,0,F,20,A,A,D,E,C
5401,15826.0,16.3,0,20,0,F,20,A,A,D,E,C
5401,15827.0,19.4,0,0,0,F,20,A,A,D,E,C
5401,15828.0,11.9,0,0,0,F,20,A,A,D,E,C
5401,15829.0,10.4,0,0,0,F,20,A,A,D,E,C
5401,15830.0,11.7,0,0,0,F,20,A,A,D,E,C
5401,15831.0,11.9,0,0,0,F,20,A,A,D,E,C
5401,15832.0,10.1,0,0,0,F,20,A,A,D,E,D
5401,15833.0,18.8,30,0,0,F,20,A,A,D,E,D
5401,15834.0,2.6,10,0,40,M,20,A,B,E,E,D
5401,15835.0,15.3,40,0,0,M,20,A,B,E,E,D
5401,15836.0,30.1,0,0,0,M,20,A,B,E,E,D
5401,15837.0,30.0,0,0,0,M,20,A,B,E,E,D
5401,15838.0,10.4,0,0,0,M,20,A,B,E,E,D
5401,15839.0,7.4,5,0,15,M,20,A,B,E,E,D
5401,15840.0,30.0,0,0,0,M,20,A,B,E,E,E
5401,15841.0,25.5,0,30,0,M,20,A,C,E,E,E
5401,15842.0,12.5,0,30,0,M,39,A,C,E,E,E
5401,15843.0,30.0,0,0,0,M,20,A,D,E,F,E
5401,15844.0,9.5,0,0,5,M,20,A,D,E,F,E
5401,15845.0,22.5,0,40,10,M,20,A,D,E,F,E
5401,15846.0,19.9,10,0,0,M,20,A,D,E,F,E
5401,15847.0,10.1,0,30,15,M,20,A,D,E,F,E
5401,15848.0,32.1,0,0,0,M,20,A,D,E,F,F
5401,15849.0,30.0,0,0,0,M,20,A,D,E,F,F
5401,15850.0,10.7,20,45,5,M,20,A,D,E,F,F
5401,15851.0,13.1,10,15,0,M,20,A,D,E,F,F
5401,15852.0,30.0,0,0,0,M,20,B,D,F,F,F
5401,15853.0,8.5,0,55,0,M,20,B,D,F,F,F
5401,15854.0,30.0,0,0,0,M,20,E,D,F,F,F
5401,15855.0,2.6,0,45,5,M,20,E,D,F,F,F
5401,15856.0,2.6,40,0,10,M,20,E,D,F,F,F
5401,15857.0,30.6,0,0,0,M,20,E,F,F,F,G
5401,15858.0,17.0,0,0,0,M,20,E,F,F,F,G
5401,15859.0,12.5,30,0,0,M,20,,,,,
5401,15860.0,19.4,0,0,0,M,20,,,,,
5401,15861.0,21.5,35,10,30,M,20,,,,,
5401,15862.0,18.4,0,0,0,M,20,,,,,
5401,15863.0,31.6,0,0,0,M,20,,,,,
5401,15864.0,5.4,0,25,0,M,20,,,,,
5401,15865.0,7.5,0,0,0,M,20,,,,,
5401,15866.0,9.5,0,0,10,M,20,,,,,
3502,15867.0,4.4,55,30,0,F,20,A,A,A,B,A
3502,15868.0,10.7,0,0,0,F,20,A,A,B,B,A
3502,15869.0,10.7,0,0,0,F,20,A,A,B,B,A
3502,15870.0,7.5,0,0,0,F,20,A,A,B,B,A
3502,15871.0,30.0,20,0,0,F,20,A,A,B,C,A
3502,15872.0,9.1,0,0,0,F,20,A,A,B,C,A
3502,15873.0,7.5,0,0,0,F,20,A,A,C,C,B
3502,15874.0,7.5,0,0,0,F,20,A,A,C,C,B
3502,15875.0,7.5,0,0,0,F,20,A,A,C,C,B
3502,15876.0,7.5,0,0,0,F,20,A,A,C,C,B
3502,15877.0,15.0,0,30,0,F,20,A,A,C,C,B
3502,15878.0,7.5,0,0,0,F,20,A,A,C,D,B
3502,15879.0,7.5,0,0,0,F,20,A,A,D,D,B
3502,15880.0,7.5,0,0,0,F,20,A,A,D,D,B
3502,15881.0,7.5,0,0,0,F,20,A,A,D,D,B
3502,15882.0,0.0,0,20,20,M,20,A,A,D,D,B
3502,15883.0,7.5,0,0,0,M,20,A,A,D,D,B
3502,15884.0,16.5,5,0,0,M,20,A,A,D,D,B
3502,15885.0,26.4,25,0,0,M,20,A,A,D,D,B
3502,15886.0,7.5,0,0,0,M,20,A,A,D,D,C
3502,15887.0,7.5,0,0,0,M,20,A,A,D,D,C
3502,15888.0,7.5,0,0,0,M,20,A,A,D,D,C
3502,15889.0,19.6,0,0,0,M,20,A,B,D,D,C
3502,15890.0,7.5,0,0,0,M,20,A,B,D,D,C
3502,15891.0,15.0,30,0,0,M,20,A,B,D,E,C
3502,15892.0,7.5,0,0,0,M,20,A,B,D,E,C
3502,15893.0,15.0,50,0,0,M,20,A,B,E,E,C
3502,15894.0,10.5,0,0,0,M,20,A,B,E,E,C
3502,15895.0,6.0,20,0,10,M,20,A,D,E,E,D
3502,15896.0,15.5,0,20,0,M,20,A,D,E,E,D
3502,15897.0,7.5,0,0,0,M,20,B,D,E,F,E
3502,15898.0,7.5,0,0,0,M,20,B,D,E,F,E
3502,15899.0,7.5,0,0,0,M,20,C,D,E,F,E
3502,15900.0,7.5,20,55,20,M,20,C,D,F,F,F
3502,15901.0,18.3,0,0,0,M,20,E,D,F,F,F
3502,15902.0,7.5,20,0,0,M,20,,,,,
3502,15903.0,11.1,0,20,20,M,20,,,,,
702,15904.0,30.0,0,0,10,F,20,A,A,A,B,A
702,15905.0,19.8,0,0,0,F,20,A,A,B,B,B
702,15906.0,14.3,0,20,0,F,20,A,A,B,B,B
702,15907.0,7.5,20,0,0,F,20,A,A,B,B,B
702,15908.0,19.8,0,40,30,F,20,A,A,B,C,B
702,15909.0,9.2,0,0,0,F,20,A,A,B,C,B
702,15910.0,10.8,0,0,0,F,20,A,A,B,C,B
702,15911.0,21.6,0,60,0,F,20,A,A,C,C,B
702,15912.0,7.5,0,0,0,F,20,A,A,C,C,B
702,15913.0,7.5,0,0,0,F,20,A,A,C,D,B
702,15914.0,7.5,0,0,0,F,20,A,A,D,D,C
702,15915.0,7.5,0,0,0,F,20,A,A,D,D,C
702,15916.0,7.5,0,0,0,M,20,A,A,D,D,C
702,15917.0,42.4,10,0,0,M,20,A,A,D,D,C
702,15918.0,7.5,0,0,0,M,20,A,A,D,D,C
702,15919.0,7.5,0,0,20,M,20,A,A,D,D,C
702,15920.0,7.5,0,0,20,M,20,A,A,D,D,C
702,15921.0,10.1,0,0,5,M,20,A,A,D,D,D
1602,15922.0,12.0,0,35,0,F,20,A,A,B,C,A
1602,15923.0,9.5,10,0,0,F,20,A,A,B,C,A
1602,15924.0,13.5,10,15,0,F,20,A,A,B,C,A
1602,15925.0,7.5,0,0,0,F,20,A,A,C,C,B
1602,15926.0,7.5,0,0,0,F,20,A,A,C,C,B
1602,15927.0,2.6,0,20,0,F,20,A,A,C,C,B
1602,15928.0,25.8,0,30,0,F,20,A,A,C,C,B
1602,15929.0,0.0,25,0,0,F,20,A,A,C,C,B
1602,15930.0,17.4,0,0,30,F,20,A,A,C,C,B
1602,15931.0,18.9,25,0,0,F,20,A,A,D,D,B
1602,15932.0,11.9,20,15,30,F,20,A,A,D,D,B
1602,15933.0,7.5,20,0,0,F,20,A,A,D,D,B
1602,15934.0,8.2,50,0,40,F,20,A,A,D,D,B
1602,15935.0,14.1,30,0,20,F,20,A,A,D,D,B
1602,15936.0,7.5,0,0,0,F,20,A,B,D,D,B
1602,15937.0,7.5,0,0,0,F,20,A,B,D,D,B
1602,15938.0,3.2,0,0,0,F,20,A,B,D,D,B
1602,15939.0,6.2,50,45,10,F,20,A,B,D,D,B
1602,15940.0,16.3,40,45,25,F,20,A,B,D,D,B
1602,15941.0,6.8,35,50,15,F,20,A,C,D,D,B
1602,15942.0,16.5,70,30,10,F,20,A,C,D,D,C
1602,15943.0,7.5,0,0,0,M,20,A,C,D,E,C
1602,15944.0,17.1,0,0,0,M,20,A,D,D,E,C
1602,15945.0,17.1,0,0,0,M,20,A,D,D,E,C
1602,15946.0,10.7,0,0,0,M,20,A,D,D,E,C
1602,15947.0,12.3,75,45,0,M,20,A,D,D,E,C
1602,15948.0,24.4,60,0,0,M,20,,,,,
1602,15949.0,0.0,0,0,0,M,20,,,,,
1602,15950.0,0.0,0,0,0,M,20,,,,,
3502,15951.0,0.0,0,0,0,F,20,A,A,A,A,A
3502,15952.0,0.0,0,0,0,F,20,A,A,A,A,A
3502,15953.0,0.0,0,0,0,F,20,A,A,B,B,A
3502,15954.0,0.0,0,0,0,F,20,A,A,B,C,B
3502,15955.0,23.0,0,0,0,F,20,A,A,B,D,B
3502,15956.0,25.7,0,0,40,F,20,A,A,C,D,B
3502,15957.0,0.0,0,0,0,F,20,A,A,C,D,B
3502,15958.0,0.0,0,0,0,M,20,A,A,D,D,B
3502,15959.0,0.0,0,0,0,M,20,A,A,D,D,B
3502,15960.0,23.6,15,40,10,M,20,A,A,D,D,B
3502,15961.0,31.9,0,0,0,M,20,A,B,D,E,B
3502,15962.0,11.2,0,0,0,M,20,A,D,D,E,C
3502,15963.0,0.0,0,0,0,M,20,A,D,D,E,C
3502,15964.0,32.0,0,0,0,M,20,A,D,D,E,C
3502,15965.0,7.6,0,0,0,M,20,A,D,D,E,C
1402,15966.0,7.5,25,0,0,F,20,A,A,B,B,A
1402,15967.0,13.3,20,35,5,F,20,A,A,B,C,B
1402,15968.0,0.0,0,0,0,F,20,A,A,C,D,B
1402,15969.0,11.1,0,0,0,M,20,A,B,D,E,C
1402,15970.0,23.8,30,15,20,M,20,A,D,D,E,C
1402,15971.0,0.0,0,0,0,M,20,A,D,D,F,C
1402,15972.0,13.1,20,30,10,M,20,A,D,D,F,C
1402,15973.0,2.6,35,0,0,M,20,B,D,F,F,C
702,15974.0,0.0,0,0,0,F,20,A,A,A,A,A
702,15975.0,7.0,0,60,20,F,20,A,A,B,A,A
702,15976.0,0.0,0,0,0,F,20,A,A,B,A,A
702,15977.0,12.7,0,0,0,F,20,A,A,B,B,A
702,15978.0,0.0,0,0,0,F,20,A,A,B,B,A
702,15979.0,0.0,0,0,0,F,20,A,A,B,B,A
702,15980.0,0.0,0,0,0,F,20,A,A,B,B,A
702,15981.0,17.5,0,0,25,F,20,A,A,B,B,A
702,15982.0,17.6,0,0,0,F,20,A,A,B,B,A
702,15983.0,16.3,0,0,15,F,20,A,A,B,B,A
702,15984.0,0.0,0,0,0,F,20,A,A,B,B,A
702,15985.0,0.0,0,0,0,F,20,A,A,B,C,A
702,15986.0,0.0,0,0,0,F,20,A,A,B,C,A
702,15987.0,0.0,0,0,0,F,20,A,A,B,C,A
702,15988.0,22.3,0,0,0,M,20,A,A,B,C,B
702,15989.0,18.4,20,5,0,M,20,A,A,B,C,B
702,15990.0,0.0,0,0,0,M,20,A,B,C,C,B
702,15991.0,18.7,0,0,0,M,20,A,B,C,C,B
702,15992.0,0.0,0,0,0,M,20,A,B,C,D,B
702,15993.0,0.0,0,0,0,M,20,A,B,C,D,B
702,15994.0,6.4,20,0,10,M,20,A,B,C,D,B
702,15995.0,11.1,50,20,5,M,20,A,D,D,D,B
702,15996.0,0.0,0,0,0,M,20,A,D,D,E,C
702,15997.0,17.6,0,30,0,M,20,A,D,D,E,D
702,15998.0,15.0,0,0,0,M,20,A,D,E,E,D
702,15999.0,0.0,0,0,0,M,20,A,D,E,F,E
2001,16000.0,0.0,45,0,0,F,20,A,A,A,B,A
2001,16001.0,0.0,0,0,0,F,20,A,A,A,B,A
2001,16002.0,0.0,0,0,0,F,20,A,A,A,B,A
2001,16003.0,0.0,0,0,0,F,20,A,A,A,B,A
2001,16004.0,0.0,0,0,0,F,20,A,A,B,B,A
2001,16005.0,0.0,0,0,0,F,20,A,A,B,B,A
2001,16006.0,25.8,0,50,0,F,20,A,A,B,B,A
2001,16007.0,0.0,0,0,0,F,20,A,A,B,B,A
2001,16008.0,32.9,0,60,15,F,20,A,A,B,B,A
2001,16009.0,9.7,0,0,0,F,20,A,A,B,B,A
2001,16010.0,0.0,0,0,0,F,20,A,A,B,B,A
2001,16011.0,0.0,0,0,0,F,20,A,A,B,B,A
2001,16012.0,0.0,0,0,0,F,20,A,A,B,B,A
2001,16013.0,7.5,0,15,10,F,20,A,A,B,B,A
2001,16014.0,40.9,25,0,0,F,20,A,A,B,B,A
2001,16015.0,0.0,0,0,0,F,20,A,A,B,B,B
2001,16016.0,0.0,0,0,0,F,20,A,B,C,C,B
2001,16017.0,22.2,20,45,10,F,20,A,B,C,D,B
2001,16018.0,0.0,0,0,0,F,20,A,B,C,D,B
2001,16019.0,0.0,0,0,0,F,20,A,B,C,D,B
1502,16020.0,0.0,0,0,0,F,20,A,A,B,B,A
1502,16021.0,1.0,25,35,10,F,20,A,A,B,B,B
1502,16022.0,1.6,20,40,5,F,20,A,A,B,B,B
1502,16023.0,0.0,0,0,0,F,20,A,A,B,C,B
1502,16024.0,16.0,0,0,40,F,20,A,A,B,C,B
1502,16025.0,10.9,0,0,0,F,20,A,A,C,C,B
1502,16026.0,0.0,0,0,0,F,20,A,B,C,D,B
1502,16027.0,0.0,0,0,0,F,20,A,B,D,D,B
1502,16028.0,0.0,0,0,0,F,20,A,B,D,D,B
1502,16029.0,11.5,25,15,30,F,20,A,C,D,D,B
1502,16030.0,0.0,0,0,0,F,20,A,C,D,D,B
1502,16031.0,0.0,0,0,0,F,20,A,D,D,D,B
1502,16032.0,0.0,0,0,0,F,20,A,D,D,E,C
1502,16033.0,8.8,30,60,0,M,20,A,D,D,E,C
1502,16034.0,17.3,30,60,0,M,20,A,D,D,E,C
1502,16035.0,0.0,0,0,0,M,20,A,D,D,E,C
1502,16036.0,12.1,10,15,15,M,20,A,D,D,E,D
1502,16037.0,11.9,0,10,20,M,20,A,D,E,F,D
1502,16038.0,17.0,0,0,15,M,20,B,D,E,F,D
1502,16039.0,8.2,0,0,0,M,20,B,D,F,F,E
1502,16040.0,12.2,40,0,30,M,20,B,F,F,F,F
4004,16041.0,30.3,25,0,0,F,20,A,A,B,A,A
4004,16042.0,31.9,0,0,0,F,20,A,A,B,B,A
4004,16043.0,3.8,0,40,10,F,20,A,A,B,C,B
4004,16044.0,22.5,0,0,0,F,20,A,A,B,C,B
4004,16045.0,18.0,0,0,0,M,20,A,A,C,D,B
4004,16046.0,11.3,0,45,0,M,20,A,A,C,D,C
4004,16047.0,8.4,10,10,0,M,20,A,A,C,D,C
4004,16048.0,20.3,0,0,0,M,20,A,A,C,D,C
4004,16049.0,14.3,15,0,40,M,20,A,A,C,D,C
4004,16050.0,23.5,0,0,0,M,20,A,A,C,D,C
4004,16051.0,24.5,55,0,0,M,20,A,A,D,D,C
4004,16052.0,22.5,0,0,0,M,20,A,A,D,D,C
4004,16053.0,8.5,0,0,20,M,20,A,A,D,D,D
4004,16054.0,4.6,0,0,0,M,20,A,A,D,E,D
4004,16055.0,12.5,0,35,0,M,20,A,A,D,E,D
4004,16056.0,2.0,0,0,0,M,20,A,A,D,E,D
4004,16057.0,5.0,0,20,0,M,20,A,A,D,E,D
4004,16058.0,11.3,0,0,0,M,20,A,B,D,E,D
4004,16059.0,0.0,0,30,0,M,20,A,B,E,E,D
4004,16060.0,3.2,50,5,0,M,20,A,D,E,F,E
4004,16061.0,17.0,15,0,20,M,20,A,D,E,F,E
4004,16062.0,22.5,0,0,0,M,20,A,D,E,F,E
4004,16063.0,26.0,50,0,0,M,20,A,D,F,F,E
4004,16064.0,22.5,0,0,0,M,20,A,D,F,F,F
4004,16065.0,22.5,0,0,0,M,20,A,D,F,F,F
4004,16066.0,22.5,0,0,0,M,20,A,D,F,F,F
4004,16067.0,27.5,35,5,0,M,20,B,F,F,F,G
3502,16068.0,18.8,15,0,10,F,20,A,A,A,B,A
3502,16069.0,22.5,0,0,0,F,20,A,A,A,B,A
3502,16070.0,12.1,50,20,0,F,20,A,A,B,B,B
3502,16071.0,4.4,0,0,0,F,20,A,A,B,B,B
3502,16072.0,16.4,40,0,0,F,20,A,A,B,B,B
3502,16073.0,8.5,15,5,0,F,20,A,A,C,C,B
3502,16074.0,21.5,35,45,0,F,20,A,A,D,D,B
3502,16075.0,22.5,0,0,0,F,20,A,A,D,D,B
3502,16076.0,0.0,30,0,0,F,20,A,A,D,D,C
3502,16077.0,13.5,0,30,0,F,20,A,A,D,D,C
3502,16078.0,16.7,0,0,40,F,20,A,A,D,E,C
3502,16079.0,22.5,0,0,0,F,20,A,A,D,E,D
3502,16080.0,22.5,0,0,0,F,20,A,A,D,E,D
3502,16081.0,21.8,0,0,0,F,20,A,B,E,E,D
3502,16082.0,22.5,0,0,0,M,20,B,D,F,F,F
3502,16083.0,15.0,0,20,0,M,20,,,,,
3502,16084.0,9.5,20,10,0,M,20,,,,,
3502,16085.0,15.3,75,30,0,M,20,,,,,
3502,16086.0,10.7,0,50,0,M,20,,,,,
3502,16087.0,25.8,25,25,0,M,20,,,,,
3502,16088.0,15.0,25,5,20,M,20,,,,,
3502,16089.0,22.5,0,0,0,M,20,,,,,
3502,16090.0,17.2,0,35,0,M,20,,,,,
3502,16091.0,15.0,25,15,10,M,20,,,,,
3502,16092.0,22.5,0,0,0,M,20,,,,,
3502,16093.0,17.5,60,40,0,M,20,,,,,
3502,16094.0,22.5,0,0,0,M,20,,,,,
3502,16095.0,33.9,0,0,0,M,20,,,,,
702,16096.0,18.0,0,0,0,F,20,A,A,B,B,B
702,16097.0,15.0,50,0,0,F,20,A,A,B,B,B
702,16098.0,0.0,0,30,0,F,20,A,A,C,C,B
702,16099.0,12.5,10,25,0,F,20,A,A,D,C,B
702,16100.0,13.5,25,10,25,F,20,A,A,D,C,B
702,16101.0,22.5,0,0,0,F,20,A,A,D,D,B
702,16102.0,17.0,55,50,5,F,20,A,A,D,D,C
702,16103.0,18.0,0,0,0,F,20,A,A,D,D,C
702,16104.0,17.0,10,15,10,F,20,A,A,D,D,C
702,16105.0,15.0,0,0,50,F,20,A,A,D,D,C
702,16106.0,14.5,30,15,10,F,20,A,A,D,D,C
702,16107.0,32.4,0,0,0,F,20,A,A,D,D,C
702,16108.0,13.5,0,0,30,M,20,A,A,D,D,D
1501,16109.0,10.5,15,55,10,F,20,A,A,D,E,C
1501,16110.0,22.5,0,0,0,F,20,A,B,D,E,C
1501,16111.0,22.5,0,0,0,F,20,A,B,D,E,C
1501,16112.0,7.5,20,0,80,F,20,A,C,D,E,D
1501,16113.0,11.3,0,75,0,F,20,A,C,D,E,D
1501,16114.0,22.5,0,0,0,M,20,,,,,
1501,16115.0,2.0,10,35,20,M,20,,,,,
1501,16116.0,4.8,0,0,0,M,20,,,,,
1501,16117.0,8.5,0,0,0,M,20,,,,,
1501,16118.0,14.7,35,0,20,M,20,,,,,
1501,16119.0,7.5,0,0,0,M,20,,,,,
1501,16120.0,14.3,25,0,40,M,20,,,,,
1501,16121.0,11.8,0,0,0,M,20,,,,,
1402,16122.0,6.4,0,50,30,F,20,A,A,A,B,A
1402,16123.0,9.9,10,5,0,F,20,A,A,B,B,A
1402,16124.0,8.4,0,0,0,M,20,A,A,B,C,A
1402,16125.0,30.0,20,0,0,M,20,A,A,B,C,B
1402,16126.0,4.2,0,0,0,M,20,A,A,B,C,B
1402,16127.0,14.5,0,50,0,M,20,A,A,C,C,B
1402,16128.0,9.6,25,0,0,M,20,A,A,D,D,B
1402,16129.0,16.5,30,5,10,M,20,A,A,D,D,C
1402,16130.0,17.0,25,0,15,M,20,A,A,D,D,C
1402,16131.0,14.3,25,10,0,M,20,A,A,D,D,C
1402,16132.0,20.8,0,0,0,M,20,A,A,D,D,C
1402,16133.0,21.0,0,0,0,M,20,A,A,D,D,C
1402,16134.0,8.4,0,0,0,M,20,A,B,D,D,C
1402,16135.0,20.2,25,0,0,M,20,A,D,E,D,C
1402,16136.0,10.1,10,45,0,M,20,A,D,E,E,C
1402,16137.0,7.5,0,0,30,M,20,A,D,E,E,D
3002,16138.0,5.0,0,0,0,F,20,A,A,A,A,A
3002,16139.0,4.4,30,20,0,F,20,A,A,A,B,A
3002,16140.0,0.0,0,0,5,F,20,A,A,A,B,B
3002,16141.0,15.0,0,0,55,F,20,A,A,B,B,B
3002,16142.0,12.9,0,35,0,F,20,A,A,B,B,B
3002,16143.0,0.0,0,5,0,F,20,A,A,B,B,B
3002,16144.0,7.5,30,0,0,F,20,A,A,B,C,B
3002,16145.0,7.5,45,60,0,F,20,A,A,B,C,B
3002,16146.0,9.5,10,70,10,F,20,A,A,C,C,B
3002,16147.0,11.9,0,0,0,F,20,A,A,C,C,B
3002,16148.0,22.6,0,15,50,F,20,A,A,C,C,B
3002,16149.0,18.4,0,0,0,F,20,A,A,C,C,B
3002,16150.0,0.0,0,5,0,M,20,A,A,D,D,B
3002,16151.0,18.6,0,0,0,M,20,A,A,D,D,C
3002,16152.0,17.0,0,10,0,M,20,A,B,D,D,C
3002,16153.0,4.8,0,0,0,M,20,B,D,E,F,D
3002,16154.0,23.4,25,30,0,M,20,C,D,E,F,D
3002,16155.0,7.5,40,65,0,M,31,D,D,E,F,E
3002,16156.0,19.3,0,0,25,M,20,,,,,
3002,16157.0,13.6,0,0,40,M,20,,,,,
3002,16158.0,11.9,0,0,0,M,20,,,,,
1602,16159.0,22.0,0,0,0,F,20,A,A,C,D,B
1602,16160.0,7.5,0,20,10,F,20,A,A,C,D,B
1602,16161.0,8.5,0,0,0,F,20,A,A,C,D,B
1602,16162.0,11.9,30,45,0,F,20,A,A,C,D,B
1602,16163.0,7.5,55,40,10,F,20,A,A,C,D,B
1602,16164.0,7.5,0,0,30,F,20,A,A,C,D,B
1602,16165.0,10.9,0,0,0,F,20,A,A,D,D,C
1602,16166.0,27.0,15,30,5,F,20,A,A,D,D,C
1602,16167.0,22.5,0,0,0,F,20,A,A,D,D,C
1602,16168.0,23.5,0,0,0,F,20,A,A,D,E,C
1602,16169.0,14.5,0,30,0,F,20,A,A,D,E,C
1602,16170.0,9.0,0,0,0,M,20,A,A,D,E,C
1602,16171.0,22.5,0,0,0,M,20,A,A,D,E,C
1602,16172.0,10.9,0,0,0,M,20,A,A,D,E,D
1602,16173.0,18.2,0,20,0,M,20,A,A,D,E,D
1602,16174.0,15.0,0,25,0,M,20,A,A,D,E,D
1602,16175.0,21.4,0,0,0,M,20,A,B,E,E,D
1602,16176.0,9.0,0,0,0,M,20,A,B,E,E,D
1602,16177.0,19.0,0,0,0,M,20,A,B,E,F,D
1602,16178.0,15.9,10,30,10,M,20,A,D,E,F,E
1602,16179.0,21.2,0,0,0,M,20,A,D,E,F,E
1602,16180.0,10.5,25,15,15,M,20,A,D,E,F,E
1602,16181.0,9.1,0,0,0,M,20,A,D,E,F,E
1602,16182.0,7.5,0,0,50,M,20,A,D,E,F,F
1602,16183.0,22.5,40,0,40,M,20,A,D,F,F,F
1602,16184.0,22.5,0,0,0,M,20,A,F,F,F,F
1602,16185.0,13.9,0,0,0,M,20,A,F,F,F,G
5402,16186.0,17.2,0,20,0,F,20,A,A,A,B,A
5402,16187.0,10.5,30,0,0,F,20,A,A,C,D,B
5402,16188.0,18.8,0,0,0,F,20,A,A,C,D,C
5402,16189.0,13.3,35,20,10,F,20,A,A,C,D,C
5402,16190.0,12.7,50,0,20,F,20,A,A,D,D,C
5402,16191.0,1.0,0,0,0,F,20,A,A,D,D,C
5402,16192.0,30.0,30,0,0,F,20,A,A,D,D,C
5402,16193.0,10.1,15,0,0,F,20,A,A,D,D,C
5402,16194.0,14.5,0,30,0,F,20,A,A,E,D,C
5402,16195.0,1.0,0,0,0,F,20,A,A,E,E,C
5402,16196.0,15.0,0,0,0,F,20,A,B,E,E,D
5402,16197.0,18.7,0,25,0,F,20,A,B,E,E,D
5402,16198.0,5.4,0,0,0,F,20,A,B,E,F,D
5402,16199.0,10.0,15,0,0,F,20,A,B,F,F,E
5402,16200.0,9.9,25,0,0,F,20,C,D,F,F,E
5402,16201.0,7.2,0,0,0,F,20,E,D,F,F,F
5402,16202.0,17.3,10,0,30,M,20,,,,,
5402,16203.0,1.0,0,0,0,M,20,,,,,
2402,16204.0,11.5,15,45,20,F,20,A,A,B,A,A
2402,16205.0,8.5,10,15,0,F,20,A,A,B,B,A
2402,16206.0,9.1,0,0,0,F,20,A,A,B,B,A
2402,16207.0,1.0,0,0,0,F,20,A,A,B,B,A
2402,16208.0,16.3,0,15,0,F,20,A,A,B,B,A
2402,16209.0,16.0,30,0,20,F,20,A,A,B,B,A
2402,16210.0,16.0,0,50,0,F,20,A,A,B,B,A
2402,16211.0,22.5,30,50,0,F,20,A,A,B,B,A
2402,16212.0,22.0,0,5,5,F,20,A,A,C,C,B
2402,16213.0,6.4,30,0,10,F,20,A,A,C,C,B
2402,16214.0,12.1,35,30,10,F,20,A,A,C,C,B
2402,16215.0,7.5,0,0,0,F,20,A,A,C,C,B
2402,16216.0,22.8,0,0,0,F,20,A,A,C,C,B
2402,16217.0,2.4,15,40,15,F,20,A,A,C,C,B
2402,16218.0,7.5,0,25,0,F,20,A,A,C,C,B
2402,16219.0,7.5,0,0,0,F,20,A,A,C,D,B
2402,16220.0,24.2,75,0,0,F,20,A,A,D,D,B
2402,16221.0,1.6,0,0,0,F,20,A,A,D,D,B
2402,16222.0,2.6,60,0,10,F,20,A,A,D,D,B
2402,16223.0,7.5,0,0,0,F,20,A,A,D,D,B
2402,16224.0,7.5,0,0,0,F,20,A,A,D,D,B
2402,16225.0,5.6,80,50,65,F,20,A,A,D,D,B
2402,16226.0,5.8,0,0,0,F,20,A,A,D,D,B
2402,16227.0,9.5,0,0,0,F,20,A,A,D,D,B
2402,16228.0,7.5,0,0,0,F,20,A,A,D,D,B
2402,16229.0,7.5,0,0,0,F,20,A,A,D,D,B
2402,16230.0,7.5,0,0,0,F,20,A,A,D,D,B
2402,16231.0,9.5,20,0,0,F,20,A,A,D,D,B
2402,16232.0,1.4,0,0,0,F,20,A,A,D,D,B
2402,16233.0,5.6,0,0,0,M,20,A,A,D,D,C
2402,16234.0,7.5,0,0,0,M,20,A,A,D,D,C
2402,16235.0,19.2,0,0,0,M,20,A,A,D,D,C
2402,16236.0,22.5,0,35,30,M,20,A,A,D,D,C
2402,16237.0,12.3,20,10,25,M,20,A,A,D,D,C
2402,16238.0,20.6,10,0,10,M,20,A,A,D,D,C
2402,16239.0,17.0,0,0,15,M,20,A,A,D,D,C
2402,16240.0,0.0,0,0,10,M,20,A,A,D,D,C
2402,16241.0,9.5,0,0,0,M,20,A,A,D,E,C
2402,16242.0,7.5,0,0,0,M,20,A,A,E,E,C
2402,16243.0,23.0,0,0,0,M,20,A,A,E,E,C
2402,16244.0,8.6,35,35,30,M,20,A,A,E,E,C
2402,16245.0,24.2,70,0,0,M,20,A,B,E,E,C
2402,16246.0,7.5,0,0,0,M,20,A,B,E,E,D
2402,16247.0,11.3,0,0,0,M,20,A,B,E,E,D
2402,16248.0,7.5,0,0,0,M,20,A,B,E,E,D
2402,16249.0,27.5,50,0,0,M,20,A,B,E,E,D
2402,16250.0,19.2,0,0,0,M,20,A,B,E,E,D
2402,16251.0,9.4,0,0,0,M,20,A,C,E,F,D
2402,16252.0,14.1,0,40,10,M,20,A,D,E,F,D
2402,16253.0,30.0,0,25,0,M,20,A,D,E,F,E
2402,16254.0,11.9,30,60,0,M,20,A,D,E,F,E
2402,16255.0,19.4,0,0,0,M,20,A,D,E,F,E
2402,16256.0,11.1,0,0,0,M,20,A,D,E,F,E
2402,16257.0,7.5,5,15,15,M,20,A,D,E,F,E
2402,16258.0,14.9,35,0,0,M,20,A,D,E,F,E
2402,16259.0,7.5,0,0,0,M,20,A,D,E,F,E
2402,16260.0,7.5,0,0,0,M,20,A,D,E,F,E
2402,16261.0,19.0,0,0,25,M,20,A,D,F,F,E
2402,16262.0,9.5,0,0,0,M,20,A,D,F,F,E
2402,16263.0,7.5,0,0,0,M,20,B,D,F,F,F
2402,16264.0,7.5,0,0,0,M,20,C,D,F,F,F
2402,16265.0,7.5,0,0,0,M,20,E,D,F,F,F
2402,16266.0,7.5,0,0,0,M,20,,,,,
2402,16267.0,7.5,0,0,0,M,20,,,,,
2402,16268.0,19.1,0,0,0,M,20,,,,,
2402,16269.0,7.5,35,0,0,M,20,,,,,
2402,16270.0,17.0,0,15,30,M,20,,,,,
2402,16271.0,12.1,5,0,0,M,20,,,,,
2402,16272.0,14.9,15,25,20,M,20,,,,,
2402,16273.0,7.5,10,10,15,M,20,,,,,
2402,16274.0,17.0,15,30,0,M,20,,,,,
2402,16275.0,23.8,0,0,0,M,20,,,,,
2402,16276.0,0.0,0,10,0,M,20,,,,,
2402,16277.0,9.5,0,0,0,M,20,,,,,
2402,16278.0,5.6,0,0,0,M,20,,,,,
2402,16279.0,3.8,0,60,0,M,20,,,,,
2402,16280.0,9.5,0,0,0,M,20,,,,,
2402,16281.0,0.0,70,15,0,M,20,,,,,
2402,16282.0,10.1,40,45,5,M,20,,,,,
2402,16283.0,7.5,35,0,0,M,20,,,,,
2402,16284.0,17.0,20,0,25,M,20,,,,,
2402,16285.0,7.5,0,0,0,M,20,,,,,
2402,16286.0,13.3,40,30,0,M,20,,,,,
2402,16287.0,7.5,0,0,0,M,20,,,,,
4004,16288.0,19.2,0,0,0,M,20,A,A,D,D,B
4004,16289.0,5.8,30,45,15,M,20,A,A,D,D,B
4004,16290.0,7.5,0,0,0,M,20,A,A,D,D,B
4004,16291.0,9.5,35,30,0,M,20,A,A,D,D,B
4004,16292.0,0.0,0,10,0,M,20,A,A,D,D,C
4004,16293.0,0.0,30,15,40,M,20,A,A,D,E,C
4004,16294.0,7.5,0,0,0,M,20,A,A,D,E,C
4004,16295.0,9.5,0,0,0,M,20,A,A,E,E,C
4004,16296.0,21.0,25,0,0,M,20,A,A,E,E,C
4004,16297.0,31.0,0,10,0,M,20,A,A,E,E,D
4004,16298.0,23.3,0,45,15,M,20,A,A,E,E,D
4004,16299.0,15.1,80,20,15,M,20,A,A,E,E,D
4004,16300.0,19.4,0,0,0,M,20,A,A,E,E,D
4004,16301.0,7.5,0,0,0,M,20,A,A,E,E,D
4004,16302.0,4.8,0,30,0,M,20,A,A,E,E,D
4004,16303.0,0.0,10,0,0,M,20,A,A,E,E,D
4004,16304.0,11.8,50,0,30,M,20,A,A,E,E,E
4004,16305.0,0.0,0,0,10,M,20,A,C,E,E,E
4004,16306.0,7.5,15,0,20,M,20,A,D,E,F,E
4004,16307.0,18.4,15,0,20,M,20,A,D,E,F,F
4004,16308.0,21.6,0,0,0,M,20,A,D,E,F,F
4004,16309.0,14.5,55,0,0,M,20,A,F,F,F,F
4004,16310.0,11.9,0,0,5,M,20,A,F,F,F,F
4004,16311.0,28.3,20,5,20,M,20,,,,,
3202,16312.0,19.6,0,15,0,F,20,A,A,B,B,A
3202,16313.0,7.5,0,0,0,F,20,A,A,B,B,B
3202,16314.0,14.6,10,60,50,F,20,A,A,B,B,B
3202,16315.0,0.0,0,0,10,F,20,A,A,B,C,B
3202,16316.0,12.5,0,0,0,F,20,A,A,B,C,B
3202,16317.0,1.6,0,0,0,F,20,A,A,B,C,B
3202,16318.0,17.0,50,65,5,F,20,A,A,B,C,B
3202,16319.0,12.7,0,0,0,F,20,A,A,C,C,B
3202,16320.0,7.0,10,0,30,M,20,A,A,C,D,B
3202,16321.0,0.0,0,0,10,M,20,A,A,C,D,B
3202,16322.0,2.0,0,0,0,M,20,A,A,C,D,B
3202,16323.0,10.9,15,0,0,M,20,A,A,C,D,B
3202,16324.0,17.9,0,20,0,M,20,A,A,C,E,C
3202,16325.0,2.0,0,0,0,M,20,A,A,D,E,C
3202,16326.0,17.4,0,30,0,M,20,A,A,D,E,C
3202,16327.0,18.0,75,25,0,M,20,A,A,D,E,C
3202,16328.0,19.8,30,0,0,M,20,A,A,D,E,C
3202,16329.0,22.2,0,0,0,M,20,A,B,D,E,C
3202,16330.0,4.0,70,45,20,M,20,B,B,D,E,C
3202,16331.0,3.6,0,0,0,M,20,C,C,D,E,D
3202,16332.0,21.0,0,0,0,M,20,E,C,E,F,D
3202,16333.0,7.5,0,40,0,M,20,E,D,E,F,D
3202,16334.0,17.1,0,25,0,M,20,E,D,F,F,E
3202,16335.0,22.0,0,0,0,M,20,E,F,F,F,E
4301,16336.0,8.5,5,5,20,F,20,A,A,A,A,A
4301,16337.0,24.1,0,0,0,F,20,A,A,C,C,B
4301,16338.0,10.9,15,0,0,F,20,A,A,D,C,B
4301,16339.0,15.0,30,30,0,M,20,A,A,D,D,B
4301,16340.0,17.5,30,0,0,M,20,A,B,E,D,D
4301,16341.0,33.4,0,0,0,M,20,A,B,E,E,D
4301,16342.0,0.0,0,0,0,M,20,A,C,E,E,E
4301,16343.0,11.5,0,0,0,M,20,B,D,E,E,E
4301,16344.0,0.0,0,0,0,M,20,B,D,E,E,F
4301,16345.0,34.9,0,0,0,M,20,B,D,E,F,F
4301,16346.0,0.0,0,0,0,M,20,B,F,F,F,F
3202,16347.0,16.0,30,0,25,M,20,,,,,
2001,16348.0,27.3,0,50,0,F,20,A,A,A,A,A
2001,16349.0,7.5,0,30,50,F,20,A,A,A,B,A
2001,16350.0,20.8,0,0,0,F,20,A,A,D,D,D
2001,16351.0,0.0,0,0,0,F,20,A,A,D,D,D
2001,16352.0,30.9,30,0,0,F,20,A,A,D,D,D
2001,16353.0,18.6,20,15,0,F,20,A,A,D,D,D
2001,16354.0,7.5,70,30,10,F,20,A,A,D,D,D
2001,16355.0,6.4,20,15,10,F,20,A,A,D,D,D
2001,16356.0,15.5,55,30,30,F,20,A,A,D,D,D
2001,16357.0,15.0,0,30,0,F,20,A,A,D,D,D
2001,16358.0,5.0,35,10,10,F,20,A,A,D,D,D
2001,16359.0,12.8,50,90,10,F,20,A,A,D,D,D
2001,16360.0,7.5,20,15,5,F,20,A,A,D,D,D
2001,16361.0,19.4,25,0,0,F,20,A,A,D,D,D
2001,16362.0,7.5,20,0,20,F,20,A,A,D,D,D
2001,16363.0,18.6,0,25,0,F,20,A,A,D,D,D
2001,16364.0,13.1,0,0,0,F,20,A,A,D,E,D
2001,16365.0,0.0,0,0,0,F,20,A,A,D,E,D
2001,16366.0,16.0,30,5,20,F,20,A,A,D,E,D
2001,16367.0,8.5,30,0,0,F,20,A,A,D,E,D
2001,16368.0,20.7,20,0,5,F,20,A,A,D,E,E
2001,16369.0,8.1,10,0,0,F,20,A,A,D,E,E
2001,16370.0,9.9,0,0,0,F,20,B,A,D,E,E
2001,16371.0,8.0,20,10,5,F,20,B,A,D,E,E
2001,16372.0,16.0,10,45,0,F,20,B,A,D,E,E
2001,16373.0,2.0,40,30,5,F,20,B,B,E,F,E
2001,16374.0,7.5,0,40,0,F,20,B,B,E,F,E
2001,16375.0,10.5,40,50,0,F,20,B,B,E,F,E
2001,16376.0,22.5,0,0,10,F,20,B,C,E,F,E
2001,16377.0,11.5,40,45,0,F,20,B,C,E,F,E
2001,16378.0,8.4,0,20,10,F,20,B,D,E,F,E
2001,16379.0,2.0,0,0,0,F,20,B,D,E,F,E
2001,16380.0,7.5,0,0,0,F,20,B,D,E,F,E
2001,16381.0,6.4,0,0,0,F,20,B,D,E,F,E
2001,16382.0,22.5,0,0,0,F,20,B,D,E,F,F
2001,16383.0,18.7,25,0,0,F,20,B,D,E,F,F
2001,16384.0,4.6,20,0,40,F,20,B,D,F,F,F
2001,16385.0,9.4,30,45,25,F,20,D,F,F,F,F
2001,16386.0,13.5,50,15,10,M,20,E,F,F,F,F
3502,16387.0,22.5,0,0,0,F,20,A,A,A,B,A
3502,16388.0,22.5,0,0,0,F,20,A,A,B,B,A
3502,16389.0,32.8,0,0,20,F,20,A,A,B,B,B
3502,16390.0,7.5,50,0,65,F,20,A,A,B,B,B
3502,16391.0,5.4,30,0,25,F,20,A,A,B,C,B
3502,16392.0,15.0,0,0,0,F,20,A,A,B,C,B
3502,16393.0,22.5,0,0,0,F,20,A,A,B,C,B
3502,16394.0,5.6,0,20,10,F,20,A,A,C,C,B
3502,16395.0,16.5,20,35,0,M,20,A,A,C,C,B
3502,16396.0,22.5,0,0,0,M,20,A,A,C,D,B
3502,16397.0,7.5,50,0,65,M,20,A,A,C,D,B
3502,16398.0,8.5,0,0,0,M,20,A,A,C,D,B
3502,16399.0,2.2,0,0,0,M,20,A,A,C,D,B
3502,16400.0,22.5,0,0,0,M,20,A,A,C,D,B
3502,16401.0,22.5,0,0,0,M,20,A,A,C,D,B
3502,16402.0,22.5,0,0,0,M,20,A,B,D,D,C
3502,16403.0,22.5,0,0,0,M,20,A,D,D,D,C
3502,16404.0,22.5,0,0,0,M,20,A,D,D,D,C
3502,16405.0,10.1,0,0,0,M,20,,,,,
702,16406.0,17.2,20,20,10,F,20,A,A,A,A,B
702,16407.0,18.1,20,5,20,F,20,A,A,B,B,B
702,16408.0,15.0,0,0,0,F,20,A,A,B,B,B
702,16409.0,7.8,40,0,0,F,20,A,A,B,B,B
702,16410.0,15.0,0,0,0,F,20,A,A,B,B,B
702,16411.0,22.5,0,0,0,F,20,A,A,C,C,B
702,16412.0,22.5,0,0,0,F,20,A,A,C,C,C
702,16413.0,17.0,0,20,0,F,20,A,A,C,C,C
702,16414.0,30.9,0,25,0,F,20,A,A,C,C,C
702,16415.0,22.5,0,0,0,F,20,A,A,C,C,C
702,16416.0,8.5,10,0,25,M,20,A,A,D,C,C
702,16417.0,22.5,0,0,0,M,20,A,A,D,D,C
702,16418.0,8.2,100,80,5,M,20,A,A,D,D,D
702,16419.0,4.2,0,0,0,M,20,A,A,D,D,D
702,16420.0,15.0,0,0,0,M,20,A,A,D,E,D
702,16421.0,15.0,0,0,0,M,20,A,A,D,E,D
702,16422.0,20.0,0,0,0,M,20,A,A,D,E,D
702,16423.0,26.5,0,0,0,M,20,A,D,E,F,E
1601,16424.0,15.0,0,0,0,F,20,A,A,B,B,A
1601,16425.0,22.5,0,0,0,F,20,A,A,B,B,A
1601,16426.0,22.5,0,0,0,F,20,A,A,C,D,B
1601,16427.0,22.5,0,0,0,F,20,A,A,C,D,B
1601,16428.0,22.5,0,0,0,F,20,A,A,C,D,B
1601,16429.0,18.9,0,25,0,F,20,A,A,D,D,C
1601,16430.0,10.1,0,0,0,F,20,A,A,D,D,C
1601,16431.0,22.5,0,0,0,F,20,A,A,D,D,C
1601,16432.0,17.2,10,0,40,F,20,A,A,D,E,D
1601,16433.0,13.9,20,0,50,F,20,A,A,D,E,D
1601,16434.0,18.6,15,25,0,F,20,A,A,E,E,D
1601,16435.0,9.1,20,10,0,F,20,A,A,E,E,E
1601,16436.0,21.4,25,50,20,F,20,A,A,F,E,E
1601,16437.0,12.3,10,0,0,M,20,A,A,F,F,E
1601,16438.0,28.2,30,10,10,M,20,A,A,F,F,E
1601,16439.0,29.2,25,0,0,M,20,A,A,F,F,E
1601,16440.0,13.1,0,45,0,M,20,A,A,F,F,F
1601,16441.0,6.4,0,0,0,M,20,A,A,F,F,F
4004,16442.0,22.5,0,0,0,F,20,A,A,B,C,B
4004,16443.0,6.6,30,45,15,M,20,A,A,B,D,D
4004,16444.0,19.1,5,15,15,M,20,A,A,C,D,D
4004,16445.0,22.5,0,0,0,M,20,A,A,C,D,D
4004,16446.0,15.0,0,0,0,M,20,A,A,D,D,D
4004,16447.0,20.0,0,0,0,M,20,A,A,D,D,E
4004,16448.0,8.5,0,0,0,M,20,A,A,D,D,E
4004,16449.0,18.0,25,5,15,M,20,A,A,D,D,E
4004,16450.0,13.9,10,30,0,M,20,A,A,D,D,E
4004,16451.0,22.5,0,0,0,M,20,A,A,D,E,E
4004,16452.0,22.5,0,0,0,M,20,A,A,D,E,E
4004,16453.0,20.0,0,0,0,M,20,A,A,E,E,E
4004,16454.0,14.9,0,50,0,M,20,A,A,E,E,E
4004,16455.0,18.6,10,0,30,M,20,A,A,E,E,E
4004,16456.0,10.3,10,0,10,M,20,A,A,E,E,E
4004,16457.0,22.5,0,0,0,M,20,A,A,E,E,F
4004,16458.0,22.5,0,0,0,M,20,A,A,E,E,F
4004,16459.0,7.2,0,70,15,M,20,A,A,E,E,F
4004,16460.0,8.5,30,45,0,M,20,A,A,E,E,F
4004,16461.0,4.2,75,30,0,M,20,A,A,E,E,F
4004,16462.0,22.5,0,0,0,M,20,A,A,E,E,F
4004,16463.0,22.6,0,0,0,M,20,A,A,E,E,F
4004,16464.0,10.1,0,0,0,M,20,A,A,E,E,F
4004,16465.0,11.3,10,5,0,M,20,A,B,F,F,F
4004,16466.0,22.5,0,0,0,M,20,A,C,F,F,F
4004,16467.0,22.5,0,0,0,M,20,A,C,F,F,G
4004,16468.0,22.5,0,0,0,M,20,A,C,F,F,G
4004,16469.0,22.5,0,0,0,M,20,A,C,F,F,G
4004,16470.0,22.5,0,0,0,M,20,A,D,F,F,G
4004,16471.0,22.5,0,0,0,M,20,A,F,F,F,G
4004,16472.0,22.5,0,0,0,M,20,,,,,
4004,16473.0,10.3,20,0,0,M,20,,,,,
4004,16474.0,27.4,10,35,10,M,20,,,,,
4004,16475.0,16.0,0,0,30,M,20,,,,,
3202,16476.0,8.8,0,0,0,F,20,A,A,B,B,A
3202,16477.0,8.8,0,0,0,F,20,A,A,B,B,A
3202,16478.0,17.6,0,50,0,F,20,A,A,B,D,B
3202,16479.0,1.0,0,40,0,F,20,A,A,D,D,B
3202,16480.0,17.3,30,0,20,M,20,A,B,D,D,B
3202,16481.0,25.1,0,0,0,M,20,A,B,D,D,B
3202,16482.0,27.8,50,30,50,M,20,A,D,D,D,B
3202,16483.0,16.7,0,15,25,M,20,A,D,D,D,B
3202,16484.0,5.6,20,10,25,M,20,A,D,D,E,C
3202,16485.0,33.2,0,0,10,M,20,C,D,E,F,D
2001,16486.0,10.5,0,0,0,F,20,A,A,B,B,A
2001,16487.0,22.9,0,0,0,F,20,A,A,B,B,A
2001,16488.0,10.5,0,0,0,F,20,A,B,C,C,A
2001,16489.0,10.5,0,0,0,F,20,A,D,C,C,A
2001,16490.0,22.8,0,0,0,F,20,A,D,C,D,A
2001,16491.0,2.6,55,0,0,F,20,A,D,C,D,A
2001,16492.0,23.9,0,0,0,F,20,A,D,D,D,B
2001,16493.0,10.1,0,55,15,F,20,A,D,D,D,B
2001,16494.0,11.5,0,60,0,F,20,B,D,D,D,B
2001,16495.0,10.5,0,0,0,F,20,B,D,D,E,B
2001,16496.0,12.3,0,0,0,F,20,B,D,D,E,B
2001,16497.0,11.5,50,35,5,F,20,B,D,D,E,B
2001,16498.0,12.7,10,0,0,F,20,B,D,D,E,C
2001,16499.0,8.4,0,15,0,F,20,E,F,F,F,D
2001,16500.0,11.4,100,0,65,F,20,,,,,
2402,16501.0,20.4,0,0,0,F,20,A,A,A,B,A
2402,16502.0,35.7,0,0,0,F,20,A,A,B,B,A
2402,16503.0,14.7,55,0,0,F,20,A,A,B,B,A
2402,16504.0,22.7,0,0,0,F,20,A,A,B,B,A
2402,16505.0,12.7,10,0,0,F,20,A,A,B,B,A
2402,16506.0,2.6,0,0,0,F,20,A,A,B,B,A
2402,16507.0,19.4,20,0,15,F,20,A,A,B,B,A
2402,16508.0,23.0,0,15,0,F,20,A,A,B,C,A
2402,16509.0,24.9,0,0,0,F,20,A,A,B,C,A
2402,16510.0,20.4,50,35,20,F,20,A,A,B,C,A
2402,16511.0,17.6,50,0,0,F,20,A,A,B,C,A
2402,16512.0,12.3,40,45,0,F,20,A,A,B,C,A
2402,16513.0,7.0,0,0,0,F,20,A,A,B,C,A
2402,16514.0,18.5,55,30,15,F,20,A,A,C,C,A
2402,16515.0,24.3,55,15,0,F,20,A,A,C,D,A
2402,16516.0,17.0,15,35,5,F,20,A,A,C,D,A
2402,16517.0,2.0,0,5,0,F,20,A,A,C,D,A
2402,16518.0,10.6,60,45,65,F,20,A,A,C,D,A
2402,16519.0,12.9,30,30,20,F,20,A,A,C,D,A
2402,16520.0,16.7,20,15,20,F,20,A,A,C,D,B
2402,16521.0,10.6,0,0,0,F,20,A,A,C,D,B
2402,16522.0,30.8,0,15,10,F,20,A,A,C,D,B
2402,16523.0,25.2,10,30,15,F,20,A,A,C,D,B
2402,16524.0,18.8,15,10,15,F,20,A,A,C,D,B
2402,16525.0,26.5,15,30,20,F,20,A,A,C,D,B
2402,16526.0,22.5,20,35,35,F,20,A,A,C,D,B
2402,16527.0,2.6,0,30,0,F,20,A,A,C,D,B
2402,16528.0,15.0,0,35,0,F,20,A,B,C,D,B
2402,16529.0,22.8,0,0,0,M,20,A,B,C,D,B
2402,16530.0,19.0,0,10,0,M,20,A,B,D,D,B
2402,16531.0,7.5,10,65,0,M,20,A,B,D,D,B
2402,16532.0,15.0,0,65,0,M,20,A,B,D,D,B
2402,16533.0,19.9,20,0,0,M,20,A,B,D,D,B
2402,16534.0,7.2,10,10,25,M,20,A,B,D,D,B
2402,16535.0,8.9,20,0,15,M,20,A,B,D,D,B
2402,16536.0,28.6,20,30,0,M,20,A,B,D,D,B
2402,16537.0,14.9,10,35,20,M,20,A,B,D,D,B
2402,16538.0,9.5,15,5,10,M,20,A,B,D,D,B
2402,16539.0,13.3,0,5,0,M,20,A,C,D,D,B
2402,16540.0,10.6,35,60,0,M,20,A,D,D,D,B
2402,16541.0,15.0,30,5,30,M,20,A,D,D,D,B
2402,16542.0,25.0,0,25,40,M,20,A,D,D,E,B
2402,16543.0,7.5,0,0,0,M,20,A,D,D,E,B
2402,16544.0,7.5,0,0,0,M,20,A,D,D,E,C
2402,16545.0,7.5,0,0,0,M,20,A,D,E,E,C
2402,16546.0,7.5,0,0,0,M,20,A,D,E,E,C
2402,16547.0,7.5,0,0,0,M,20,A,D,E,E,C
2402,16548.0,19.8,15,5,15,M,20,A,D,E,E,D
2402,16549.0,30.3,40,0,0,M,20,A,D,E,E,D
2402,16550.0,7.5,0,0,0,M,20,A,D,E,E,D
2402,16551.0,7.5,0,0,0,M,20,A,D,E,E,D
2402,16552.0,6.0,0,20,0,M,20,A,D,E,E,E
2402,16553.0,7.5,0,0,0,M,20,B,D,E,F,E
702,16554.0,10.9,0,0,0,M,20,A,A,C,D,A
702,16555.0,7.5,0,0,0,M,20,A,A,C,D,A
702,16556.0,7.4,0,0,0,M,20,A,B,C,D,B
702,16557.0,7.5,0,0,0,M,20,A,B,D,D,B
702,16558.0,7.5,0,0,0,M,20,A,B,D,D,B
702,16559.0,7.5,0,0,0,M,20,A,B,D,D,B
702,16560.0,7.5,0,0,0,M,20,A,C,D,D,B
702,16561.0,7.5,0,0,0,M,20,A,D,D,D,B
702,16562.0,7.5,0,0,0,M,20,B,D,D,E,B
702,16563.0,18.4,0,15,0,M,20,B,D,D,E,B
702,16564.0,7.5,0,0,0,M,20,B,D,E,F,B
702,16565.0,7.5,0,0,0,M,20,B,D,E,F,C
702,16566.0,29.7,10,25,10,M,20,B,D,F,F,D
702,16567.0,9.1,0,25,0,M,20,C,D,F,F,E
702,16568.0,7.5,0,0,0,M,20,,,,,
702,16569.0,20.0,0,0,5,M,20,,,,,
702,16570.0,0.6,0,45,0,M,20,,,,,
702,16571.0,14.4,65,45,40,M,20,,,,,
702,16572.0,7.5,0,0,0,M,20,,,,,
1402,16573.0,7.5,0,0,0,F,20,A,A,B,B,B
1402,16574.0,34.0,0,0,0,F,20,A,A,B,B,B
1402,16575.0,7.5,0,0,0,F,20,A,D,C,D,C
1402,16576.0,11.1,0,0,0,F,20,A,D,D,D,C
1402,16577.0,0.0,20,0,0,M,20,A,D,D,E,C
1402,16578.0,19.4,10,25,5,M,20,A,D,D,E,C
1402,16579.0,7.5,0,0,0,M,20,A,D,D,E,E
1402,16580.0,15.6,0,0,0,M,20,A,F,F,F,E
1402,16581.0,37.5,0,0,0,M,20,A,F,F,F,E
1402,16582.0,15.9,0,40,0,M,20,,,,,
4004,16583.0,10.1,0,80,0,F,20,A,A,B,C,A
4004,16584.0,7.5,0,0,0,F,20,A,A,C,D,B
4004,16585.0,7.5,0,0,0,F,20,A,A,C,D,B
4004,16586.0,7.5,55,20,15,F,20,A,A,C,D,B
4004,16587.0,26.4,25,0,40,F,20,A,A,D,D,B
4004,16588.0,7.5,0,0,0,F,20,A,A,D,D,B
4004,16589.0,23.2,0,0,0,F,20,A,A,D,D,B
4004,16590.0,23.4,0,0,0,F,20,A,A,D,D,B
4004,16591.0,7.5,0,0,0,F,20,A,A,D,D,C
4004,16592.0,7.5,25,0,20,M,20,A,A,D,D,C
4004,16593.0,19.8,35,0,0,M,20,A,A,D,D,C
4004,16594.0,7.5,0,0,0,M,20,A,A,D,D,C
4004,16595.0,15.3,100,30,10,M,20,A,A,D,D,C
4004,16596.0,11.1,10,0,10,M,20,A,A,D,D,C
4004,16597.0,0.0,0,0,20,M,20,A,A,D,D,C
4004,16598.0,25.2,0,0,0,M,20,A,A,D,D,C
4004,16599.0,22.5,20,0,0,M,20,A,A,D,D,D
4004,16600.0,12.7,20,60,5,M,20,A,A,D,E,D
4004,16601.0,2.6,0,5,0,M,20,A,A,D,E,D
4004,16602.0,4.2,0,60,10,M,20,A,A,D,E,D
4004,16603.0,22.5,20,0,0,M,20,A,A,D,E,D
4004,16604.0,7.5,0,0,0,M,20,A,A,E,E,D
4004,16605.0,8.5,30,0,10,M,20,A,A,E,E,D
4004,16606.0,21.4,50,30,20,M,20,A,A,E,E,D
4004,16607.0,7.5,0,0,0,M,20,A,A,E,E,D
4004,16608.0,3.2,20,45,10,M,20,A,A,E,E,E
4004,16609.0,8.4,50,0,0,M,20,A,A,E,E,E
4004,16610.0,7.5,0,0,0,M,20,A,A,E,E,E
4004,16611.0,7.5,0,0,0,M,20,A,A,E,E,E
4004,16612.0,15.4,0,35,0,M,20,A,A,E,E,E
4004,16613.0,17.6,0,45,65,M,20,A,A,E,E,E
4004,16614.0,7.5,0,0,0,M,20,A,A,E,E,E
4004,16615.0,7.5,0,0,0,M,20,A,A,E,E,E
4004,16616.0,7.5,0,0,0,M,20,A,A,E,E,E
4004,16617.0,28.8,0,20,20,M,20,A,A,E,E,E
4004,16618.0,7.5,0,0,0,M,20,A,A,E,E,E
4004,16619.0,7.5,0,0,0,M,20,A,D,E,F,F
4004,16620.0,7.5,0,0,0,M,20,A,D,E,F,F
4004,16621.0,7.5,0,0,0,M,20,A,D,E,F,F
4004,16622.0,12.3,35,20,0,M,20,A,D,E,F,F
4004,16623.0,7.5,0,0,0,M,20,A,D,E,F,F
4004,16624.0,7.5,0,0,0,M,20,A,D,E,F,F
4004,16625.0,7.5,0,0,0,M,20,A,D,E,F,F
4004,16626.0,7.5,0,0,0,M,20,A,D,F,F,F
4004,16627.0,7.5,0,0,0,M,20,A,D,F,F,F
4004,16628.0,7.5,0,0,0,M,20,A,D,F,F,F
4004,16629.0,7.5,0,0,0,M,20,A,D,F,F,F
4004,16630.0,3.6,25,0,0,M,20,A,D,F,F,F
4004,16631.0,18.0,0,20,0,M,20,A,D,F,F,F
4004,16632.0,7.5,0,0,0,M,20,A,D,F,F,F
4004,16633.0,7.5,0,0,0,M,20,A,D,F,F,F
4004,16634.0,8.5,10,30,0,M,20,A,F,F,F,F
4004,16635.0,7.5,0,0,0,M,20,,,,,
1502,16636.0,7.5,0,0,0,F,20,A,A,C,C,B
1502,16637.0,34.0,0,0,0,F,20,A,A,C,C,B
1502,16638.0,7.5,0,0,0,F,20,A,A,D,D,B
1502,16639.0,7.5,0,0,0,F,20,A,B,D,D,B
1502,16640.0,17.7,15,15,20,F,20,A,D,D,D,B
1502,16641.0,7.5,20,25,0,F,20,A,D,D,D,B
1502,16642.0,11.3,0,0,20,M,20,A,D,D,D,B
1502,16643.0,7.8,25,0,20,M,20,A,D,D,D,C
1502,16644.0,7.5,0,0,0,M,20,A,D,D,D,C
1502,16645.0,7.5,0,0,0,M,20,A,D,D,D,C
1502,16646.0,7.5,0,0,0,M,20,A,D,E,E,C
1502,16647.0,7.5,0,0,0,M,20,B,D,E,F,E
1502,16648.0,7.5,0,0,0,M,20,B,D,F,F,E
1502,16649.0,7.5,0,0,0,M,20,B,D,F,F,F
1502,16650.0,7.5,0,0,0,M,20,,,,,
1602,16651.0,8.5,0,0,40,F,20,A,A,A,B,A
1602,16652.0,7.5,0,0,0,F,20,A,B,D,D,B
1602,16653.0,7.5,0,0,0,F,20,A,B,D,D,B
1602,16654.0,7.5,0,0,0,F,20,A,D,E,D,B
1602,16655.0,7.5,0,0,0,F,20,A,D,E,E,C
1602,16656.0,7.5,0,0,0,F,20,A,D,E,E,D
1602,16657.0,7.5,0,0,0,M,20,A,D,E,E,D
1602,16658.0,7.5,0,0,0,M,20,A,D,F,E,E
1602,16659.0,3.0,0,0,0,M,20,,,,,
1602,16660.0,17.0,0,0,0,M,20,,,,,
3001,16661.0,7.5,0,0,0,F,20,A,A,A,A,A
3001,16662.0,7.5,0,0,0,F,20,A,A,B,B,A
3001,16663.0,7.5,0,0,0,F,20,A,A,B,B,A
3001,16664.0,34.0,0,0,0,M,20,A,A,B,B,B
3001,16665.0,7.5,0,0,0,M,20,A,A,C,C,B
3001,16666.0,7.5,0,35,10,M,20,A,A,C,C,B
3001,16667.0,24.5,5,0,0,M,20,A,A,D,D,B
3001,16668.0,1.6,10,0,0,M,20,A,A,D,D,C
3001,16669.0,19.8,25,0,10,M,20,A,A,D,D,C
3001,16670.0,11.1,20,0,0,M,20,A,A,D,E,C
3001,16671.0,20.1,10,80,20,M,20,A,A,D,E,D
3001,16672.0,10.7,15,10,0,M,20,E,F,F,F,D
3001,16673.0,0.0,30,35,30,M,20,,,,,
2402,16674.0,3.6,0,0,0,F,20,A,A,B,B,A
2402,16675.0,1.0,0,0,0,F,20,A,A,B,B,A
2402,16676.0,22.5,0,0,0,F,20,A,A,B,B,B
2402,16677.0,22.5,0,0,0,F,20,A,A,B,B,B
2402,16678.0,13.2,40,0,45,F,20,A,A,B,B,B
2402,16679.0,5.8,0,10,0,M,20,A,A,B,C,B
2402,16680.0,17.2,0,0,0,M,20,A,A,C,D,B
2402,16681.0,22.5,0,0,0,M,20,A,A,C,D,B
2402,16682.0,22.5,0,0,0,M,20,A,B,C,D,B
2402,16683.0,14.5,0,0,0,M,20,A,D,D,D,C
2402,16684.0,11.2,0,0,0,M,20,A,D,D,D,C
2402,16685.0,31.9,0,20,0,M,20,A,D,D,E,E
702,16686.0,18.1,0,20,0,F,20,A,A,B,B,A
702,16687.0,23.5,0,0,0,F,20,A,A,B,B,B
702,16688.0,31.0,0,40,0,F,20,A,A,B,B,B
702,16689.0,32.7,0,25,0,M,20,B,A,C,C,B
702,16690.0,21.0,0,25,0,M,20,B,A,C,C,B
702,16691.0,16.7,60,0,0,M,20,B,A,C,C,B
702,16692.0,10.9,15,0,10,M,20,B,A,D,C,B
702,16693.0,6.4,75,25,0,M,20,B,B,D,D,B
702,16694.0,22.5,0,0,0,M,20,C,B,D,E,C
702,16695.0,12.4,0,15,50,M,20,D,F,E,E,C
904,16696.0,19.2,0,30,0,F,20,A,A,B,B,A
904,16697.0,5.2,75,30,0,F,20,A,A,B,B,A
904,16698.0,47.8,0,0,0,F,20,A,A,B,B,A
904,16699.0,0.0,15,55,30,F,20,A,A,B,B,A
904,16700.0,10.1,10,20,0,F,20,A,A,B,C,A
904,16701.0,3.6,0,0,0,F,20,A,A,C,C,A
904,16702.0,16.3,0,0,0,F,20,A,A,C,C,A
904,16703.0,23.8,0,0,0,F,20,A,A,C,C,B
904,16704.0,23.8,0,0,0,F,20,A,A,C,C,B
904,16705.0,45.7,0,15,0,F,20,A,A,C,D,B
904,16706.0,23.8,0,0,0,F,20,A,A,C,D,B
904,16707.0,11.5,0,0,0,F,20,A,A,D,D,B
904,16708.0,7.5,0,0,15,F,20,A,A,D,D,B
904,16709.0,33.9,10,0,10,F,20,A,A,D,D,B
904,16710.0,12.3,10,60,20,F,20,B,A,D,D,B
904,16711.0,19.6,25,5,10,F,20,B,A,D,D,C
904,16712.0,16.1,0,0,0,F,20,B,A,E,D,C
904,16713.0,10.3,0,0,30,M,20,B,A,E,D,C
904,16714.0,13.1,50,10,25,M,20,E,A,E,E,D
904,16715.0,14.7,30,45,0,M,20,E,B,E,E,D
904,16716.0,2.2,10,0,0,M,20,E,B,E,E,D
904,16717.0,15.4,20,45,5,M,20,E,D,E,E,D
904,16718.0,12.5,0,15,0,M,20,E,D,F,E,E
904,16719.0,11.1,20,5,0,M,20,,,,,
904,16720.0,22.5,0,0,0,M,20,,,,,
2501,16721.0,4.6,0,20,0,F,20,A,A,A,A,A
2501,16722.0,13.5,10,0,0,F,20,A,A,B,A,A
2501,16723.0,13.5,0,0,10,F,20,A,A,B,B,A
2501,16724.0,0.0,50,45,5,F,20,A,A,B,B,A
2501,16725.0,13.3,0,0,0,F,20,A,A,C,B,A
2501,16726.0,9.5,20,15,0,F,20,A,A,C,C,A
2501,16727.0,2.4,0,35,0,M,20,,,,,
905,16728.0,7.8,0,0,0,F,20,A,A,B,B,A
905,16729.0,9.5,0,0,0,F,20,A,A,B,B,A
905,16730.0,16.0,10,15,40,F,20,A,A,B,C,A
905,16731.0,11.3,0,0,0,M,20,B,D,F,F,E
905,16732.0,11.2,0,0,0,M,20,,,,,
906,16733.0,9.6,0,25,0,F,20,A,A,A,A,A
906,16734.0,23.0,0,60,15,F,20,A,A,A,B,A
906,16735.0,14.5,30,45,0,F,20,A,A,A,B,A
906,16736.0,21.8,90,0,10,F,20,A,A,B,B,A
906,16737.0,16.0,0,0,0,F,20,A,A,B,B,A
906,16738.0,21.4,90,0,15,F,20,A,A,B,B,B
906,16739.0,1.6,0,0,0,F,20,A,A,B,B,B
906,16740.0,11.5,0,0,0,M,20,B,A,D,D,C
906,16741.0,5.4,15,0,0,M,20,E,D,E,F,E
2402,16742.0,12.1,25,0,0,F,20,A,A,A,B,A
2402,16743.0,8.9,30,0,10,F,20,A,A,A,B,A
2402,16744.0,9.1,15,5,20,F,20,A,A,B,B,A
2402,16745.0,0.0,20,0,5,F,20,A,A,B,C,B
2402,16746.0,17.6,20,5,30,F,20,A,A,C,C,B
2402,16747.0,19.7,20,75,20,F,20,A,A,C,C,B
2402,16748.0,6.6,20,25,10,F,20,A,A,C,C,B
2402,16749.0,0.0,25,0,0,F,20,A,A,C,C,B
2402,16750.0,11.1,25,0,0,F,20,A,A,C,C,B
2402,16751.0,10.1,0,0,0,F,20,A,A,C,D,B
2402,16752.0,18.6,0,20,0,F,20,A,A,C,D,C
2402,16753.0,10.1,0,25,0,F,20,A,A,C,D,C
2402,16754.0,7.5,0,0,0,F,20,A,A,C,D,C
2402,16755.0,15.0,0,0,0,F,20,A,A,D,D,C
2402,16756.0,23.0,10,0,10,F,20,A,A,D,D,C
2402,16757.0,15.0,0,0,0,M,20,A,A,D,D,C
2402,16758.0,15.0,0,0,0,M,20,C,D,D,F,E
2402,16759.0,15.0,0,0,0,M,20,C,F,F,F,F
2402,16760.0,15.0,0,0,0,M,20,,,,,
1602,16761.0,11.7,0,0,0,F,20,A,A,B,B,A
1602,16762.0,15.0,0,0,0,F,20,A,A,B,B,A
1602,16763.0,15.0,0,0,0,F,20,A,A,B,B,A
1602,16764.0,15.0,0,0,0,F,20,A,A,C,B,A
1602,16765.0,13.5,10,10,0,F,20,A,A,C,B,B
1602,16766.0,16.5,0,0,0,F,20,A,A,C,B,B
1602,16767.0,16.1,20,45,0,F,20,A,A,C,B,B
1602,16768.0,7.5,0,0,0,F,20,A,A,C,C,B
1602,16769.0,9.5,0,15,0,F,20,A,A,C,C,B
1602,16770.0,32.0,0,20,0,F,20,A,A,C,D,B
1602,16771.0,3.8,0,0,0,F,20,A,A,C,D,B
1602,16772.0,15.0,0,0,0,F,20,A,A,C,D,B
1602,16773.0,15.0,0,0,0,F,20,A,A,D,D,D
1602,16774.0,11.7,0,0,0,F,20,A,A,D,E,D
1602,16775.0,13.6,0,0,0,F,20,A,A,D,E,D
1602,16776.0,15.0,0,0,0,F,20,A,B,D,E,D
1602,16777.0,14.7,35,10,0,M,20,A,D,D,E,D
1602,16778.0,8.4,20,15,10,M,20,B,D,E,F,E
1602,16779.0,8.2,0,0,0,M,20,E,F,E,F,F
1602,16780.0,14.7,0,45,0,M,20,,,,,
1602,16781.0,13.1,30,0,0,M,20,,,,,
1602,16782.0,13.5,0,0,0,M,20,,,,,
1602,16783.0,15.0,0,0,0,M,20,,,,,
1602,16784.0,15.0,0,0,0,M,20,,,,,
4004,16785.0,15.0,0,0,0,M,20,A,A,B,B,B
4004,16786.0,7.5,0,0,0,M,20,A,A,B,B,C
4004,16787.0,15.0,0,0,0,M,20,A,A,B,C,C
4004,16788.0,22.5,0,0,10,M,20,A,A,D,D,D
4004,16789.0,15.0,0,0,0,M,20,A,A,D,D,E
4004,16790.0,16.5,0,0,0,M,20,A,A,D,D,E
4004,16791.0,15.0,0,0,0,M,20,A,A,D,D,E
4004,16792.0,15.0,0,0,0,M,20,A,A,D,D,E
4004,16793.0,15.0,0,0,0,M,20,A,A,D,D,E
4004,16794.0,11.7,25,65,5,M,20,A,A,D,D,E
4004,16795.0,15.0,0,0,0,M,20,A,A,D,D,E
4004,16796.0,9.5,0,15,0,M,20,A,A,D,D,E
4004,16797.0,7.5,0,0,0,M,20,A,A,D,D,E
4004,16798.0,18.6,0,20,0,M,20,A,A,D,D,E
4004,16799.0,15.0,0,0,0,M,20,A,A,E,E,E
4004,16800.0,15.0,0,0,0,M,20,E,F,F,F,F
4004,16801.0,15.0,0,0,0,M,20,E,F,F,F,G
4004,16802.0,15.0,0,0,0,M,20,,,,,
4004,16803.0,15.0,0,0,0,M,20,,,,,
702,16804.0,7.5,0,50,0,F,20,A,A,B,B,B
702,16805.0,15.0,0,0,0,F,20,A,A,B,B,B
702,16806.0,15.0,0,0,0,M,20,,,,,
2402,16807.0,15.0,0,0,0,F,20,A,A,A,A,A
2402,16808.0,15.0,0,0,0,F,20,A,A,B,B,A
2402,16809.0,15.0,0,0,0,F,20,A,A,B,B,A
2402,16810.0,15.0,0,0,0,F,20,A,A,B,B,B
2402,16811.0,15.0,0,0,0,F,20,A,A,B,B,B
2402,16812.0,15.0,0,0,0,F,20,A,A,B,B,B
2402,16813.0,15.0,0,0,0,F,20,A,A,B,B,C
2402,16814.0,15.0,0,0,0,F,20,A,A,B,C,C
2402,16815.0,21.8,5,5,20,F,20,A,A,C,C,C
2402,16816.0,15.0,0,0,0,F,20,A,A,D,D,D
2402,16817.0,17.3,0,30,0,M,20,A,A,D,D,D
2402,16818.0,15.0,0,0,0,M,20,A,A,D,D,D
2402,16819.0,15.0,0,0,0,M,20,,,,,
2402,16820.0,15.0,0,0,0,M,20,,,,,
2402,16821.0,15.0,0,0,0,M,20,,,,,
2402,16822.0,7.5,15,35,0,M,20,,,,,
2402,16823.0,15.0,0,0,0,M,20,,,,,
3202,16824.0,11.9,0,0,0,F,20,A,A,B,C,B
3202,16825.0,7.5,0,0,0,F,20,A,A,B,C,B
3202,16826.0,15.0,0,0,0,F,20,A,A,B,C,B
3202,16827.0,11.9,0,0,0,F,20,A,A,B,C,B
5402,16828.0,15.0,0,0,0,F,20,A,A,A,D,B
5402,16829.0,15.0,0,0,0,F,20,A,A,C,D,B
5402,16830.0,15.0,0,0,0,M,20,A,A,D,E,B
5402,16831.0,18.6,40,0,10,M,20,A,A,D,E,C
3502,16832.0,15.0,0,0,0,F,20,A,A,A,A,A
3502,16833.0,15.0,0,0,0,F,20,A,A,B,B,A
3502,16834.0,15.0,0,0,0,F,20,A,A,B,B,A
3502,16835.0,15.0,0,0,0,F,20,A,A,B,B,B
3502,16836.0,11.1,20,60,20,F,20,A,A,B,B,B
3502,16837.0,15.0,0,0,0,F,20,A,A,B,B,B
3502,16838.0,15.0,0,0,0,F,20,A,A,B,B,B
3502,16839.0,15.0,0,0,0,F,20,A,A,C,C,B
3502,16840.0,11.9,0,0,0,F,20,A,A,C,C,B
3502,16841.0,15.0,0,0,0,F,20,A,A,C,C,B
3502,16842.0,9.8,0,0,0,F,20,A,A,C,C,B
3502,16843.0,25.1,0,0,0,F,20,A,A,C,D,B
3502,16844.0,17.9,30,0,25,F,20,A,A,C,D,C
3502,16845.0,15.0,0,0,0,F,20,A,A,C,D,C
3502,16846.0,15.0,0,0,0,F,20,A,A,C,D,C
3502,16847.0,15.0,0,0,0,F,20,A,A,C,D,C
3502,16848.0,15.0,0,0,0,F,20,A,A,C,D,C
3502,16849.0,15.0,0,0,0,F,20,A,A,D,D,C
3502,16850.0,7.2,60,10,0,F,20,A,A,D,D,C
3502,16851.0,15.0,0,0,0,F,20,A,A,D,D,C
3502,16852.0,15.0,0,0,0,F,20,A,A,D,D,C
3502,16853.0,15.0,0,0,0,F,20,B,A,D,D,C
3502,16854.0,4.0,0,0,0,M,20,B,A,D,D,C
3502,16855.0,15.0,0,0,0,M,20,E,D,F,F,E
3502,16856.0,15.0,0,0,0,M,20,,,,,
3502,16857.0,15.0,0,0,0,M,20,,,,,
3502,16858.0,15.0,0,0,0,M,20,,,,,
3502,16859.0,15.0,0,0,0,M,20,,,,,
3502,16860.0,8.5,0,45,0,M,20,,,,,
3502,16861.0,15.0,0,0,0,M,20,,,,,
3502,16862.0,9.0,50,45,20,M,20,,,,,
3502,16863.0,15.0,0,0,0,M,20,,,,,
3502,16864.0,21.6,30,0,0,M,20,,,,,
3502,16865.0,7.5,25,20,5,M,20,,,,,
3502,16866.0,17.0,30,20,10,M,20,,,,,
3502,16867.0,15.0,0,0,0,M,20,,,,,
3502,16868.0,15.0,0,0,0,M,20,,,,,
3502,16869.0,13.1,15,0,0,M,20,,,,,
3502,16870.0,15.0,0,0,0,M,20,,,,,
3502,16871.0,15.0,0,0,0,M,20,,,,,
3502,16872.0,2.6,10,0,0,M,20,,,,,
3502,16873.0,15.0,0,0,0,M,20,,,,,
3502,16874.0,15.0,0,0,0,M,20,,,,,
3502,16875.0,15.0,0,0,0,M,20,,,,,
3502,16876.0,15.0,0,0,0,M,20,,,,,
4006,16877.0,15.0,0,0,0,F,20,A,A,A,B,B
4006,16878.0,15.0,0,0,0,F,20,A,A,B,B,B
4006,16879.0,7.5,50,0,0,F,20,A,A,B,B,B
4006,16880.0,15.0,0,0,0,M,20,A,A,B,C,B
4006,16881.0,15.0,0,0,0,M,20,A,A,B,C,C
4006,16882.0,15.0,0,0,0,M,20,A,A,B,D,D
4006,16883.0,11.1,30,30,40,M,20,A,A,B,D,D
4006,16884.0,11.1,30,0,0,M,20,A,A,C,D,D
4006,16885.0,0.0,0,0,0,M,20,A,A,D,D,D
4006,16886.0,19.5,50,65,5,M,20,A,A,D,D,E
4006,16887.0,14.7,0,50,0,M,20,A,A,D,D,E
4006,16888.0,42.9,40,0,0,M,20,A,A,D,D,E
4006,16889.0,4.8,10,0,0,M,20,A,A,D,D,E
4006,16890.0,14.5,0,35,15,M,20,A,A,D,D,E
4006,16891.0,19.4,0,0,0,M,20,A,A,E,D,E
4006,16892.0,0.0,0,0,0,M,20,A,A,E,E,F
4006,16893.0,40.8,20,15,20,M,20,A,A,E,E,F
4006,16894.0,19.0,20,85,20,M,20,A,A,E,E,F
4006,16895.0,48.7,0,0,0,M,20,B,A,E,E,F
2001,16896.0,0.0,0,0,0,F,20,A,A,B,B,A
2001,16897.0,0.0,0,0,0,F,20,A,A,B,B,A
2001,16898.0,0.0,0,0,0,F,20,A,A,B,C,A
2001,16899.0,0.0,0,0,0,F,20,A,A,B,C,A
2001,16900.0,0.0,0,0,0,F,20,A,B,B,C,A
2001,16901.0,0.0,0,0,0,F,20,A,B,C,D,B
2001,16902.0,0.0,0,0,0,F,20,A,D,C,D,B
2001,16903.0,0.0,0,0,0,F,20,B,D,D,E,B
2001,16904.0,0.0,0,0,0,F,20,B,D,E,E,B
2001,16905.0,0.0,0,0,0,F,20,C,D,E,E,C
2001,16906.0,0.0,0,0,0,F,20,C,D,E,E,F
2001,16907.0,0.0,0,0,0,F,20,E,D,F,F,F
2001,16908.0,0.0,0,0,0,F,20,,,,,
2001,16909.0,0.0,0,0,0,M,20,,,,,
2001,16910.0,0.0,0,0,0,M,20,,,,,
2001,16911.0,0.0,0,0,0,M,20,,,,,
3502,16912.0,0.0,0,0,0,F,20,A,A,A,B,A
3502,16913.0,0.0,0,0,0,F,20,A,B,B,D,B
3502,16914.0,0.0,0,0,0,F,20,A,B,C,D,B
3502,16915.0,0.0,0,0,0,F,20,A,C,C,D,B
3502,16916.0,0.0,0,0,0,F,20,A,D,D,D,B
3502,16917.0,0.0,0,0,0,F,20,A,D,D,D,B
3502,16918.0,0.0,0,0,0,F,20,A,D,D,D,B
3502,16919.0,0.0,0,0,0,F,20,A,D,D,D,C
3502,16920.0,0.0,0,0,0,M,20,A,D,D,E,D
3502,16921.0,0.0,0,0,0,M,20,A,D,D,E,D
3502,16922.0,0.0,0,0,0,M,20,A,D,D,E,D
3502,16923.0,0.0,0,0,0,M,20,B,D,D,F,D
3502,16924.0,0.0,0,0,0,M,20,B,D,E,F,E
3502,16925.0,0.0,0,0,0,M,20,B,D,E,F,E
3502,16926.0,0.0,0,0,0,M,20,E,F,F,F,E
3502,16927.0,0.0,0,0,0,M,20,,,,,
3502,16928.0,0.0,0,0,0,M,20,,,,,
3502,16929.0,0.0,0,0,0,M,20,,,,,
3502,16930.0,0.0,0,0,0,M,20,,,,,
3502,16931.0,0.0,0,0,0,M,20,,,,,
3502,16932.0,0.0,0,0,0,M,20,,,,,
3502,16933.0,0.0,0,0,0,M,20,,,,,
3502,16934.0,0.0,0,0,0,M,20,,,,,
3502,16935.0,0.0,0,0,0,M,20,,,,,
2001,16936.0,0.0,0,0,0,F,20,A,A,A,A,A
2001,16937.0,0.0,0,0,0,F,20,A,A,A,B,A
2001,16938.0,0.0,0,0,0,F,20,A,A,A,B,A
2001,16939.0,0.0,0,0,0,F,20,A,A,B,B,A
2001,16940.0,0.0,0,0,0,F,20,A,B,B,B,B
2001,16941.0,0.0,0,0,0,F,20,A,B,B,C,B
2001,16942.0,0.0,0,0,0,F,20,A,D,B,D,B
2001,16943.0,0.0,0,0,0,F,20,A,D,B,D,B
2001,16944.0,0.0,0,0,0,F,20,A,D,B,D,B
2001,16945.0,0.0,0,0,0,F,20,A,D,B,D,B
2001,16946.0,0.0,0,0,0,F,20,B,D,B,D,B
2001,16947.0,0.0,0,0,0,F,20,B,D,B,D,B
2001,16948.0,0.0,0,0,0,F,20,B,D,B,D,B
2001,16949.0,0.0,0,0,0,F,20,C,D,C,E,B
2001,16950.0,0.0,0,0,0,F,20,C,D,C,E,B
2001,16951.0,0.0,0,0,0,F,20,C,D,C,E,B
2001,16952.0,0.0,0,0,0,F,20,C,D,D,E,B
2001,16953.0,0.0,0,0,0,F,20,E,F,D,F,C
2001,16954.0,0.0,0,0,0,F,20,,,,,
2001,16955.0,0.0,0,0,0,M,20,,,,,
2001,16956.0,0.0,0,0,0,M,20,,,,,
3002,16957.0,0.0,0,0,0,F,20,A,A,A,A,A
3002,16958.0,0.0,0,0,0,F,20,A,A,A,B,A
3002,16959.0,0.0,0,0,0,F,20,A,A,A,B,A
3002,16960.0,0.0,0,0,0,F,20,A,B,B,B,A
3002,16961.0,0.0,0,0,0,F,20,A,B,B,B,A
3002,16962.0,0.0,0,0,0,F,20,A,B,B,B,B
3002,16963.0,0.0,0,0,0,M,20,A,D,B,B,B
3002,16964.0,0.0,0,0,0,M,20,A,D,B,B,B
3002,16965.0,0.0,0,0,0,M,20,A,D,B,C,B
3002,16966.0,0.0,0,0,0,M,20,A,D,C,C,B
3002,16967.0,0.0,0,0,0,M,20,A,D,D,C,B
3002,16968.0,0.0,0,0,0,M,20,A,D,D,C,B
3002,16969.0,0.0,0,0,0,M,20,B,D,D,D,C
3002,16970.0,0.0,0,0,0,M,20,,,,,
3002,16971.0,0.0,0,0,0,M,20,,,,,
2402,16972.0,0.0,0,0,0,F,20,A,A,B,B,A
2402,16973.0,0.0,0,0,0,F,20,A,A,B,B,A
2402,16974.0,0.0,0,0,0,F,20,A,A,B,B,A
2402,16975.0,0.0,0,0,0,F,20,A,A,B,B,A
2402,16976.0,0.0,0,0,0,F,20,A,A,B,B,A
2402,16977.0,0.0,0,0,0,F,20,A,B,B,C,B
2402,16978.0,0.0,0,0,0,F,20,A,B,B,C,B
2402,16979.0,0.0,0,0,0,F,20,A,B,B,D,B
2402,16980.0,0.0,0,0,0,F,20,A,B,C,D,B
2402,16981.0,0.0,0,0,0,F,20,A,D,C,D,B
2402,16982.0,0.0,0,0,0,F,20,A,D,D,D,B
2402,16983.0,0.0,0,0,0,F,20,A,D,D,D,B
2402,16984.0,0.0,0,0,0,M,20,A,D,D,D,C
2402,16985.0,0.0,0,0,0,M,20,A,D,D,D,C
2402,16986.0,0.0,0,0,0,M,20,A,D,D,D,C
2402,16987.0,0.0,0,0,0,M,20,B,D,D,E,C
2402,16988.0,0.0,0,0,0,M,20,B,D,E,E,D
2402,16989.0,0.0,0,0,0,M,20,B,D,E,E,D
2402,16990.0,0.0,0,0,0,M,20,E,F,E,E,D
2402,16991.0,0.0,0,0,0,M,20,E,F,E,F,E
2402,16992.0,0.0,0,0,0,M,20,,,,,
2402,16993.0,0.0,0,0,0,M,20,,,,,
2402,16994.0,0.0,0,0,0,M,20,,,,,
2402,16995.0,0.0,0,0,0,M,20,,,,,
2402,16996.0,0.0,0,0,0,M,20,,,,,
702,16997.0,0.0,0,0,0,F,20,A,A,B,B,A
702,16998.0,0.0,0,0,0,M,20,A,D,C,C,B
702,16999.0,0.0,0,0,0,M,20,A,D,C,D,C
702,17000.0,0.0,0,0,0,M,20,A,D,C,D,D
702,17001.0,0.0,0,0,0,M,20,A,D,D,D,D
702,17002.0,0.0,0,0,0,M,20,B,D,D,D,D
702,17003.0,0.0,0,0,0,M,20,B,D,E,D,E
702,17004.0,0.0,0,0,0,M,20,E,F,E,F,F
1402,17005.0,0.0,0,0,0,F,20,A,A,A,B,A
1402,17006.0,0.0,0,0,0,F,20,A,A,B,C,A
1402,17007.0,0.0,0,0,0,F,20,A,B,B,D,A
1402,17008.0,0.0,0,0,0,F,20,A,B,C,D,B
1402,17009.0,0.0,0,0,0,M,20,A,D,E,E,E
1402,17010.0,0.0,0,0,0,M,20,B,D,F,E,F
1602,17011.0,0.0,0,0,0,F,20,A,A,B,B,A
1602,17012.0,0.0,0,0,0,F,20,A,A,B,C,A
1602,17013.0,0.0,0,0,0,F,20,A,A,B,C,A
1602,17014.0,0.0,0,0,0,F,20,A,A,B,D,A
1602,17015.0,0.0,0,0,0,F,20,A,A,B,D,A
1602,17016.0,0.0,0,0,0,F,20,A,A,C,D,A
1602,17017.0,0.0,0,0,0,F,20,A,A,C,D,A
1602,17018.0,0.0,0,0,0,F,20,A,A,C,D,A
1602,17019.0,0.0,0,0,0,F,20,A,A,D,D,A
1602,17020.0,0.0,0,0,0,F,20,A,A,D,D,A
1602,17021.0,0.0,0,0,0,F,20,A,A,D,D,A
1602,17022.0,0.0,0,0,0,F,20,A,B,D,D,A
1602,17023.0,0.0,0,0,0,F,20,A,B,D,D,A
1602,17024.0,0.0,0,0,0,M,20,A,C,D,D,A
1602,17025.0,0.0,0,0,0,M,20,A,D,D,D,B
1602,17026.0,0.0,0,0,0,M,20,A,D,D,D,B
1602,17027.0,0.0,0,0,0,M,20,A,D,D,E,B
1602,17028.0,0.0,0,0,0,M,20,A,D,D,E,B
1602,17029.0,0.0,0,0,0,M,20,A,D,D,E,B
1602,17030.0,0.0,0,0,0,M,20,A,D,D,E,B
1602,17031.0,0.0,0,0,0,M,20,A,D,D,E,C
1602,17032.0,0.0,0,0,0,M,20,A,D,D,E,C
1602,17033.0,0.0,0,0,0,M,20,A,D,E,F,D
1602,17034.0,0.0,0,0,0,M,20,A,D,E,F,D
1602,17035.0,0.0,0,0,0,M,20,A,D,E,F,E
1602,17036.0,0.0,0,0,0,M,20,A,D,E,F,E
1602,17037.0,0.0,0,0,0,M,20,B,F,F,F,F
1602,17038.0,0.0,0,0,0,F,20,A,A,A,A,A
1602,17039.0,0.0,0,0,0,F,20,A,A,B,B,A
1602,17040.0,0.0,0,0,0,F,20,A,A,B,D,A
1602,17041.0,0.0,0,0,0,F,20,A,A,B,D,A
1602,17042.0,0.0,0,0,0,F,20,A,A,B,D,B
1602,17043.0,0.0,0,0,0,F,20,A,B,C,D,B
1602,17044.0,0.0,0,0,0,F,20,A,B,C,E,B
1602,17045.0,0.0,0,0,0,F,20,A,D,D,E,B
1602,17046.0,0.0,0,0,0,F,20,A,D,D,E,B
1602,17047.0,0.0,0,0,0,F,20,,,,,
1602,17048.0,0.0,0,0,0,F,20,,,,,
1602,17049.0,0.0,0,0,0,M,20,,,,,
1602,17050.0,0.0,0,0,0,M,20,,,,,
1602,17051.0,0.0,0,0,0,M,20,,,,,
1602,17052.0,0.0,0,0,0,M,20,,,,,
1602,17053.0,0.0,0,0,0,M,20,,,,,
1602,17054.0,0.0,0,0,0,M,20,,,,,
702,17055.0,0.0,0,0,0,F,20,A,A,A,A,A
702,17056.0,0.0,0,0,0,F,20,A,A,A,A,A
702,17057.0,0.0,0,0,0,F,20,A,B,B,A,B
702,17058.0,0.0,0,0,0,F,20,A,B,B,B,B
702,17059.0,0.0,0,0,0,F,20,A,B,B,B,B
702,17060.0,0.0,0,0,0,F,20,A,C,B,B,B
702,17061.0,0.0,0,0,0,F,20,A,D,B,D,B
702,17062.0,0.0,0,0,0,F,20,A,D,C,D,B
702,17063.0,0.0,0,0,0,M,20,A,D,D,D,B
702,17064.0,0.0,0,0,0,M,20,A,D,D,D,B
702,17065.0,0.0,0,0,0,M,20,A,D,D,E,C
702,17066.0,0.0,0,0,0,M,20,A,D,D,E,C
702,17067.0,0.0,0,0,0,M,20,B,D,E,F,D
702,17068.0,0.0,0,0,0,M,20,B,D,E,F,E
4004,17069.0,0.0,0,0,0,F,20,A,A,A,B,A
4004,17070.0,0.0,0,0,0,F,20,A,A,B,B,A
4004,17071.0,0.0,0,0,0,F,20,A,A,B,C,B
4004,17072.0,0.0,0,0,0,M,20,A,A,B,C,B
4004,17073.0,0.0,0,0,0,M,20,A,A,B,D,B
4004,17074.0,0.0,0,0,0,M,20,A,A,C,D,C
4004,17075.0,0.0,0,0,0,M,20,A,A,D,D,C
4004,17076.0,0.0,0,0,0,M,20,A,A,D,D,C
4004,17077.0,0.0,0,0,0,M,20,A,A,D,D,C
4004,17078.0,0.0,0,0,0,M,20,A,A,D,D,C
4004,17079.0,0.0,0,0,0,M,20,A,A,D,D,C
4004,17080.0,0.0,0,0,0,M,20,A,B,D,D,D
4004,17081.0,0.0,0,0,0,M,20,A,B,D,D,D
4004,17082.0,0.0,0,0,0,M,20,A,B,D,D,D
4004,17083.0,0.0,0,0,0,M,20,A,B,D,E,D
4004,17084.0,0.0,0,0,0,M,20,A,C,D,E,E
4004,17085.0,0.0,0,0,0,M,20,A,C,E,E,E
4004,17086.0,0.0,0,0,0,M,20,A,D,E,E,E
4004,17087.0,0.0,0,0,0,M,20,A,D,E,E,E
4004,17088.0,0.0,0,0,0,M,20,A,D,E,E,E
4004,17089.0,0.0,0,0,0,M,20,A,D,E,E,E
4004,17090.0,0.0,0,0,0,M,20,A,D,E,E,E
4004,17091.0,0.0,0,0,0,M,20,A,D,E,E,E
4004,17092.0,0.0,20,0,0,M,20,A,D,F,F,E
4004,17093.0,3.6,0,0,0,M,20,A,D,F,F,E
4004,17094.0,1.0,0,20,0,M,20,A,D,F,F,F
4004,17095.0,1.4,0,15,0,M,20,A,D,F,F,F
4004,17096.0,5.2,0,0,0,M,20,A,D,F,F,F
4004,17097.0,5.2,0,0,0,M,20,A,F,F,F,F
4004,17098.0,3.2,0,15,0,M,20,A,F,F,F,F
4004,17099.0,4.0,0,0,10,M,20,A,F,F,F,G
4004,17100.0,5.4,0,0,0,M,20,,,,,
4004,17101.0,3.4,15,0,0,M,20,,,,,
4004,17102.0,6.8,0,0,0,M,20,,,,,
4004,17103.0,0.0,0,45,0,F,20,A,A,A,B,A
4004,17104.0,3.6,0,20,0,F,20,A,A,A,C,A
4004,17105.0,6.6,0,0,0,F,20,A,A,B,C,A
4004,17106.0,7.5,0,0,0,F,20,A,A,B,C,B
4004,17107.0,7.5,0,0,0,F,20,A,A,B,C,B
4004,17108.0,7.5,0,0,0,F,20,A,A,B,D,B
4004,17109.0,7.5,0,0,0,F,20,A,A,B,D,B
4004,17110.0,7.5,0,0,0,F,20,A,A,B,D,B
4004,17111.0,7.5,0,0,0,F,20,A,A,C,D,B
4004,17112.0,7.5,0,0,0,F,20,A,A,C,D,B
4004,17113.0,7.5,0,0,0,F,20,A,A,C,D,B
4004,17114.0,7.5,0,0,0,F,20,A,A,D,D,C
4004,17115.0,7.5,0,0,0,F,20,A,A,D,D,C
4004,17116.0,7.5,0,0,0,F,20,A,A,D,D,C
4004,17117.0,7.5,0,0,0,M,20,A,A,D,D,C
4004,17118.0,7.5,0,0,0,M,20,A,A,D,D,C
4004,17119.0,7.5,0,0,0,M,20,A,A,D,D,C
4004,17120.0,7.5,0,0,0,M,20,A,A,D,D,C
4004,17121.0,7.5,0,0,0,M,20,A,A,D,D,C
4004,17122.0,7.5,0,0,0,M,20,A,A,D,D,C
4004,17123.0,7.5,0,0,0,M,20,A,A,D,D,C
4004,17124.0,7.4,0,0,0,M,20,A,A,D,D,C
4004,17125.0,7.5,0,0,0,M,20,A,A,D,D,C
4004,17126.0,7.5,0,0,0,M,20,A,A,D,D,D
4004,17127.0,7.5,0,0,0,M,20,A,A,D,D,D
4004,17128.0,7.5,0,0,0,M,20,A,A,D,D,D
4004,17129.0,7.6,0,0,0,M,20,A,A,D,D,D
4004,17130.0,7.8,0,0,0,M,20,A,A,D,D,D
4004,17131.0,7.8,0,0,0,M,20,A,A,D,D,D
4004,17132.0,2.0,30,10,0,M,20,A,A,D,D,D
4004,17133.0,6.4,10,0,0,M,20,A,A,D,E,D
4004,17134.0,8.4,0,0,0,M,20,A,A,D,E,D
4004,17135.0,8.4,0,0,0,M,20,A,A,D,E,E
4004,17136.0,9.2,0,0,0,M,20,A,A,E,E,E
4004,17137.0,0.0,0,0,0,M,20,A,A,E,E,E
4004,17138.0,9.4,0,0,0,M,20,A,A,E,E,E
4004,17139.0,7.5,0,15,0,M,20,A,A,E,E,E
4004,17140.0,10.1,0,0,0,M,20,A,A,E,E,E
4004,17141.0,0.0,20,45,0,M,20,A,A,E,E,E
4004,17142.0,0.0,40,10,20,M,20,A,B,E,E,E
4004,17143.0,10.6,0,0,0,M,20,A,B,E,E,E
4004,17144.0,10.6,0,0,0,M,20,A,B,E,E,E
4004,17145.0,0.0,0,0,0,M,20,A,B,E,E,E
4004,17146.0,11.1,0,0,0,M,20,A,B,E,E,F
4004,17147.0,0.0,0,0,0,M,20,A,B,E,E,F
4004,17148.0,11.1,0,0,0,M,20,A,B,E,E,F
4004,17149.0,9.5,0,0,10,M,20,A,C,E,E,F
4004,17150.0,2.2,60,0,0,M,20,A,C,E,E,F
4004,17151.0,0.0,0,0,0,M,20,A,C,E,E,F
4004,17152.0,0.0,0,0,0,M,20,A,D,E,E,F
4004,17153.0,0.0,0,0,0,M,20,A,D,E,E,F
4004,17154.0,0.0,0,0,0,M,20,A,D,E,E,F
4004,17155.0,0.0,0,0,0,M,20,A,D,E,F,F
4004,17156.0,11.5,0,0,0,M,20,A,D,E,F,F
4004,17157.0,6.2,30,5,0,M,20,A,D,E,F,F
4004,17158.0,4.6,0,50,0,M,20,A,D,E,F,F
4004,17159.0,12.1,0,0,0,M,20,A,D,E,F,F
4004,17160.0,11.9,0,0,0,M,20,A,D,E,F,F
4004,17161.0,0.0,0,0,0,M,20,A,D,E,F,F
4004,17162.0,2.0,0,0,0,M,20,A,D,E,F,F
4004,17163.0,0.0,0,0,0,M,20,A,D,E,F,F
4004,17164.0,9.2,0,20,0,M,20,A,D,E,F,F
4004,17165.0,12.5,0,0,0,M,20,A,D,E,F,F
4004,17166.0,1.6,0,0,0,M,20,A,D,F,F,F
4004,17167.0,0.0,0,0,0,M,20,A,D,F,F,F
4004,17168.0,12.9,0,0,0,M,20,A,D,F,F,F
4004,17169.0,9.4,25,0,0,M,20,A,D,F,F,F
4004,17170.0,8.5,0,15,15,M,20,A,D,F,F,F
4004,17171.0,0.0,0,0,0,M,20,A,D,F,F,F
4004,17172.0,0.0,0,0,0,M,20,A,D,F,F,F
4004,17173.0,0.0,0,0,0,M,20,A,D,F,F,F
4004,17174.0,6.2,20,0,30,M,20,A,D,F,F,F
4004,17175.0,0.0,0,0,0,M,20,A,D,F,F,G
4004,17176.0,11.0,0,15,0,M,20,A,D,F,F,G
4004,17177.0,0.0,0,0,0,M,20,A,D,F,F,G
4004,17178.0,0.0,0,0,0,M,20,A,D,F,F,G
4004,17179.0,0.0,0,0,0,M,20,A,D,F,F,G
4004,17180.0,0.0,0,0,0,M,20,B,F,F,F,G
4004,17181.0,2.6,0,0,0,M,20,B,F,F,F,G
4004,17182.0,0.0,0,0,0,M,20,B,F,F,F,G
4004,17183.0,0.0,0,0,0,M,20,E,F,F,,G
4004,17184.0,6.6,25,15,5,M,20,,,,,
4004,17185.0,0.0,0,0,0,M,20,,,,,
4004,17186.0,2.2,0,0,0,M,20,,,,,
4004,17187.0,14.4,0,0,0,M,20,,,,,
4004,17188.0,2.0,0,0,0,M,20,,,,,
4004,17189.0,14.3,0,0,0,M,20,,,,,
4004,17190.0,11.0,0,0,25,M,20,,,,,
4004,17191.0,4.2,20,0,50,M,20,,,,,
4301,17192.0,15.0,0,0,0,F,20,A,A,B,D,B
4301,17193.0,15.0,0,0,0,F,20,A,A,B,D,C
4301,17194.0,7.6,30,20,0,F,20,A,A,B,D,C
4301,17195.0,15.0,0,0,0,F,20,A,A,C,D,C
4301,17196.0,15.0,0,0,0,F,20,A,A,D,D,C
4301,17197.0,15.0,0,0,0,F,20,A,A,D,E,D
4301,17198.0,15.0,0,0,0,F,20,A,A,D,E,D
4301,17199.0,15.0,0,0,0,F,20,A,A,D,E,D
4301,17200.0,15.0,0,0,0,F,20,A,A,D,E,D
4301,17201.0,15.0,0,0,0,F,20,A,B,E,E,E
4301,17202.0,15.0,0,0,0,M,20,A,B,E,E,E
4301,17203.0,15.0,0,0,0,M,20,A,B,E,E,E
4301,17204.0,15.0,0,0,0,M,20,A,B,E,E,E
4301,17205.0,6.4,10,0,50,M,20,A,D,E,E,E
4301,17206.0,4.4,0,0,0,M,20,A,D,E,E,E
4301,17207.0,9.5,0,40,0,M,20,A,D,E,E,E
4301,17208.0,15.9,0,0,0,M,20,A,D,E,F,E
4301,17209.0,4.0,70,0,10,M,20,A,D,E,F,F
4301,17210.0,2.6,0,0,0,M,20,A,D,E,F,F
4301,17211.0,16.2,0,0,0,M,20,B,D,F,F,F
4301,17212.0,16.3,0,0,0,M,20,B,D,F,F,F
4301,17213.0,8.4,0,35,20,M,20,B,D,F,F,F
4301,17214.0,5.2,0,0,0,M,20,B,F,F,F,F
4301,17215.0,5.2,0,0,0,M,20,B,F,F,F,G
4301,17216.0,16.3,0,0,0,M,20,,,,,
4301,17217.0,16.3,0,0,0,M,20,,,,,
4301,17218.0,10.8,40,0,0,M,20,,,,,
4301,17219.0,7.5,0,0,0,M,20,,,,,
4301,17220.0,3.6,0,0,0,M,20,,,,,
4301,17221.0,15.6,0,0,10,M,20,,,,,
4301,17222.0,5.8,10,15,50,M,20,,,,,
3502,17223.0,17.0,0,0,0,F,20,A,A,A,B,A
3502,17224.0,6.8,25,45,0,F,20,A,A,A,B,A
3502,17225.0,17.6,0,0,0,F,20,A,A,B,C,A
3502,17226.0,2.4,0,0,15,F,20,A,A,B,C,A
3502,17227.0,17.6,0,0,0,F,20,A,A,B,C,A
3502,17228.0,15.0,0,0,20,F,20,A,A,B,C,A
3502,17229.0,17.9,0,0,0,F,20,A,A,B,C,A
3502,17230.0,18.0,0,0,0,F,20,A,A,B,C,A
3502,17231.0,17.8,0,0,0,F,20,A,A,B,C,A
3502,17232.0,7.5,0,0,0,F,20,A,A,C,C,A
3502,17233.0,3.2,20,70,10,F,20,A,A,C,C,A
3502,17234.0,18.4,0,0,0,F,20,A,A,C,C,B
3502,17235.0,10.9,50,0,0,F,20,A,A,C,D,B
3502,17236.0,0.0,50,0,0,F,20,A,A,C,D,B
3502,17237.0,2.6,25,5,0,F,20,A,A,C,D,B
3502,17238.0,10.5,10,30,15,F,20,A,A,C,D,B
3502,17239.0,7.5,0,0,0,F,20,A,A,C,D,B
3502,17240.0,7.4,75,0,0,F,20,A,A,C,D,B
3502,17241.0,18.9,0,0,0,F,20,A,A,C,D,B
3502,17242.0,7.5,0,0,0,F,20,A,A,C,D,B
3502,17243.0,7.5,0,0,0,F,20,A,A,C,D,B
3502,17244.0,7.5,0,0,0,F,20,A,A,C,D,B
3502,17245.0,7.5,0,0,0,F,20,A,A,C,D,B
3502,17246.0,7.5,0,0,0,F,20,A,A,D,D,B
3502,17247.0,7.5,0,0,0,F,20,A,A,D,D,B
3502,17248.0,7.5,0,0,0,F,20,A,A,D,D,B
3502,17249.0,15.0,0,25,0,F,20,A,A,D,D,B
3502,17250.0,7.5,0,0,0,F,20,A,A,D,D,B
3502,17251.0,7.5,0,0,0,F,20,A,A,D,D,B
3502,17252.0,7.5,0,0,0,F,20,A,A,D,D,B
3502,17253.0,7.5,0,0,0,F,20,A,A,D,D,C
3502,17254.0,7.5,0,0,0,F,20,A,A,D,D,C
3502,17255.0,7.5,0,0,0,F,20,A,A,D,D,C
3502,17256.0,7.5,0,0,0,F,20,A,A,D,D,C
3502,17257.0,18.6,0,0,0,F,20,A,A,D,D,C
3502,17258.0,7.5,0,0,0,F,20,A,A,D,D,C
3502,17259.0,7.5,0,0,0,M,20,A,B,D,D,C
3502,17260.0,7.5,0,0,0,M,20,A,B,D,D,C
3502,17261.0,7.5,0,0,0,M,20,A,B,D,D,D
3502,17262.0,7.5,0,0,0,M,20,A,B,D,D,D
3502,17263.0,7.5,0,0,0,M,20,A,B,D,D,D
3502,17264.0,7.5,0,0,0,M,20,A,B,D,D,D
3502,17265.0,19.2,0,0,0,M,20,A,D,E,E,E
3502,17266.0,19.4,0,0,0,M,20,A,D,E,E,E
3502,17267.0,7.4,0,0,0,M,20,A,D,E,E,E
3502,17268.0,7.8,0,30,50,M,20,A,D,E,E,E
3502,17269.0,7.5,0,0,0,M,20,A,D,E,E,E
3502,17270.0,16.3,25,0,0,M,20,A,D,E,E,E
3502,17271.0,7.5,0,0,0,M,20,A,D,E,E,E
3502,17272.0,7.5,0,0,0,M,20,A,D,E,E,E
3502,17273.0,3.4,10,10,0,M,20,A,D,E,E,E
3502,17274.0,7.5,0,0,0,M,20,A,D,E,E,E
3502,17275.0,7.5,10,0,0,M,20,A,D,E,E,E
3502,17276.0,8.4,60,20,0,M,20,A,D,E,E,E
3502,17277.0,7.5,0,0,0,M,20,A,D,E,E,E
3502,17278.0,9.1,0,0,0,M,20,A,D,E,E,E
3502,17279.0,7.0,0,0,0,M,20,A,D,E,F,E
3502,17280.0,7.5,0,0,0,M,20,A,D,E,F,E
3502,17281.0,7.5,0,0,0,M,20,A,D,E,F,E
3502,17282.0,13.6,0,45,0,M,20,A,D,E,F,E
3502,17283.0,8.1,0,0,0,M,20,A,D,E,F,E
3502,17284.0,18.9,10,0,0,M,20,A,D,F,F,E
3502,17285.0,9.5,0,0,0,M,20,A,D,F,F,F
3502,17286.0,20.2,0,0,0,M,20,A,D,F,F,F
3502,17287.0,10.2,70,0,0,M,20,A,D,F,F,F
3502,17288.0,9.7,0,0,0,M,20,A,D,F,F,F
3502,17289.0,6.8,20,0,0,M,20,A,D,F,F,F
2001,17290.0,18.6,20,0,0,F,20,A,A,A,B,A
2001,17291.0,21.4,0,0,0,F,20,A,A,B,B,A
2001,17292.0,9.4,0,0,0,F,20,A,A,B,B,A
2001,17293.0,8.8,0,0,0,F,20,A,A,B,B,A
2001,17294.0,9.1,0,0,0,F,20,A,A,B,B,A
2001,17295.0,1.0,15,30,20,F,20,A,A,B,B,A
2001,17296.0,18.5,0,20,0,F,20,A,A,B,B,A
2001,17297.0,13.6,55,0,0,F,20,A,A,B,B,A
2001,17298.0,3.8,15,30,0,F,20,A,A,B,B,A
2001,17299.0,9.5,0,0,0,F,20,A,A,B,B,A
2001,17300.0,21.8,0,0,0,F,20,A,A,B,B,A
2001,17301.0,22.0,0,0,0,F,20,A,A,B,B,A
2001,17302.0,8.4,0,0,0,F,20,A,A,B,B,A
2001,17303.0,9.5,0,10,0,F,20,A,A,B,B,A
2001,17304.0,8.6,50,30,10,F,20,A,A,B,B,A
2001,17305.0,12.2,30,35,0,F,20,A,A,B,B,A
2001,17306.0,11.1,0,0,0,F,20,A,A,B,C,A
2001,17307.0,8.5,0,0,0,F,20,A,A,B,C,A
2001,17308.0,4.0,70,50,0,F,20,A,A,B,C,A
2001,17309.0,22.5,0,0,0,F,20,A,A,B,C,B
2001,17310.0,0.0,0,0,0,F,20,A,A,B,C,B
2001,17311.0,0.0,0,0,0,F,20,A,A,B,C,B
2001,17312.0,0.0,0,0,0,F,20,A,A,B,C,B
2001,17313.0,22.5,0,0,0,F,20,A,A,B,C,B
2001,17314.0,11.3,0,0,0,F,20,A,A,B,C,B
2001,17315.0,0.0,0,0,0,F,20,A,A,C,C,B
2001,17316.0,22.5,0,0,0,F,20,A,A,C,C,B
2001,17317.0,0.0,0,0,0,F,20,A,A,C,C,B
2001,17318.0,0.0,0,0,0,F,20,A,A,C,D,B
2001,17319.0,8.9,0,0,0,F,20,A,A,C,D,B
2001,17320.0,7.5,0,15,10,F,20,A,A,C,D,B
2001,17321.0,3.4,0,50,0,F,20,A,A,C,D,B
2001,17322.0,0.0,0,0,0,F,20,A,A,C,D,B
2001,17323.0,0.0,0,0,0,F,20,A,A,C,D,B
2001,17324.0,0.0,0,0,0,F,20,A,A,C,D,B
2001,17325.0,22.5,0,0,0,F,20,A,A,C,D,B
2001,17326.0,11.5,0,0,0,F,20,A,A,C,D,B
2001,17327.0,10.2,40,40,0,F,20,A,A,D,D,B
2001,17328.0,22.5,0,0,0,F,20,A,A,D,D,B
2001,17329.0,10.1,0,0,0,F,20,A,A,D,D,B
2001,17330.0,0.0,0,0,0,F,20,A,B,D,D,B
2001,17331.0,0.0,0,0,0,F,20,A,B,D,D,B
2001,17332.0,22.3,0,0,0,F,20,A,B,D,D,B
2001,17333.0,11.3,0,0,0,F,20,A,B,D,D,B
2001,17334.0,0.0,0,0,0,F,20,A,B,D,D,B
2001,17335.0,7.5,25,0,0,F,20,A,B,D,D,B
2001,17336.0,22.5,0,0,0,F,20,A,B,D,D,B
2001,17337.0,0.0,0,0,0,F,20,A,B,D,D,B
2001,17338.0,0.0,0,0,0,F,20,A,B,D,D,B
2001,17339.0,0.0,0,0,0,F,20,A,C,D,D,C
2001,17340.0,22.5,0,0,0,F,20,A,D,D,D,C
2001,17341.0,0.0,0,0,0,F,20,A,D,D,D,C
2001,17342.0,0.0,0,0,0,F,20,A,D,D,D,C
2001,17343.0,0.0,0,0,0,F,20,A,D,D,D,C
2001,17344.0,0.0,0,0,0,F,20,A,D,D,D,C
2001,17345.0,19.0,25,0,0,F,20,A,D,D,D,C
2001,17346.0,8.5,10,0,0,F,20,A,D,D,D,C
2001,17347.0,10.1,10,0,0,F,20,A,D,D,D,C
2001,17348.0,10.1,10,0,0,F,20,A,D,D,D,D
2001,17349.0,4.0,45,50,30,F,20,A,D,D,D,D
2001,17350.0,11.7,0,0,0,F,20,A,D,D,D,D
2001,17351.0,5.2,50,0,0,F,20,A,D,D,D,D
2001,17352.0,11.5,0,0,0,F,20,A,D,D,D,D
2001,17353.0,0.0,0,0,0,F,20,A,D,D,D,D
2001,17354.0,7.5,20,0,10,F,20,A,D,D,E,D
2001,17355.0,9.5,0,0,0,F,20,A,D,D,E,D
2001,17356.0,0.0,0,0,0,F,20,A,D,D,E,D
2001,17357.0,9.5,0,0,0,F,20,A,D,D,E,D
2001,17358.0,23.0,0,0,0,F,20,A,D,E,E,D
2001,17359.0,8.0,0,10,0,F,20,A,D,E,E,E
2001,17360.0,9.5,0,10,0,F,20,A,D,E,E,E
2001,17361.0,10.4,10,60,15,F,20,A,D,E,E,E
2001,17362.0,0.0,0,0,0,F,20,A,D,E,E,E
2001,17363.0,1.0,0,0,0,F,20,A,D,E,E,E
2001,17364.0,7.5,0,0,30,F,20,A,D,E,E,E
2001,17365.0,0.0,0,0,10,F,20,B,D,E,E,E
2001,17366.0,11.1,0,0,0,F,20,B,D,E,E,E
2001,17367.0,23.4,0,0,0,F,20,B,D,E,E,E
2001,17368.0,0.0,10,0,0,F,20,B,D,E,E,E
2001,17369.0,10.0,0,0,0,F,20,B,D,E,E,E
2001,17370.0,6.6,10,15,0,F,20,B,D,F,F,F
2001,17371.0,7.6,0,20,0,F,20,B,D,F,F,F
2001,17372.0,9.6,70,15,10,F,20,B,D,F,F,F
2001,17373.0,16.6,20,0,30,F,20,B,D,F,F,F
2001,17374.0,9.1,10,15,0,F,20,B,D,F,F,F
2001,17375.0,8.2,30,0,0,F,20,B,D,F,F,F
2001,17376.0,23.8,0,0,0,F,20,B,D,F,F,F
2001,17377.0,11.3,10,0,0,F,20,B,D,F,F,F
2001,17378.0,12.7,0,0,0,F,20,C,D,F,F,F
2001,17379.0,3.4,0,45,0,F,20,E,F,F,F,F
2001,17380.0,1.6,0,0,0,F,20,E,F,F,F,G
2001,17381.0,10.0,20,0,0,F,20,E,F,F,F,G
2001,17382.0,15.0,10,0,50,F,20,,,,,
2001,17383.0,7.5,0,20,0,M,20,,,,,
2001,17384.0,7.6,50,20,40,M,20,,,,,
2001,17385.0,1.6,0,0,0,M,20,,,,,
2001,17386.0,10.7,0,0,0,M,20,,,,,
2001,17387.0,12.1,0,0,0,M,20,,,,,
2001,17388.0,0.0,0,0,0,M,20,,,,,
2001,17389.0,0.0,0,0,0,M,20,,,,,
2001,17390.0,11.9,0,0,0,M,20,,,,,
2001,17391.0,8.2,20,5,10,M,20,,,,,
2001,17392.0,20.0,20,0,0,M,20,,,,,
2001,17393.0,11.9,0,0,0,M,20,,,,,
2501,17394.0,0.0,15,70,0,F,20,A,A,B,B,A
2501,17395.0,0.0,0,0,0,F,20,A,A,B,B,A
2501,17396.0,0.0,0,0,0,F,20,A,A,C,D,A
2501,17397.0,0.0,0,0,0,F,20,A,A,C,D,A
2501,17398.0,0.0,0,0,0,F,20,A,A,C,D,A
2501,17399.0,0.0,0,0,0,F,20,A,A,C,D,A
2501,17400.0,0.0,0,0,15,F,20,A,A,C,D,A
2501,17401.0,0.0,0,10,5,F,20,A,A,D,D,B
2501,17402.0,10.1,0,0,20,F,20,A,A,D,D,B
2501,17403.0,19.0,20,5,10,F,20,A,A,D,D,B
2501,17404.0,0.0,0,0,0,F,20,A,A,D,D,B
2501,17405.0,9.6,35,45,20,F,20,A,A,D,D,C
2501,17406.0,7.5,0,25,0,F,20,A,A,D,D,C
2501,17407.0,2.6,0,0,0,F,20,A,A,D,D,C
2501,17408.0,11.3,0,0,0,F,20,A,A,E,E,C
2501,17409.0,8.9,0,15,0,F,20,A,A,E,E,D
2501,17410.0,9.9,25,0,0,F,20,A,A,E,E,D
2501,17411.0,1.0,0,0,10,F,20,A,A,E,E,D
2501,17412.0,3.6,0,0,0,F,20,A,A,E,E,D
2501,17413.0,17.7,0,15,30,F,20,A,A,E,E,D
2501,17414.0,11.2,60,10,20,F,20,A,A,E,E,D
2501,17415.0,22.5,0,5,10,F,20,A,A,E,E,D
2501,17416.0,11.3,0,0,0,F,20,A,B,E,E,D
2501,17417.0,9.7,0,0,15,F,20,A,B,E,E,D
2501,17418.0,1.6,0,0,0,F,20,A,B,E,E,E
2501,17419.0,11.8,0,0,0,F,20,A,C,E,F,E
2501,17420.0,2.2,80,0,0,M,20,B,F,F,F,F
2501,17421.0,7.4,40,5,0,M,20,C,F,F,F,F
2501,17422.0,25.2,0,0,0,M,20,C,F,F,F,F
2501,17423.0,9.5,20,10,0,M,20,E,F,F,F,G
2501,17424.0,9.5,25,0,0,M,20,,,,,
2501,17425.0,0.0,0,0,0,M,20,,,,,
2501,17426.0,0.0,0,0,0,M,20,,,,,
2501,17427.0,0.0,0,0,0,M,20,,,,,
2501,17428.0,13.1,0,0,0,M,20,,,,,
2501,17429.0,11.3,20,0,0,M,20,,,,,
2501,17430.0,3.8,25,30,0,M,20,,,,,
2501,17431.0,0.0,0,0,0,M,20,,,,,
2501,17432.0,6.0,10,30,0,M,20,,,,,
1402,17433.0,11.3,20,0,0,F,20,A,A,A,A,A
1402,17434.0,7.5,0,30,0,F,20,A,A,B,A,A
1402,17435.0,11.1,0,15,0,F,20,A,A,B,A,A
1402,17436.0,15.0,0,0,0,M,20,A,A,D,D,B
1402,17437.0,15.0,0,0,0,M,20,A,A,D,D,B
1402,17438.0,15.0,0,0,0,M,20,A,A,D,D,B
1402,17439.0,15.0,0,0,0,M,20,A,A,D,D,B
1402,17440.0,13.8,0,0,0,M,20,A,A,D,D,C
1402,17441.0,12.9,0,0,0,M,20,A,B,D,E,C
1402,17442.0,15.0,0,0,0,M,20,A,B,D,E,C
1402,17443.0,15.0,0,0,0,M,20,A,C,D,E,D
1402,17444.0,15.0,0,0,0,M,20,A,D,D,E,D
1402,17445.0,16.0,30,20,15,M,20,A,D,E,E,D
1402,17446.0,15.0,0,0,0,M,20,A,D,E,E,D
1402,17447.0,15.0,0,0,0,M,20,A,D,E,E,E
1402,17448.0,8.5,30,0,0,M,20,A,D,E,F,E
1402,17449.0,15.0,0,0,0,M,20,A,D,E,F,E
1402,17450.0,15.0,0,0,0,M,20,A,D,E,F,E
1402,17451.0,15.0,0,0,0,M,20,A,D,E,F,E
1402,17452.0,15.0,0,0,0,M,20,B,D,E,F,F
1402,17453.0,15.0,0,0,0,M,20,B,D,E,F,F
1502,17454.0,3.8,0,0,0,F,20,A,A,B,B,A
1502,17455.0,15.0,0,0,0,F,20,A,A,C,B,A
1502,17456.0,2.4,10,0,0,F,20,A,A,C,B,B
1502,17457.0,15.0,0,0,0,F,20,A,A,C,C,B
1502,17458.0,0.6,10,0,10,F,20,A,A,C,C,B
1502,17459.0,15.0,0,0,0,F,20,A,A,C,C,B
1502,17460.0,15.0,0,0,0,F,20,A,A,C,D,B
1502,17461.0,26.4,0,0,0,F,20,A,A,C,D,B
1502,17462.0,13.3,0,0,0,F,20,A,A,C,D,B
1502,17463.0,5.8,0,30,15,F,20,A,A,C,D,B
1502,17464.0,8.9,10,15,0,F,20,A,A,C,D,B
1502,17465.0,15.0,0,0,0,F,20,A,A,D,D,B
1502,17466.0,12.7,0,0,0,F,20,A,A,D,D,C
1502,17467.0,15.0,0,0,0,F,20,A,A,D,D,C
1502,17468.0,15.0,0,0,0,F,20,A,A,D,D,C
1502,17469.0,7.5,0,35,0,F,20,A,A,D,D,C
1502,17470.0,22.6,0,25,0,F,20,A,B,D,D,D
1502,17471.0,26.2,0,0,0,F,20,A,B,D,D,D
1502,17472.0,15.0,0,0,0,M,20,A,B,D,D,D
1502,17473.0,26.9,0,0,0,M,20,A,B,D,D,D
1502,17474.0,13.1,30,20,40,M,20,A,B,E,D,D
1502,17475.0,13.5,10,0,0,M,20,A,B,E,E,D
1502,17476.0,0.0,0,0,0,M,20,A,C,E,E,D
1502,17477.0,1.6,5,15,0,M,20,A,D,E,E,D
1502,17478.0,0.0,0,0,0,M,20,A,D,E,E,D
1502,17479.0,0.0,0,0,0,M,20,A,D,E,E,D
1502,17480.0,0.0,0,0,0,M,20,A,D,E,E,D
1502,17481.0,0.0,0,0,0,M,20,A,D,E,E,E
1502,17482.0,0.0,0,30,0,M,20,A,D,E,F,E
1502,17483.0,2.0,30,85,50,M,20,A,D,E,F,E
1502,17484.0,26.9,0,0,0,M,20,A,D,E,F,E
1502,17485.0,8.1,50,0,0,M,20,A,D,E,F,E
1502,17486.0,0.0,0,0,0,M,20,A,D,E,F,E
1502,17487.0,5.2,10,20,40,M,20,B,D,F,F,F
1502,17488.0,0.0,0,0,0,M,20,,,,,
1502,17489.0,0.0,0,0,0,M,20,,,,,
1502,17490.0,0.0,0,0,0,M,20,,,,,
1502,17491.0,0.0,0,0,0,M,20,,,,,
1502,17492.0,0.0,0,0,0,M,20,,,,,
1502,17493.0,0.0,0,0,0,M,20,,,,,
1602,17494.0,7.5,10,45,0,F,20,A,A,A,B,A
1602,17495.0,0.0,25,5,0,F,20,A,A,A,B,A
1602,17496.0,22.5,20,10,0,F,20,A,A,A,B,A
1602,17497.0,15.0,0,0,0,F,20,A,A,A,B,A
1602,17498.0,15.0,0,0,0,F,20,A,A,B,B,A
1602,17499.0,15.0,0,0,0,F,20,A,A,B,B,A
1602,17500.0,15.0,0,0,0,F,20,A,A,B,B,A
1602,17501.0,0.0,0,25,0,F,20,A,A,B,B,A
1602,17502.0,5.0,0,0,0,F,20,A,A,B,C,A
1602,17503.0,17.1,0,65,0,F,20,A,A,B,C,A
1602,17504.0,14.7,0,0,0,F,20,A,A,B,C,A
1602,17505.0,15.0,0,0,0,F,20,A,A,B,C,A
1602,17506.0,15.0,0,0,0,F,20,A,A,B,C,A
1602,17507.0,27.3,0,0,0,F,20,A,A,B,C,A
1602,17508.0,6.0,0,0,0,F,20,A,A,C,C,A
1602,17509.0,2.0,0,0,20,F,20,A,A,C,C,A
1602,17510.0,3.6,5,0,5,F,20,A,A,C,C,A
1602,17511.0,3.4,0,0,10,F,20,A,A,C,C,A
1602,17512.0,15.0,0,0,0,F,20,A,A,C,C,B
1602,17513.0,2.2,10,35,30,F,20,A,A,C,C,B
1602,17514.0,15.0,0,0,0,F,20,A,A,C,C,B
1602,17515.0,15.0,0,0,0,F,20,A,A,C,C,B
1602,17516.0,22.8,20,0,10,F,20,A,A,C,D,B
1602,17517.0,27.1,0,0,0,F,20,A,A,C,D,B
1602,17518.0,15.5,10,0,0,F,20,A,A,C,D,B
1602,17519.0,16.0,0,0,0,F,20,A,A,C,D,B
1602,17520.0,15.0,0,0,0,F,20,A,A,C,D,B
1602,17521.0,15.0,0,0,0,F,20,A,A,C,D,B
1602,17522.0,15.0,0,0,0,F,20,A,A,C,D,B
1602,17523.0,22.5,30,0,0,F,20,A,A,C,D,B
1602,17524.0,15.0,10,0,0,F,20,A,A,C,D,B
1602,17525.0,12.5,0,10,0,F,20,A,A,C,D,B
1602,17526.0,1.0,0,0,0,F,20,A,A,C,D,B
1602,17527.0,23.8,0,25,0,F,20,A,A,C,D,B
1602,17528.0,0.0,20,15,0,F,20,A,A,C,D,B
1602,17529.0,7.5,25,15,20,F,20,A,A,D,D,B
1602,17530.0,15.0,0,0,0,F,20,A,A,D,D,C
1602,17531.0,15.0,0,0,0,F,20,A,A,D,D,C
1602,17532.0,15.0,0,0,0,F,20,A,A,D,D,C
1602,17533.0,16.0,0,0,0,F,20,A,A,D,D,C
1602,17534.0,15.0,0,0,0,F,20,A,A,D,D,C
1602,17535.0,15.0,0,0,0,F,20,A,A,D,D,C
1602,17536.0,15.0,0,0,0,F,20,A,A,D,D,C
1602,17537.0,18.0,0,70,0,F,20,A,A,D,E,C
1602,17538.0,28.4,0,0,0,F,20,A,A,D,E,C
1602,17539.0,14.9,0,0,0,F,20,A,A,D,E,C
1602,17540.0,15.0,0,0,0,F,20,A,A,D,E,C
1602,17541.0,4.8,80,0,5,F,20,A,A,D,E,D
1602,17542.0,28.5,0,0,0,F,20,A,A,D,E,D
1602,17543.0,15.0,0,0,0,F,20,A,A,D,E,D
1602,17544.0,13.7,10,15,0,F,20,A,A,D,E,D
1602,17545.0,1.6,0,0,0,F,20,A,A,D,E,D
1602,17546.0,9.9,35,15,0,F,20,A,B,E,E,D
1602,17547.0,15.0,0,0,0,F,20,A,B,E,E,D
1602,17548.0,6.4,10,0,0,F,20,A,B,E,E,D
1602,17549.0,15.0,0,0,0,F,20,A,B,E,E,D
1602,17550.0,12.9,15,0,15,F,20,A,B,E,E,D
1602,17551.0,10.3,0,30,0,F,20,A,B,E,E,E
1602,17552.0,15.0,0,0,0,F,20,A,B,E,E,E
1602,17553.0,15.0,0,0,0,F,20,A,B,E,E,E
1602,17554.0,15.0,0,0,0,F,20,A,B,E,E,E
1602,17555.0,15.0,0,0,0,M,20,A,B,E,E,E
1602,17556.0,15.0,0,0,0,M,20,A,B,E,E,E
1602,17557.0,4.8,10,45,100,M,20,A,B,E,E,E
1602,17558.0,15.0,0,0,0,M,20,A,B,E,E,E
1602,17559.0,15.0,0,0,0,M,20,A,B,E,E,E
1602,17560.0,15.0,0,0,0,M,20,A,C,E,E,E
1602,17561.0,1.6,0,0,10,M,20,A,D,E,E,E
1602,17562.0,18.1,0,0,0,M,20,A,D,E,E,E
1602,17563.0,0.0,0,45,0,M,20,A,D,E,E,E
1602,17564.0,7.5,0,0,0,M,20,A,D,E,E,E
1602,17565.0,6.4,0,0,0,M,20,A,D,E,E,E
1602,17566.0,2.0,0,0,0,M,20,A,D,E,E,E
1602,17567.0,4.4,0,0,0,M,20,A,D,E,E,E
1602,17568.0,12.1,0,10,15,M,20,A,D,E,E,E
1602,17569.0,0.0,50,0,0,M,20,A,D,E,E,E
1602,17570.0,2.0,0,0,0,M,20,A,D,E,E,E
1602,17571.0,2.0,0,0,0,M,20,A,D,E,E,E
1602,17572.0,15.0,0,10,0,M,20,A,D,E,E,E
1602,17573.0,2.0,0,0,0,M,20,A,D,E,E,E
1602,17574.0,28.9,0,0,0,M,20,A,D,E,E,E
1602,17575.0,9.7,0,35,0,M,20,A,D,E,E,E
1602,17576.0,18.0,0,0,0,M,20,A,D,E,E,E
1602,17577.0,8.2,0,0,0,M,20,A,D,E,E,E
1602,17578.0,21.2,35,5,10,M,20,A,D,E,E,E
1602,17579.0,2.0,0,0,0,M,20,A,D,E,E,E
1602,17580.0,15.0,0,0,10,M,20,A,D,E,E,E
1602,17581.0,17.8,0,0,0,M,20,A,D,E,E,E
1602,17582.0,17.0,0,0,0,M,20,A,D,E,E,E
1602,17583.0,17.0,0,0,0,M,20,A,D,E,E,F
1602,17584.0,3.6,0,0,0,M,20,A,D,E,E,F
1602,17585.0,2.4,0,0,0,M,20,A,D,E,E,F
1602,17586.0,0.0,0,15,0,M,20,A,D,E,E,F
1602,17587.0,11.9,25,0,0,M,20,A,D,E,F,F
1602,17588.0,14.1,25,75,0,M,20,A,D,E,F,F
1602,17589.0,13.5,10,5,15,M,20,A,D,E,F,F
1602,17590.0,2.6,0,30,0,M,20,A,D,E,F,F
1602,17591.0,16.5,10,0,0,M,20,A,D,E,F,F
1602,17592.0,3.8,0,0,0,M,20,A,D,F,F,F
1602,17593.0,10.2,40,65,20,M,20,A,D,F,F,F
1602,17594.0,1.0,35,5,0,M,20,A,D,F,F,F
1602,17595.0,13.5,0,30,0,M,20,A,D,F,F,F
1602,17596.0,7.5,10,45,20,M,20,A,D,F,F,F
1602,17597.0,7.5,0,0,0,M,20,A,D,F,F,F
1602,17598.0,7.5,0,0,0,M,20,A,D,F,F,F
1602,17599.0,7.5,0,0,0,M,20,A,D,F,F,F
1602,17600.0,7.5,0,0,0,M,20,A,D,F,F,F
1602,17601.0,7.5,0,0,0,M,20,A,D,F,F,F
1602,17602.0,7.5,0,0,0,M,20,A,D,F,F,F
1602,17603.0,7.5,0,0,0,M,20,B,D,F,F,F
1602,17604.0,7.5,0,0,0,M,20,E,F,F,F,G
1602,17605.0,7.5,0,0,0,M,20,E,F,F,F,G
1602,17606.0,7.5,0,0,0,M,20,,,,,
1602,17607.0,7.5,0,0,0,M,20,,,,,
1602,17608.0,0.0,50,0,0,M,20,,,,,
1602,17609.0,7.5,0,0,0,M,20,,,,,
1602,17610.0,7.5,0,0,0,M,20,,,,,
1602,17611.0,7.5,0,0,0,M,20,,,,,
1602,17612.0,7.5,0,0,0,M,20,,,,,
1602,17613.0,7.5,0,0,0,M,20,,,,,
1602,17614.0,8.5,10,40,0,M,20,,,,,
1602,17615.0,7.5,0,0,0,M,20,,,,,
1602,17616.0,7.5,0,0,0,M,20,,,,,
1602,17617.0,7.5,0,0,0,M,20,,,,,
1602,17618.0,7.5,0,0,0,M,20,,,,,
1602,17619.0,7.5,0,0,0,M,20,,,,,
1602,17620.0,7.5,0,0,0,M,20,,,,,
1602,17621.0,7.5,0,0,0,M,20,,,,,
1602,17622.0,7.5,0,0,0,M,20,,,,,
1602,17623.0,7.5,0,0,0,M,20,,,,,
1602,17624.0,11.8,40,0,5,M,20,,,,,
702,17625.0,7.5,0,0,0,F,20,A,A,B,B,A
702,17626.0,0.0,0,20,0,F,20,A,A,B,C,A
702,17627.0,12.9,0,20,0,F,20,A,A,B,C,A
702,17628.0,7.5,0,0,0,F,20,A,A,C,C,A
702,17629.0,7.5,0,0,0,F,20,A,A,C,D,B
702,17630.0,4.0,0,0,0,M,20,A,A,D,D,B
702,17631.0,7.5,0,0,0,M,20,A,A,D,D,B
702,17632.0,7.5,0,0,0,M,20,A,A,D,D,C
702,17633.0,7.5,0,0,0,M,20,A,A,D,D,C
702,17634.0,7.5,0,0,0,M,20,A,B,D,D,C
702,17635.0,7.5,0,0,0,M,20,A,B,D,D,C
702,17636.0,0.0,10,10,0,M,20,,,,,
904,17637.0,7.5,0,0,0,F,20,A,A,A,A,A
904,17638.0,7.5,0,0,0,F,20,A,A,A,B,A
904,17639.0,7.5,0,0,0,F,20,A,A,A,B,A
904,17640.0,7.5,0,0,0,F,20,A,A,B,B,A
904,17641.0,7.5,0,0,0,F,20,A,A,B,B,A
904,17642.0,4.4,10,0,10,F,20,A,A,B,B,A
904,17643.0,7.5,0,0,0,F,20,A,A,B,B,A
904,17644.0,4.0,0,25,0,F,20,A,A,C,D,B
904,17645.0,16.7,20,0,0,F,20,A,B,C,D,B
904,17646.0,27.1,20,0,0,F,20,A,B,C,D,B
904,17647.0,17.8,0,0,0,F,20,A,B,D,D,B
904,17648.0,29.9,0,0,0,F,20,A,B,D,D,B
904,17649.0,17.2,0,0,10,F,20,A,B,D,D,B
904,17650.0,8.0,25,30,0,F,20,A,B,D,D,C
904,17651.0,7.5,0,50,100,F,20,A,B,D,D,C
904,17652.0,14.5,0,20,0,F,20,A,B,D,D,C
904,17653.0,26.5,0,25,0,F,20,A,B,D,D,C
904,17654.0,16.5,0,0,0,F,20,A,C,D,D,C
904,17655.0,18.6,0,0,0,F,20,A,D,D,D,C
904,17656.0,1.0,0,15,0,F,20,A,D,D,D,C
904,17657.0,23.4,0,45,0,F,20,A,D,D,D,C
904,17658.0,19.0,0,0,0,F,20,A,D,D,D,C
904,17659.0,15.3,0,10,0,F,20,A,D,D,D,D
904,17660.0,2.0,15,5,20,F,20,A,D,D,D,D
904,17661.0,30.4,0,0,0,F,20,A,D,E,D,D
904,17662.0,18.1,0,0,0,F,20,A,D,E,D,D
904,17663.0,2.0,0,0,20,F,20,A,D,E,D,D
904,17664.0,18.9,0,0,0,F,20,A,D,E,E,D
904,17665.0,10.1,0,0,0,F,20,A,D,E,E,D
904,17666.0,6.8,0,10,0,F,20,A,D,E,E,E
904,17667.0,17.0,0,0,0,F,20,A,D,E,E,E
904,17668.0,3.6,0,0,0,F,20,A,D,E,E,E
904,17669.0,6.0,0,0,0,F,20,A,D,E,E,E
904,17670.0,15.1,0,25,0,F,20,B,D,E,E,E
904,17671.0,3.6,0,0,0,F,20,B,D,E,E,E
904,17672.0,19.1,0,0,0,F,20,B,D,E,E,E
904,17673.0,11.1,20,25,10,F,20,B,D,E,E,E
904,17674.0,19.4,0,0,0,F,20,B,D,E,E,E
904,17675.0,15.8,45,45,10,F,20,B,D,F,E,E
904,17676.0,17.2,0,0,0,F,20,B,D,F,F,E
904,17677.0,8.5,0,0,0,F,20,B,D,F,F,E
904,17678.0,12.3,30,10,0,F,20,B,D,F,F,F
904,17679.0,7.5,0,0,0,F,20,B,D,F,F,F
904,17680.0,6.6,0,0,0,F,20,C,E,F,F,F
904,17681.0,3.6,0,0,10,M,20,E,F,F,F,F
904,17682.0,7.6,0,0,0,M,20,E,F,F,F,F
904,17683.0,13.5,40,45,30,M,20,E,F,F,F,F
904,17684.0,7.5,0,0,0,M,20,,,,,
904,17685.0,14.9,0,0,15,M,20,,,,,
904,17686.0,6.4,0,0,0,M,20,,,,,
904,17687.0,0.0,10,10,50,M,20,,,,,
904,17688.0,15.0,0,15,15,M,20,,,,,
904,17689.0,7.5,0,0,5,M,20,,,,,
904,17690.0,8.5,0,0,0,M,20,,,,,
904,17691.0,2.6,10,0,0,M,20,,,,,
904,17692.0,0.0,0,0,0,M,20,,,,,
904,17693.0,15.0,20,0,0,M,20,,,,,
904,17694.0,7.5,20,30,30,M,20,,,,,
904,17695.0,15.9,10,15,0,M,20,,,,,
904,17696.0,17.4,0,0,0,M,20,,,,,
904,17697.0,1.0,35,5,10,M,20,,,,,
904,17698.0,7.6,0,0,0,M,20,,,,,
904,17699.0,7.5,0,0,10,M,20,,,,,
904,17700.0,14.7,0,20,0,M,20,,,,,
904,17701.0,11.9,25,15,15,M,20,,,,,
904,17702.0,12.1,0,35,0,M,20,,,,,
904,17703.0,4.0,0,20,0,M,20,,,,,
904,17704.0,7.5,10,0,0,M,20,,,,,
904,17705.0,7.5,10,0,0,M,20,,,,,
904,17706.0,7.5,0,0,10,M,20,,,,,
904,17707.0,12.1,25,25,0,M,20,,,,,
904,17708.0,7.5,0,0,10,M,20,,,,,
2001,17709.0,9.1,0,0,0,F,20,A,A,A,A,A
2001,17710.0,18.0,0,0,0,F,20,A,A,B,C,B
2001,17711.0,14.5,20,0,20,F,20,A,A,B,C,B
2001,17712.0,14.1,0,25,0,F,20,A,A,C,C,B
2001,17713.0,30.0,10,0,0,F,20,A,A,C,C,B
2001,17714.0,21.6,55,0,10,F,20,A,A,C,C,B
2001,17715.0,1.0,0,25,0,F,20,A,B,C,C,B
2001,17716.0,7.5,0,0,0,F,20,A,D,D,D,C
2001,17717.0,7.5,0,0,0,F,20,A,D,D,D,C
2001,17718.0,20.6,0,0,0,F,20,A,D,D,D,C
2001,17719.0,0.0,20,45,0,F,20,A,D,D,D,D
2001,17720.0,19.8,0,0,0,F,20,A,D,D,D,D
2001,17721.0,7.5,0,0,0,F,20,A,D,D,D,D
2001,17722.0,11.1,0,20,30,F,20,A,D,D,D,D
2001,17723.0,7.5,0,0,0,F,20,A,D,D,D,D
2001,17724.0,19.8,0,0,0,F,20,A,D,D,D,D
2001,17725.0,7.5,0,0,0,F,20,A,D,D,D,E
2001,17726.0,7.5,0,0,0,F,20,A,D,D,E,E
2001,17727.0,10.5,30,15,20,F,20,A,D,D,E,E
2001,17728.0,9.5,0,60,0,F,20,A,D,D,E,E
2001,17729.0,7.5,0,0,0,F,20,A,D,D,E,E
2001,17730.0,16.2,55,0,50,F,20,A,D,D,E,E
2001,17731.0,7.8,0,0,0,F,20,A,D,E,E,E
2001,17732.0,7.5,0,0,0,F,20,B,D,E,E,E
2001,17733.0,7.5,0,0,0,F,20,B,D,E,E,E
2001,17734.0,19.5,0,0,0,F,20,B,D,E,E,E
2001,17735.0,0.0,0,10,0,F,20,B,D,E,E,E
2001,17736.0,9.7,0,0,0,F,20,B,D,E,E,E
2001,17737.0,0.0,0,45,20,F,20,B,D,E,E,E
2001,17738.0,7.5,0,0,0,M,20,B,D,E,F,F
2001,17739.0,7.5,0,0,0,M,20,B,D,E,F,F
2001,17740.0,7.5,0,0,0,M,20,B,D,F,F,F
2001,17741.0,7.5,0,0,0,M,20,B,D,F,F,F
2001,17742.0,0.0,0,0,0,M,20,B,D,F,F,F
2001,17743.0,0.0,0,0,0,M,20,B,D,F,F,F
2001,17744.0,0.0,0,0,0,M,20,B,D,F,F,F
2001,17745.0,15.0,0,20,20,M,20,B,F,F,F,G
2001,17746.0,0.0,0,0,0,M,20,,,,,
2001,17747.0,8.2,0,0,10,M,20,,,,,
2001,17748.0,11.0,60,60,20,M,20,,,,,
2001,17749.0,15.4,0,20,0,M,20,,,,,
2001,17750.0,7.5,0,0,0,M,20,,,,,
2001,17751.0,7.5,0,0,0,M,20,,,,,
2001,17752.0,0.0,0,35,0,M,20,,,,,
2001,17753.0,7.5,0,0,0,M,20,,,,,
2001,17754.0,20.9,0,0,0,M,20,,,,,
2001,17755.0,21.0,0,0,0,M,20,,,,,
2001,17756.0,7.5,0,0,0,M,20,,,,,
2001,17757.0,7.5,0,0,0,M,20,,,,,
702,17758.0,7.5,0,0,0,F,20,A,A,A,A,A
702,17759.0,18.9,0,0,0,F,20,A,A,A,A,A
702,17760.0,7.5,0,0,0,F,20,A,A,A,A,A
702,17761.0,7.5,0,0,0,F,20,A,A,A,B,A
702,17762.0,28.2,25,0,0,F,20,A,A,A,B,A
702,17763.0,7.5,0,0,0,F,20,A,A,A,B,A
702,17764.0,0.0,0,0,0,F,20,A,A,B,B,A
702,17765.0,31.9,0,0,0,F,20,A,A,B,B,A
702,17766.0,5.2,0,0,0,F,20,A,A,B,B,A
702,17767.0,7.5,0,0,0,F,20,A,A,B,B,A
702,17768.0,11.5,0,45,0,F,20,A,A,B,B,A
702,17769.0,7.5,0,0,0,F,20,A,A,B,B,A
702,17770.0,7.5,0,0,0,F,20,A,A,B,B,A
702,17771.0,18.0,0,0,20,F,20,A,A,B,B,A
702,17772.0,11.7,15,15,30,F,20,A,A,B,B,A
702,17773.0,3.0,0,35,10,F,20,A,A,B,B,A
702,17774.0,12.9,25,0,30,F,20,A,B,B,B,A
702,17775.0,7.5,0,0,0,F,20,A,B,B,B,A
702,17776.0,10.1,0,0,0,F,20,A,B,B,B,A
702,17777.0,20.3,50,0,30,F,20,A,B,B,B,A
702,17778.0,20.0,0,0,0,F,20,A,B,B,B,A
702,17779.0,8.5,0,20,50,F,20,A,B,B,B,A
702,17780.0,14.5,50,0,0,F,20,A,B,B,B,A
702,17781.0,19.4,0,0,0,F,20,A,B,B,B,A
702,17782.0,18.8,0,0,0,F,20,A,B,B,B,A
702,17783.0,10.1,0,0,0,F,20,A,B,B,B,A
702,17784.0,20.0,0,0,0,F,20,A,B,B,B,A
702,17785.0,8.0,0,0,0,F,20,A,B,B,B,A
702,17786.0,2.6,0,45,5,F,20,A,B,B,B,A
702,17787.0,10.1,0,0,0,F,20,A,B,B,B,A
702,17788.0,7.6,50,40,0,F,20,A,B,B,B,A
702,17789.0,10.7,50,0,20,F,20,A,B,B,B,A
702,17790.0,3.4,25,0,0,F,20,A,B,B,B,A
702,17791.0,10.1,0,0,0,F,20,A,D,B,C,A
702,17792.0,9.9,50,0,15,F,20,A,D,B,C,A
702,17793.0,3.4,0,15,0,F,20,A,D,B,C,A
702,17794.0,7.5,25,0,0,F,20,A,D,B,C,A
702,17795.0,20.2,0,0,0,F,20,A,D,B,C,A
702,17796.0,10.1,0,0,0,F,20,A,D,B,C,A
702,17797.0,18.6,0,10,0,F,20,A,D,C,C,A
702,17798.0,10.1,0,0,0,M,20,A,D,C,C,A
702,17799.0,11.8,0,45,0,M,20,A,D,C,C,A
702,17800.0,23.2,15,45,0,M,20,A,D,C,C,A
702,17801.0,4.0,50,0,0,M,20,A,D,C,C,A
702,17802.0,8.5,0,0,15,M,20,A,D,C,C,A
702,17803.0,19.8,0,0,0,M,20,A,D,C,C,B
702,17804.0,8.5,0,0,0,M,20,A,D,C,C,B
702,17805.0,8.5,0,0,0,M,20,A,D,C,C,B
702,17806.0,32.9,0,0,0,M,20,A,D,C,C,B
702,17807.0,8.5,0,0,0,M,20,A,D,C,C,B
702,17808.0,2.0,0,0,0,M,20,A,D,C,C,B
702,17809.0,21.2,0,0,0,M,20,A,D,C,C,B
702,17810.0,11.5,0,0,0,M,20,A,D,C,C,B
702,17811.0,11.8,0,35,15,M,20,A,D,C,D,B
702,17812.0,8.5,0,0,0,M,20,A,D,D,D,B
702,17813.0,20.6,0,0,0,M,20,A,D,D,D,B
702,17814.0,20.0,0,0,0,M,20,A,D,D,D,B
702,17815.0,8.5,0,0,0,M,20,A,D,D,D,B
702,17816.0,9.5,5,0,0,M,20,A,D,D,D,B
702,17817.0,7.5,20,0,0,M,20,A,D,D,D,B
702,17818.0,9.5,0,0,5,M,20,A,D,D,D,B
702,17819.0,19.4,0,0,0,M,20,A,D,D,D,B
702,17820.0,3.0,15,0,35,M,20,A,D,D,D,B
702,17821.0,1.0,0,0,0,M,20,A,D,D,D,B
702,17822.0,17.6,0,20,0,M,20,A,D,D,D,B
702,17823.0,29.7,20,0,0,M,20,A,D,D,D,B
702,17824.0,14.9,0,30,0,M,20,A,D,D,D,B
702,17825.0,6.2,55,15,35,M,36,A,D,D,D,B
2402,17826.0,0.0,0,0,0,F,20,A,D,D,D,B
2402,17827.0,7.5,0,0,0,F,20,A,D,D,D,B
2402,17828.0,0.0,0,0,0,F,20,A,D,D,D,B
2402,17829.0,12.9,0,40,20,M,20,A,D,D,D,B
2402,17830.0,2.0,0,25,35,M,20,A,D,D,D,B
2402,17831.0,0.0,0,0,0,M,20,A,D,D,D,C
2402,17832.0,0.0,0,0,0,M,20,A,D,D,D,C
2402,17833.0,0.0,0,0,0,M,20,A,D,D,D,C
2402,17834.0,7.5,0,0,0,M,20,A,D,D,D,C
2402,17835.0,7.5,0,0,0,M,20,A,D,D,D,C
2402,17836.0,29.7,0,25,0,M,20,A,D,D,D,C
2402,17837.0,0.0,0,0,0,M,20,A,D,E,D,D
2402,17838.0,0.0,0,0,0,M,20,A,D,E,E,D
2402,17839.0,7.5,0,0,0,M,20,A,D,E,E,D
2402,17840.0,10.9,60,15,0,M,20,A,D,E,E,D
2402,17841.0,33.3,0,0,0,M,20,A,D,E,E,D
2402,17842.0,9.9,0,0,0,M,20,B,D,E,F,D
2402,17843.0,16.5,0,30,0,M,20,B,F,E,F,D
2402,17844.0,0.0,0,0,0,M,20,C,F,F,F,E
2402,17845.0,0.0,0,0,0,M,20,C,F,F,F,E
2402,17846.0,11.9,0,0,0,M,20,E,F,F,F,F
2402,17847.0,0.0,0,0,0,M,20,,,,,
2402,17848.0,22.5,0,0,0,M,20,,,,,
2402,17849.0,0.0,0,0,0,M,20,,,,,
2402,17850.0,0.0,0,0,0,M,20,,,,,
2402,17851.0,0.0,0,0,0,M,20,,,,,
2402,17852.0,7.5,0,0,0,M,20,,,,,
2402,17853.0,0.0,0,0,0,M,20,,,,,
2402,17854.0,7.5,0,0,0,M,20,,,,,
2402,17855.0,0.0,0,0,0,M,20,,,,,
2402,17856.0,23.4,30,0,35,M,20,,,,,
2402,17857.0,7.5,0,0,0,M,20,,,,,
2402,17858.0,9.5,10,0,0,M,20,,,,,
2402,17859.0,0.0,0,0,0,M,20,,,,,
2402,17860.0,0.0,0,0,0,M,20,,,,,
2402,17861.0,0.0,0,0,0,M,20,,,,,
2402,17862.0,0.0,0,0,0,M,20,,,,,
2402,17863.0,0.0,0,0,0,M,20,,,,,
2402,17864.0,0.0,0,0,0,M,20,,,,,
2402,17865.0,0.0,0,0,0,M,20,,,,,
2402,17866.0,0.0,0,0,0,M,20,,,,,
2402,17867.0,0.0,0,0,0,M,20,,,,,
2001,17868.0,0.0,0,0,0,F,20,A,A,A,A,A
2001,17869.0,0.0,0,0,0,F,20,A,A,A,A,A
2001,17870.0,0.0,0,0,0,F,20,A,A,A,A,A
2001,17871.0,0.0,0,0,0,F,20,A,A,A,A,A
2001,17872.0,7.5,0,25,0,F,20,A,A,A,B,A
2001,17873.0,0.0,0,0,0,F,20,A,A,A,B,A
2001,17874.0,0.0,0,0,0,F,20,A,A,A,B,A
2001,17875.0,11.1,0,0,0,F,20,A,A,A,B,A
2001,17876.0,9.5,10,0,0,F,20,A,A,A,B,A
2001,17877.0,0.0,0,0,0,F,20,A,A,A,B,A
2001,17878.0,0.0,0,45,0,F,20,A,A,A,B,A
2001,17879.0,22.5,0,0,0,F,20,A,A,A,B,A
2001,17880.0,0.0,0,45,0,F,20,A,A,B,B,A
2001,17881.0,21.2,0,0,0,F,20,A,A,B,B,A
2001,17882.0,2.4,25,25,10,F,20,A,B,B,B,A
2001,17883.0,21.4,0,0,0,F,20,A,B,B,B,A
2001,17884.0,22.5,0,0,0,F,20,A,B,B,B,A
2001,17885.0,21.0,50,15,20,F,20,A,B,B,B,A
2001,17886.0,15.3,50,0,0,F,20,A,B,B,B,A
2001,17887.0,22.5,0,0,0,F,20,A,B,B,B,A
2001,17888.0,33.6,0,0,0,F,20,A,B,B,B,A
2001,17889.0,6.8,0,0,0,F,20,A,B,B,B,A
2001,17890.0,9.1,0,0,0,F,20,A,B,B,B,A
2001,17891.0,22.5,0,0,0,F,20,A,D,B,B,A
2001,17892.0,22.5,0,0,0,F,20,A,D,B,B,A
2001,17893.0,6.8,0,0,0,F,20,A,D,B,B,A
2001,17894.0,10.1,10,55,0,F,20,A,D,B,C,A
2001,17895.0,16.0,15,20,10,F,20,A,D,B,C,A
2001,17896.0,11.5,0,0,0,F,20,A,D,B,C,A
2001,17897.0,22.4,0,0,0,F,20,A,D,B,C,A
2001,17898.0,7.5,50,45,5,F,20,A,D,B,C,A
2001,17899.0,9.9,10,0,0,F,20,A,D,B,C,A
2001,17900.0,30.6,0,20,0,F,20,A,D,B,C,A
2001,17901.0,1.4,0,35,0,F,20,A,D,B,C,A
2001,17902.0,19.0,0,15,0,F,20,A,D,B,C,A
2001,17903.0,12.1,0,0,0,F,20,A,D,B,D,A
2001,17904.0,4.6,10,35,0,F,20,A,D,B,D,A
2001,17905.0,22.5,0,0,0,F,20,A,D,B,D,A
2001,17906.0,22.5,0,0,0,F,20,A,D,B,D,A
2001,17907.0,22.5,0,0,0,F,20,A,D,B,D,A
2001,17908.0,22.5,0,0,0,F,20,A,D,B,D,A
2001,17909.0,22.5,0,0,0,F,20,A,D,C,D,A
2001,17910.0,22.5,0,0,0,F,20,A,D,C,D,B
2001,17911.0,22.5,0,0,0,F,20,A,D,C,D,B
2001,17912.0,11.2,0,0,0,F,20,A,D,C,D,B
2001,17913.0,2.4,0,0,30,F,20,A,D,C,D,B
2001,17914.0,22.5,0,0,0,F,20,A,D,C,D,B
2001,17915.0,22.5,0,0,0,F,20,A,D,C,D,B
2001,17916.0,22.5,0,0,0,F,20,A,D,D,D,B
2001,17917.0,5.8,25,0,10,F,20,A,D,D,D,B
2001,17918.0,15.1,20,0,30,F,20,A,D,D,D,B
2001,17919.0,7.0,20,0,10,F,20,A,D,D,D,B
2001,17920.0,0.0,0,45,0,F,20,A,D,D,D,B
2001,17921.0,10.1,0,10,0,F,20,A,D,D,D,B
2001,17922.0,15.1,0,0,0,F,20,A,D,D,D,B
2001,17923.0,2.6,40,75,20,F,20,A,D,D,D,B
2001,17924.0,23.0,0,0,0,F,20,A,D,D,D,B
2001,17925.0,2.0,40,15,10,F,20,A,D,D,D,B
2001,17926.0,9.5,0,0,0,F,20,A,D,D,D,B
2001,17927.0,20.4,0,0,0,F,20,A,D,D,D,B
2001,17928.0,2.0,10,0,0,F,20,B,D,D,D,B
2001,17929.0,22.5,0,0,0,F,20,B,D,D,D,B
2001,17930.0,25.0,0,0,60,F,20,B,D,D,D,B
2001,17931.0,30.8,10,10,0,F,20,B,D,D,D,B
2001,17932.0,9.5,0,0,0,F,20,B,D,D,D,B
2001,17933.0,15.0,0,50,0,F,20,B,D,D,D,B
2001,17934.0,23.2,0,0,0,F,20,B,D,D,D,C
2001,17935.0,17.6,0,20,0,F,20,B,D,D,E,C
2001,17936.0,16.0,10,0,25,F,20,B,D,D,E,C
2001,17937.0,21.6,0,0,0,F,20,B,D,D,E,C
2001,17938.0,15.0,45,0,0,F,20,C,D,D,E,D
2001,17939.0,7.2,0,0,0,F,20,C,D,E,E,D
2001,17940.0,33.8,0,0,0,F,20,C,F,E,E,D
2001,17941.0,17.0,0,40,0,F,20,E,F,E,F,D
2001,17942.0,20.4,0,0,0,F,20,E,F,E,F,E
2001,17943.0,4.4,10,10,30,F,20,,,,,
2001,17944.0,8.6,10,0,10,F,20,,,,,
2001,17945.0,10.8,0,0,0,F,20,,,,,
2001,17946.0,2.6,30,0,0,F,20,,,,,
2001,17947.0,14.3,80,20,30,F,20,,,,,
2001,17948.0,20.4,0,0,0,F,20,,,,,
2001,17949.0,9.5,0,0,0,F,20,,,,,
2001,17950.0,18.0,0,0,15,F,20,,,,,
2001,17951.0,22.5,0,0,0,M,20,,,,,
2001,17952.0,3.2,0,50,0,M,20,,,,,
2001,17953.0,22.4,0,0,0,M,20,,,,,
2001,17954.0,18.8,20,40,40,M,20,,,,,
2001,17955.0,11.9,0,0,0,M,20,,,,,
4004,17956.0,7.5,0,0,0,F,20,A,A,A,A,A
4004,17957.0,7.5,30,0,0,F,20,A,A,A,B,A
4004,17958.0,7.5,0,0,0,F,20,A,A,A,B,A
4004,17959.0,0.0,0,5,5,F,20,A,A,A,B,A
4004,17960.0,19.6,0,0,25,F,20,A,A,A,B,A
4004,17961.0,7.5,0,0,0,F,20,A,A,B,B,A
4004,17962.0,7.5,0,0,0,F,20,A,A,B,B,A
4004,17963.0,7.5,0,0,0,F,20,A,A,B,B,A
4004,17964.0,7.5,0,0,0,F,20,A,A,B,B,A
4004,17965.0,7.5,0,20,10,F,20,A,A,B,B,B
4004,17966.0,12.1,0,0,0,F,20,A,A,B,B,B
4004,17967.0,17.4,40,0,0,F,20,A,A,B,C,B
4004,17968.0,7.5,0,0,0,M,20,A,A,B,C,B
4004,17969.0,22.2,0,0,0,M,20,A,A,B,C,B
4004,17970.0,10.0,0,0,0,M,20,A,A,B,C,B
4004,17971.0,7.5,20,10,0,M,20,A,A,B,C,B
4004,17972.0,7.5,0,0,0,M,20,A,A,B,C,B
4004,17973.0,7.5,0,0,0,M,20,A,A,C,C,B
4004,17974.0,7.5,0,0,0,M,20,A,A,C,C,B
4004,17975.0,10.1,0,0,0,M,20,A,A,C,C,B
4004,17976.0,10.0,0,0,0,M,20,A,A,C,C,B
4004,17977.0,0.0,0,0,10,M,20,A,A,C,C,B
4004,17978.0,7.5,0,25,0,M,20,A,A,C,C,C
4004,17979.0,0.0,0,0,10,M,20,A,A,C,C,C
4004,17980.0,9.5,0,5,0,M,20,A,A,C,D,C
4004,17981.0,7.5,0,0,0,M,20,A,B,C,D,C
4004,17982.0,7.5,0,0,0,M,20,A,B,C,D,C
4004,17983.0,7.5,0,0,0,M,20,A,B,D,D,C
4004,17984.0,1.0,0,0,0,M,20,A,B,D,D,C
4004,17985.0,10.1,0,0,0,M,20,A,B,D,D,C
4004,17986.0,7.5,0,0,0,M,20,A,B,D,D,C
4004,17987.0,7.5,0,0,0,M,20,A,B,D,D,C
4004,17988.0,7.5,0,0,0,M,20,A,B,D,D,C
4004,17989.0,7.5,0,0,0,M,20,A,B,D,D,D
4004,17990.0,7.5,0,0,0,M,20,A,C,D,D,D
4004,17991.0,7.5,0,0,0,M,20,A,C,D,D,D
4004,17992.0,22.5,0,5,0,M,20,A,D,D,D,D
4004,17993.0,7.5,0,0,0,M,20,A,D,D,D,D
4004,17994.0,7.5,0,0,0,M,20,A,D,D,D,D
4004,17995.0,21.9,0,0,0,M,20,A,D,D,D,D
4004,17996.0,7.5,0,0,0,M,20,A,D,D,D,D
4004,17997.0,7.5,0,0,0,M,20,A,D,D,D,D
4004,17998.0,7.5,0,0,0,M,20,A,D,D,D,D
4004,17999.0,7.5,0,0,0,M,20,A,D,D,D,D
4004,18000.0,8.4,30,60,10,M,20,A,D,D,D,D
4004,18001.0,29.1,0,25,10,M,20,A,D,D,D,D
4004,18002.0,7.5,0,0,0,M,20,A,D,D,D,D
4004,18003.0,0.0,0,0,10,M,20,A,D,D,D,D
4004,18004.0,0.0,0,0,10,M,20,A,D,D,D,D
4004,18005.0,7.5,0,0,0,M,20,A,D,D,D,D
4004,18006.0,7.5,0,0,0,M,20,A,D,D,D,E
4004,18007.0,7.5,0,0,0,M,20,A,D,D,D,E
4004,18008.0,7.5,0,0,0,M,20,A,D,D,D,E
4004,18009.0,7.5,0,0,0,M,20,A,D,D,D,E
4004,18010.0,7.8,0,0,0,M,20,A,D,D,D,E
4004,18011.0,7.5,0,0,0,M,20,A,D,D,E,E
4004,18012.0,7.5,0,0,0,M,20,A,D,D,E,E
4004,18013.0,7.5,0,0,0,M,20,A,D,D,E,E
4004,18014.0,7.5,0,0,0,M,20,A,D,D,E,E
4004,18015.0,10.5,0,65,20,M,20,A,D,D,E,E
4004,18016.0,7.5,0,0,0,M,20,A,D,D,E,E
4004,18017.0,7.5,0,0,0,M,20,A,D,D,E,E
4004,18018.0,7.5,0,0,0,M,20,A,D,D,E,E
4004,18019.0,7.4,30,45,15,M,20,A,D,E,E,E
4004,18020.0,7.5,0,0,0,M,20,A,D,E,E,E
4004,18021.0,7.5,0,0,0,M,20,A,D,E,E,E
4004,18022.0,16.3,0,30,0,M,20,A,D,E,E,E
4004,18023.0,1.0,0,0,0,M,20,A,D,E,E,E
4004,18024.0,7.5,0,0,0,M,20,A,D,E,E,E
4004,18025.0,7.5,0,0,0,M,20,A,D,E,E,E
4004,18026.0,7.5,0,0,0,M,20,A,D,E,E,E
4004,18027.0,7.5,0,0,0,M,20,A,D,E,E,E
4004,18028.0,7.5,0,0,0,M,20,A,D,E,E,E
4004,18029.0,7.5,0,0,0,M,20,A,D,E,F,E
4004,18030.0,7.5,0,0,0,M,20,A,D,E,F,F
4004,18031.0,7.5,0,0,0,M,20,A,D,E,F,F
4004,18032.0,6.0,0,10,0,M,20,A,D,E,F,F
4004,18033.0,7.5,0,0,0,M,20,A,D,E,F,F
4004,18034.0,8.2,60,20,20,M,20,A,D,E,F,F
4004,18035.0,7.5,0,0,0,M,20,B,F,E,F,F
4004,18036.0,21.0,0,0,0,M,20,B,F,F,F,F
4004,18037.0,7.5,0,0,0,M,20,B,F,F,F,F
4004,18038.0,7.5,0,0,0,M,20,B,F,F,F,F
4004,18039.0,7.5,0,0,0,M,20,C,F,F,F,F
4004,18040.0,7.5,0,0,0,M,20,E,F,F,F,F
4004,18041.0,7.5,0,0,0,M,20,,,,,
4004,18042.0,16.4,0,30,0,M,20,,,,,
4004,18043.0,7.5,0,0,0,M,20,,,,,
4004,18044.0,7.5,0,0,0,M,20,,,,,
4004,18045.0,30.0,0,30,0,M,20,,,,,
4004,18046.0,10.1,0,0,0,M,20,,,,,
4004,18047.0,23.0,0,0,0,M,20,,,,,
4004,18048.0,7.5,0,0,0,M,20,,,,,
4004,18049.0,7.5,0,0,0,M,20,,,,,
4004,18050.0,7.5,0,0,0,M,20,,,,,
4004,18051.0,3.6,0,0,0,M,20,,,,,
4004,18052.0,7.5,0,0,0,M,20,,,,,
4004,18053.0,7.5,0,0,0,M,20,,,,,
4004,18054.0,1.8,10,30,0,M,20,,,,,
5401,18055.0,10.1,0,0,0,F,20,A,A,A,A,A
5401,18056.0,0.0,0,0,25,F,20,A,A,B,B,A
5401,18057.0,7.5,0,0,0,F,20,A,A,B,B,A
5401,18058.0,7.5,0,0,0,F,20,A,A,B,B,A
5401,18059.0,22.5,5,0,0,F,20,A,A,B,B,A
5401,18060.0,22.6,0,5,0,F,20,A,A,B,B,A
5401,18061.0,1.0,35,40,0,F,20,A,A,B,B,A
5401,18062.0,21.0,0,0,15,F,20,A,A,B,B,A
5401,18063.0,22.5,0,0,0,F,20,A,A,B,B,A
5401,18064.0,22.5,0,0,0,F,20,A,A,B,C,A
5401,18065.0,22.5,0,0,0,F,20,A,A,B,C,A
5401,18066.0,10.5,0,0,0,F,20,A,A,B,C,A
5401,18067.0,27.7,35,0,10,F,20,A,A,B,C,A
5401,18068.0,10.6,0,0,0,F,20,A,A,B,C,A
5401,18069.0,22.5,0,0,0,F,20,A,A,C,C,A
5401,18070.0,16.0,35,0,0,F,20,A,A,C,D,A
5401,18071.0,0.0,0,75,10,F,20,A,B,C,D,A
5401,18072.0,22.5,0,0,0,F,20,A,B,C,D,A
5401,18073.0,21.9,0,0,0,F,20,A,B,D,D,A
5401,18074.0,22.5,0,0,0,F,20,A,B,D,D,A
5401,18075.0,22.5,0,0,0,F,20,A,B,D,D,A
5401,18076.0,22.5,0,0,0,F,20,A,B,D,D,A
5401,18077.0,2.4,85,35,20,F,20,A,B,D,D,A
5401,18078.0,21.2,0,0,0,F,20,A,B,D,D,A
5401,18079.0,6.6,0,10,0,F,20,A,B,D,D,B
5401,18080.0,22.5,0,0,0,F,20,A,B,D,D,B
5401,18081.0,22.5,0,0,0,F,20,A,B,D,D,B
5401,18082.0,22.4,0,0,0,F,20,A,B,D,D,B
5401,18083.0,2.6,0,35,0,F,20,A,D,D,D,B
5401,18084.0,4.8,90,80,30,F,20,A,D,D,D,B
5401,18085.0,23.5,0,0,0,F,20,A,D,D,D,C
5401,18086.0,16.9,0,30,0,F,20,A,D,D,D,C
5401,18087.0,12.7,50,15,10,F,20,A,D,D,D,C
5401,18088.0,0.0,0,0,0,F,20,A,D,D,D,C
5401,18089.0,2.6,10,30,25,F,20,A,D,D,E,C
5401,18090.0,20.8,0,0,10,F,20,A,D,E,E,C
5401,18091.0,29.3,0,35,0,M,20,A,D,E,E,C
5401,18092.0,9.5,20,0,0,M,20,B,D,E,E,C
5401,18093.0,21.2,0,0,0,M,20,B,D,E,E,D
5401,18094.0,22.4,0,0,0,M,20,B,D,E,E,D
5401,18095.0,22.5,0,0,0,M,20,C,D,E,E,E
5401,18096.0,22.5,0,0,0,M,20,C,D,E,E,E
5401,18097.0,22.5,0,0,0,M,20,E,D,E,F,E
5401,18098.0,0.0,0,0,0,M,20,E,D,F,F,E
5401,18099.0,22.5,0,0,0,M,20,E,D,F,F,E
5401,18100.0,0.0,0,0,0,M,20,E,D,F,F,F
5401,18101.0,21.8,0,0,0,M,20,E,F,F,F,F
5401,18102.0,6.4,55,45,0,M,20,,,,,
5401,18103.0,22.5,0,0,0,M,20,,,,,
5401,18104.0,11.1,10,55,20,M,20,,,,,
5401,18105.0,20.2,35,50,10,M,20,,,,,
5401,18106.0,12.9,0,0,0,M,20,,,,,
5401,18107.0,13.9,0,0,0,M,20,,,,,
5401,18108.0,3.4,0,0,0,M,20,,,,,
5401,18109.0,5.0,0,20,10,M,20,,,,,
5401,18110.0,5.4,40,10,0,M,20,,,,,
5401,18111.0,10.9,0,0,0,M,20,,,,,
1501,18112.0,10.8,0,0,0,F,20,A,A,B,A,A
1501,18113.0,21.0,20,0,0,F,20,A,A,B,A,A
1501,18114.0,10.3,25,0,0,F,20,A,A,B,B,A
1501,18115.0,8.4,30,0,0,F,20,A,A,B,B,A
1501,18116.0,12.9,0,0,0,F,20,A,A,B,B,A
1501,18117.0,30.6,10,0,20,F,20,A,A,B,B,A
1501,18118.0,14.0,35,0,25,F,20,A,A,C,C,B
1501,18119.0,12.9,0,0,0,F,20,A,B,C,C,B
1501,18120.0,9.5,10,0,25,F,20,A,B,C,D,B
1501,18121.0,22.0,0,15,0,F,20,A,B,D,D,B
1501,18122.0,16.5,30,0,20,F,20,A,B,D,D,B
1501,18123.0,4.8,35,20,0,F,20,A,B,D,D,B
1501,18124.0,5.6,0,20,0,F,20,A,D,D,D,B
1501,18125.0,22.4,0,0,0,F,20,A,D,D,D,B
1501,18126.0,10.1,20,0,0,F,20,A,D,D,D,B
1501,18127.0,3.2,10,25,0,F,20,A,D,D,D,B
1501,18128.0,35.0,0,0,0,F,20,A,D,D,D,B
1501,18129.0,7.5,70,10,30,M,20,A,D,D,D,B
1501,18130.0,8.5,0,0,0,M,20,A,D,D,D,B
1501,18131.0,20.1,0,100,0,M,20,A,D,D,D,C
1501,18132.0,9.5,0,0,0,M,20,B,D,D,D,C
1501,18133.0,8.5,0,0,0,M,20,B,D,D,E,E
1501,18134.0,8.5,0,0,0,M,20,B,D,D,E,E
1501,18135.0,0.0,70,60,30,M,20,E,F,D,F,E
1501,18136.0,2.0,0,0,0,M,20,,,,,
3202,18137.0,19.4,10,15,5,F,20,A,A,A,B,A
3202,18138.0,35.2,0,0,0,F,20,A,A,A,B,A
3202,18139.0,10.4,30,45,0,F,20,A,A,B,B,A
3202,18140.0,19.4,30,0,0,F,20,A,A,B,B,A
3202,18141.0,7.5,35,0,0,F,20,A,A,B,C,A
3202,18142.0,8.5,0,0,0,F,20,A,B,B,C,A
3202,18143.0,11.7,25,40,0,F,20,A,D,C,C,A
3202,18144.0,7.0,0,10,0,F,20,A,D,C,D,A
3202,18145.0,12.5,10,0,50,F,20,A,D,C,D,B
3202,18146.0,2.0,0,0,0,M,20,A,D,D,D,B
3202,18147.0,7.5,0,35,0,M,20,A,D,D,D,B
3202,18148.0,11.3,10,0,0,M,20,A,D,D,D,B
3202,18149.0,7.5,0,25,10,M,20,A,D,D,D,B
3202,18150.0,12.9,0,0,0,M,20,B,D,D,E,B
3202,18151.0,13.7,30,35,5,M,20,B,D,D,E,C
3202,18152.0,9.5,10,15,0,M,20,B,D,E,E,C
3202,18153.0,22.5,0,0,0,M,20,C,F,F,F,E
1602,18154.0,23.2,0,0,0,F,20,A,A,A,A,A
1602,18155.0,22.5,0,0,0,F,20,A,A,A,A,A
1602,18156.0,9.0,40,0,0,F,20,A,A,A,A,A
1602,18157.0,11.1,0,0,0,F,20,A,A,A,A,A
1602,18158.0,0.0,15,0,0,F,20,A,A,A,A,A
1602,18159.0,11.1,0,0,0,F,20,A,A,B,B,A
1602,18160.0,4.2,30,15,15,F,20,A,A,B,B,A
1602,18161.0,16.6,25,25,0,F,20,A,A,B,B,A
1602,18162.0,11.3,0,0,0,F,20,A,A,B,B,A
1602,18163.0,0.0,0,15,0,F,20,A,A,B,B,A
1602,18164.0,7.5,0,15,0,F,20,A,A,B,B,A
1602,18165.0,22.5,0,0,0,F,20,A,A,B,B,A
1602,18166.0,4.2,0,30,0,F,20,A,A,B,B,A
1602,18167.0,2.0,0,45,0,F,20,A,A,B,B,A
1602,18168.0,2.0,0,45,0,F,20,A,A,B,B,A
1602,18169.0,21.4,20,0,0,F,20,A,A,B,B,A
1602,18170.0,18.6,30,0,10,F,20,A,A,B,B,A
1602,18171.0,22.7,0,0,0,F,20,A,A,B,B,A
1602,18172.0,11.1,0,0,0,F,20,A,A,B,B,A
1602,18173.0,22.5,0,0,0,F,20,A,A,B,B,A
1602,18174.0,7.5,0,0,40,F,20,A,A,B,B,A
1602,18175.0,10.1,0,0,0,F,20,A,B,B,B,A
1602,18176.0,7.5,0,10,0,F,20,A,B,B,B,A
1602,18177.0,0.0,50,0,40,F,20,A,B,B,B,A
1602,18178.0,19.9,25,5,0,F,20,A,B,B,B,A
1602,18179.0,10.1,0,0,0,F,20,A,B,B,C,A
1602,18180.0,4.2,30,0,0,F,20,A,B,B,C,A
1602,18181.0,8.9,0,0,0,F,20,A,B,B,C,A
1602,18182.0,8.9,0,0,0,F,20,A,B,B,C,A
1602,18183.0,2.0,30,15,0,F,20,A,B,B,C,A
1602,18184.0,23.4,0,0,0,F,20,A,B,B,C,A
1602,18185.0,20.5,55,45,0,F,20,A,B,C,C,A
1602,18186.0,15.0,0,0,0,F,20,A,B,C,C,A
1602,18187.0,23.4,0,0,0,F,20,A,B,C,C,A
1602,18188.0,22.5,0,0,0,F,20,A,B,C,C,A
1602,18189.0,23.5,50,30,0,F,20,A,B,C,C,A
1602,18190.0,22.5,0,0,0,F,20,A,B,C,C,A
1602,18191.0,10.3,20,45,30,F,20,A,B,C,D,A
1602,18192.0,15.0,25,0,40,F,20,A,B,C,D,A
1602,18193.0,22.5,0,0,0,F,20,A,B,C,D,A
1602,18194.0,18.6,20,20,0,F,20,A,B,C,D,A
1602,18195.0,11.1,0,0,0,F,20,A,B,C,D,A
1602,18196.0,0.0,25,0,0,F,20,A,B,C,D,A
1602,18197.0,7.5,0,0,10,F,20,A,B,C,D,A
1602,18198.0,8.8,10,15,5,F,20,A,B,C,D,B
1602,18199.0,0.0,5,0,10,F,20,A,D,D,D,B
1602,18200.0,0.0,0,10,5,F,20,A,D,D,D,B
1602,18201.0,7.8,20,45,45,F,20,A,D,D,D,B
1602,18202.0,1.0,5,5,0,F,20,A,D,D,D,B
1602,18203.0,15.7,15,30,15,M,20,A,D,D,D,B
1602,18204.0,22.5,0,0,0,M,20,A,D,D,D,B
1602,18205.0,6.2,20,0,30,M,20,A,D,D,D,B
1602,18206.0,20.6,0,20,0,M,20,A,D,D,D,B
1602,18207.0,22.5,0,0,0,M,20,A,D,D,D,B
1602,18208.0,9.5,55,30,0,M,20,A,D,D,D,B
1602,18209.0,22.5,0,0,0,M,20,A,D,D,D,B
1602,18210.0,22.5,0,0,0,M,20,A,D,D,D,B
1602,18211.0,22.5,0,0,0,M,20,A,D,D,D,B
1602,18212.0,22.5,0,0,0,M,20,A,D,D,D,B
1602,18213.0,22.5,0,0,0,M,20,A,D,D,D,B
1602,18214.0,24.7,0,0,0,M,20,A,D,D,D,B
1602,18215.0,22.5,0,0,0,M,20,A,D,D,D,B
1602,18216.0,11.5,0,0,0,M,20,A,D,D,D,B
1602,18217.0,12.9,0,0,0,M,20,A,D,D,D,B
1602,18218.0,22.5,0,0,0,M,20,A,D,D,D,B
1602,18219.0,7.5,0,20,0,M,20,A,D,D,D,B
1602,18220.0,32.8,20,0,0,M,20,A,D,D,D,B
1602,18221.0,15.1,55,0,10,M,20,A,D,D,D,B
1602,18222.0,13.7,0,0,0,M,20,A,D,D,D,B
1602,18223.0,15.7,10,50,0,M,20,A,D,D,D,B
1602,18224.0,22.5,0,0,0,M,20,A,D,D,D,C
1602,18225.0,14.5,30,35,5,M,20,A,D,D,D,C
1602,18226.0,9.5,0,15,0,M,20,A,D,D,D,C
1602,18227.0,22.5,0,0,0,M,20,A,D,D,E,C
1602,18228.0,22.5,0,0,0,M,20,A,D,D,E,C
1602,18229.0,22.5,0,0,0,M,20,A,D,D,E,C
1602,18230.0,22.5,0,0,0,M,20,A,D,D,E,C
1602,18231.0,22.4,0,0,0,M,20,A,D,D,E,C
1602,18232.0,22.5,0,0,0,M,20,A,D,E,E,D
1602,18233.0,17.0,0,35,0,M,20,A,D,E,E,D
1602,18234.0,22.5,0,0,0,M,20,A,D,E,E,D
1602,18235.0,9.1,0,0,0,M,20,B,F,E,E,D
1602,18236.0,10.3,0,0,0,M,20,B,F,E,F,D
1602,18237.0,22.5,0,0,0,M,20,B,F,E,F,E
1602,18238.0,2.6,50,0,30,M,20,B,F,E,F,E
1602,18239.0,23.6,0,0,0,M,20,E,F,F,F,E
1602,18240.0,22.5,0,0,0,M,20,,,,,
1602,18241.0,22.5,0,0,0,M,20,,,,,
1602,18242.0,15.1,10,45,10,M,20,,,,,
1602,18243.0,21.0,0,15,0,M,20,,,,,
1602,18244.0,16.6,10,30,0,M,20,,,,,
1602,18245.0,9.1,0,0,0,M,20,,,,,
1602,18246.0,30.0,0,40,0,M,20,,,,,
1602,18247.0,15.0,50,0,0,M,20,,,,,
3002,18248.0,16.6,25,20,10,F,20,A,A,A,B,A
3002,18249.0,7.6,50,0,70,F,20,A,A,B,B,A
3002,18250.0,8.9,20,15,0,F,20,A,A,B,B,A
3002,18251.0,15.0,0,0,0,M,20,A,A,B,B,A
3002,18252.0,15.9,0,45,0,M,20,A,A,B,B,A
3002,18253.0,12.1,0,0,0,M,20,A,B,B,B,A
3002,18254.0,12.1,0,0,0,M,20,A,B,B,B,A
3002,18255.0,10.7,0,0,0,M,20,A,B,B,B,A
3002,18256.0,15.0,0,0,0,M,20,A,B,B,C,A
3002,18257.0,12.1,0,0,0,M,20,A,B,B,C,B
3002,18258.0,4.4,40,90,10,M,20,A,D,B,C,B
3002,18259.0,7.5,80,0,30,M,20,A,D,B,D,B
3002,18260.0,2.0,10,50,20,M,20,A,D,C,D,B
3002,18261.0,4.4,0,35,0,M,20,A,D,C,D,B
3002,18262.0,25.1,0,45,30,M,20,A,D,C,D,B
3002,18263.0,8.9,20,0,0,M,20,A,D,C,D,B
3002,18264.0,23.9,0,0,0,M,20,A,D,D,D,B
3002,18265.0,12.1,0,0,0,M,20,B,D,D,D,B
3002,18266.0,9.5,0,0,0,M,20,B,D,D,D,C
3002,18267.0,13.3,0,0,5,M,20,B,D,D,D,C
702,18268.0,14.7,0,0,0,F,20,A,D,B,C,A
702,18269.0,17.4,25,15,0,F,20,A,D,B,C,A
702,18270.0,5.4,15,45,0,F,20,A,D,B,D,B
702,18271.0,0.0,0,0,0,F,20,A,D,B,D,B
702,18272.0,3.2,0,45,0,F,20,A,D,C,D,B
702,18273.0,11.1,0,0,10,F,20,A,D,C,D,B
702,18274.0,0.0,0,0,0,F,20,A,D,C,D,B
702,18275.0,0.0,0,0,0,F,20,A,D,C,D,B
702,18276.0,12.5,0,0,0,F,20,A,D,C,D,B
702,18277.0,10.1,0,0,0,M,20,A,D,C,D,B
702,18278.0,10.1,0,0,0,M,20,A,D,C,D,B
702,18279.0,2.4,10,0,0,M,20,A,D,C,D,B
702,18280.0,10.5,0,35,50,M,20,A,D,C,D,B
702,18281.0,3.6,0,0,0,M,20,A,D,C,D,B
702,18282.0,21.4,25,0,0,M,20,A,D,C,D,B
702,18283.0,0.0,15,0,0,M,20,A,D,C,D,B
702,18284.0,7.5,0,10,15,M,20,A,D,D,D,C
702,18285.0,7.5,0,15,0,M,20,B,D,D,D,C
702,18286.0,4.8,0,0,0,M,20,B,D,D,D,C
702,18287.0,7.5,0,20,15,M,20,B,D,D,D,C
702,18288.0,0.0,0,0,0,M,20,B,D,D,D,C
702,18289.0,15.0,0,60,0,M,20,B,D,D,D,D
702,18290.0,11.7,25,0,0,M,20,B,D,D,D,D
702,18291.0,0.0,0,0,0,M,20,B,D,D,D,D
702,18292.0,20.4,0,20,0,M,20,B,D,D,E,D
702,18293.0,29.2,50,0,0,M,20,B,D,D,E,D
702,18294.0,7.0,30,20,0,M,20,B,D,E,E,D
702,18295.0,5.0,0,0,0,M,20,B,D,E,E,E
702,18296.0,13.1,10,0,0,M,20,B,D,E,F,E
702,18297.0,0.0,0,0,0,M,20,,,,,
702,18298.0,4.2,25,35,10,M,20,,,,,
3202,18299.0,11.7,40,15,40,F,20,A,A,A,B,A
3202,18300.0,18.0,0,50,0,F,20,A,A,A,B,A
3202,18301.0,14.5,0,0,0,F,20,A,A,A,B,A
3202,18302.0,23.4,0,0,0,F,20,A,A,A,B,A
3202,18303.0,0.0,0,25,0,F,20,A,A,B,B,A
3202,18304.0,11.3,0,0,0,F,20,A,A,B,B,A
3202,18305.0,7.5,0,15,0,F,20,A,A,B,C,A
3202,18306.0,8.5,10,0,0,F,20,A,B,B,C,A
3202,18307.0,26.1,0,0,0,F,20,A,C,B,C,A
3202,18308.0,25.8,0,0,0,F,20,A,D,B,C,A
3202,18309.0,0.0,0,0,0,F,20,A,D,B,D,A
3202,18310.0,10.4,25,75,0,F,20,A,D,C,D,A
3202,18311.0,0.0,0,0,0,F,20,A,D,C,D,A
3202,18312.0,10.1,10,0,20,F,20,A,D,C,D,B
3202,18313.0,12.4,0,0,0,F,20,A,D,C,D,B
3202,18314.0,7.0,10,0,40,F,20,A,D,D,D,B
3202,18315.0,10.0,0,0,0,F,20,A,D,D,D,B
3202,18316.0,10.1,0,0,0,F,20,A,D,D,D,B
3202,18317.0,0.0,0,0,0,M,20,A,D,D,D,B
3202,18318.0,15.0,20,0,50,M,20,A,D,D,D,B
3202,18319.0,11.1,10,15,0,M,20,A,D,D,D,B
3202,18320.0,0.0,0,0,0,M,20,B,D,D,D,B
3202,18321.0,24.6,0,0,0,M,20,B,D,D,D,B
3202,18322.0,7.0,30,0,20,M,20,B,D,D,D,B
3202,18323.0,15.0,0,0,0,M,20,B,D,D,D,B
3202,18324.0,3.4,0,30,15,M,20,B,D,D,E,C
3202,18325.0,23.2,10,0,0,M,20,D,D,E,E,D
3202,18326.0,15.0,0,0,0,M,20,E,D,F,E,D
3202,18327.0,15.0,0,0,0,M,20,,,,,
3202,18328.0,10.3,30,0,0,M,20,,,,,
3202,18329.0,15.0,0,0,0,M,20,,,,,
3202,18330.0,18.7,30,0,20,M,20,,,,,
3202,18331.0,15.0,0,0,0,M,20,,,,,
3202,18332.0,15.0,0,0,0,M,20,,,,,
3202,18333.0,15.0,0,0,0,M,20,,,,,
2001,18334.0,15.0,0,0,0,F,20,A,D,D,D,B
2001,18335.0,15.1,0,0,0,F,20,A,D,D,D,B
2001,18336.0,23.6,0,0,0,F,20,A,D,D,D,B
2001,18337.0,18.4,20,15,15,F,20,A,D,D,D,B
2001,18338.0,15.0,0,0,0,F,20,A,D,D,D,B
2001,18339.0,15.0,0,0,0,F,20,A,D,D,D,B
2001,18340.0,15.0,0,0,0,F,20,A,D,D,D,B
2001,18341.0,15.0,0,0,0,F,20,A,D,D,D,B
2001,18342.0,15.0,0,0,0,F,20,A,D,D,D,B
2001,18343.0,15.0,0,0,0,F,20,A,D,D,D,B
2001,18344.0,15.0,0,0,0,F,20,A,D,D,D,B
2001,18345.0,16.0,0,0,0,F,20,A,D,D,D,B
2001,18346.0,15.0,25,25,25,F,20,A,D,D,D,B
2001,18347.0,15.0,0,0,0,F,20,A,D,D,D,B
2001,18348.0,15.0,0,0,0,F,20,A,D,D,D,B
2001,18349.0,15.0,0,0,0,F,20,A,D,D,D,B
2001,18350.0,10.3,15,5,10,F,20,A,D,D,D,B
2001,18351.0,9.5,0,0,5,F,20,A,D,D,D,B
2001,18352.0,2.6,0,0,10,F,20,A,D,D,D,B
2001,18353.0,24.4,40,25,20,F,20,A,D,D,D,B
2001,18354.0,15.0,0,0,0,F,20,A,D,D,D,B
2001,18355.0,15.0,0,0,0,F,20,A,D,D,D,B
2001,18356.0,11.9,20,0,0,F,20,A,D,D,D,B
2001,18357.0,1.4,40,50,0,F,20,B,D,D,D,B
2001,18358.0,15.0,0,0,0,F,20,B,D,D,D,C
2001,18359.0,15.0,0,0,0,M,20,B,D,D,D,C
2001,18360.0,15.0,0,0,0,M,20,B,D,E,D,C
2001,18361.0,15.0,0,0,0,M,20,B,D,E,D,C
2001,18362.0,10.0,0,25,0,M,20,B,D,E,D,C
2001,18363.0,15.0,0,0,0,M,20,B,D,E,D,D
2001,18364.0,15.0,0,0,0,M,20,B,D,E,D,D
2001,18365.0,15.0,30,45,0,M,20,B,D,E,E,D
2001,18366.0,15.0,0,0,0,M,20,C,D,E,E,D
2001,18367.0,15.0,0,0,0,M,20,E,D,E,E,D
2001,18368.0,10.5,30,0,0,M,20,E,D,E,E,D
2001,18369.0,15.0,0,0,0,M,20,E,E,F,E,E
2001,18370.0,22.5,0,25,0,M,20,E,F,F,F,F
2001,18371.0,13.9,15,30,35,M,20,,,,,
2001,18372.0,13.3,65,0,20,M,20,,,,,
2001,18373.0,15.0,0,0,0,M,20,,,,,
2001,18374.0,15.0,0,0,0,M,20,,,,,
2001,18375.0,15.0,0,0,0,M,20,,,,,
2001,18376.0,15.0,0,0,0,M,20,,,,,
2001,18377.0,15.0,0,0,0,M,20,,,,,
2001,18378.0,15.0,0,0,0,M,20,,,,,
1502,18379.0,15.0,0,0,0,F,20,A,A,A,B,A
1502,18380.0,15.0,0,0,0,F,20,A,A,A,B,A
1502,18381.0,15.0,0,0,0,F,20,A,A,B,B,A
1502,18382.0,15.0,0,0,0,F,20,A,A,B,B,A
1502,18383.0,15.0,0,0,0,F,20,A,B,B,B,A
1502,18384.0,15.0,0,0,0,F,20,A,B,B,C,A
1502,18385.0,11.7,0,0,25,F,20,A,B,C,C,A
1502,18386.0,12.5,75,0,0,F,20,A,C,C,C,B
1502,18387.0,24.5,0,0,0,F,20,A,C,C,C,B
1502,18388.0,37.4,0,0,0,F,20,A,D,C,C,B
1502,18389.0,5.6,0,0,0,F,20,A,D,C,C,B
1502,18390.0,37.5,0,0,0,F,20,A,D,C,D,B
1502,18391.0,20.4,55,60,0,F,20,A,D,D,D,B
1502,18392.0,2.0,0,0,15,F,20,A,D,D,D,B
1502,18393.0,25.4,0,0,0,F,20,A,D,D,D,B
1502,18394.0,37.5,0,0,0,F,20,A,D,D,D,B
1502,18395.0,37.5,0,0,0,F,20,A,D,D,D,B
1502,18396.0,13.3,0,0,0,M,20,A,D,D,D,B
1502,18397.0,8.5,0,0,15,M,20,A,D,D,D,B
1502,18398.0,9.1,55,45,0,M,20,A,D,D,D,B
1502,18399.0,17.0,0,0,0,M,20,A,D,D,E,C
1502,18400.0,12.5,50,35,10,M,20,A,D,D,E,C
1502,18401.0,10.7,0,0,0,M,20,A,D,D,E,C
1502,18402.0,11.9,0,0,0,M,20,A,D,D,E,C
1502,18403.0,11.0,0,0,0,M,20,B,D,D,E,C
1502,18404.0,10.9,0,0,0,M,20,B,D,D,E,C
1502,18405.0,18.3,30,0,25,M,20,B,D,D,E,D
1502,18406.0,4.8,50,0,20,M,20,B,D,E,E,E
1502,18407.0,33.2,30,0,0,M,20,B,D,E,F,E
1502,18408.0,3.0,10,0,0,M,20,B,D,E,F,F
1502,18409.0,11.0,25,70,10,M,20,D,F,F,F,G
3502,18410.0,22.0,0,25,5,F,20,A,A,A,A,A
3502,18411.0,4.4,0,0,0,F,20,A,A,A,B,A
3502,18412.0,12.2,20,0,0,F,20,A,A,A,B,A
3502,18413.0,32.9,0,30,0,F,20,A,A,B,B,A
3502,18414.0,25.1,0,0,0,F,20,A,A,B,B,A
3502,18415.0,22.7,90,10,0,F,20,A,A,B,B,A
3502,18416.0,8.9,20,25,0,F,20,A,A,B,B,A
3502,18417.0,15.5,0,0,0,F,20,A,A,B,B,A
3502,18418.0,12.7,25,35,15,F,20,A,A,B,B,A
3502,18419.0,15.9,25,5,40,F,20,A,A,B,B,A
3502,18420.0,12.0,0,0,0,F,20,A,A,B,B,A
3502,18421.0,10.9,0,0,0,F,20,A,A,B,C,A
3502,18422.0,24.2,0,0,0,F,20,A,A,C,C,A
3502,18423.0,9.5,0,10,0,F,20,A,A,C,C,A
3502,18424.0,4.2,0,0,0,F,20,A,A,C,C,A
3502,18425.0,5.6,0,0,0,F,20,A,B,C,C,A
3502,18426.0,10.9,0,0,0,F,20,A,B,C,D,A
3502,18427.0,22.4,0,10,0,F,20,A,B,C,D,A
3502,18428.0,9.2,35,5,0,F,20,A,B,C,D,B
3502,18429.0,21.5,0,15,0,F,20,A,C,C,D,B
3502,18430.0,10.9,0,0,0,F,20,A,C,C,D,B
3502,18431.0,4.4,30,30,0,F,20,A,D,C,D,B
3502,18432.0,11.9,0,0,0,F,20,A,D,C,D,B
3502,18433.0,15.2,0,0,0,M,20,A,D,C,D,B
3502,18434.0,20.5,30,0,10,M,20,A,D,C,D,B
3502,18435.0,3.0,10,0,0,M,20,A,D,D,D,B
3502,18436.0,14.5,40,0,40,M,20,A,D,D,D,B
3502,18437.0,15.0,0,0,0,M,20,A,D,D,D,B
3502,18438.0,22.0,0,15,0,M,20,A,D,D,D,B
3502,18439.0,11.1,10,0,0,M,20,A,D,D,D,B
3502,18440.0,7.5,0,45,10,M,20,A,D,D,D,B
3502,18441.0,4.8,0,0,0,M,20,A,D,D,D,B
3502,18442.0,15.0,0,0,0,M,20,A,D,D,D,B
3502,18443.0,16.5,25,0,45,M,20,A,D,D,D,B
3502,18444.0,15.6,0,0,0,M,20,A,D,D,D,B
3502,18445.0,11.1,0,0,0,M,20,A,D,D,D,B
3502,18446.0,7.5,0,0,0,M,20,A,D,D,D,B
3502,18447.0,7.5,0,0,0,M,20,A,D,D,D,C
3502,18448.0,15.0,0,0,0,M,20,A,D,D,D,C
3502,18449.0,15.3,30,90,30,M,20,A,D,D,D,C
3502,18450.0,15.9,0,0,0,M,20,A,D,D,D,C
3502,18451.0,13.5,0,0,0,M,20,B,D,D,E,C
3502,18452.0,13.7,0,0,0,M,20,B,D,D,E,C
3502,18453.0,0.0,0,0,0,M,20,B,D,E,E,C
3502,18454.0,3.0,0,0,0,M,20,B,D,E,E,D
3502,18455.0,15.0,0,0,0,M,20,B,D,E,E,D
3502,18456.0,5.8,25,10,0,M,20,B,D,E,E,D
3502,18457.0,7.5,40,0,0,M,20,B,D,E,E,D
3502,18458.0,15.0,0,5,0,M,20,B,D,E,F,D
3502,18459.0,3.4,10,0,0,M,20,B,D,E,F,D
3502,18460.0,15.9,0,0,0,M,20,B,D,E,F,E
3502,18461.0,2.6,5,0,10,M,20,B,D,E,F,E
3502,18462.0,15.0,0,0,0,M,20,C,D,E,F,E
3502,18463.0,16.5,20,20,30,M,20,E,D,F,F,F
3502,18464.0,10.9,0,25,0,M,20,E,F,F,F,F
3502,18465.0,21.0,0,0,40,M,20,,,,,
3502,18466.0,0.0,30,0,0,M,20,,,,,
3502,18467.0,13.5,0,0,0,M,20,,,,,
3502,18468.0,15.0,0,0,0,M,20,,,,,
1402,18469.0,7.5,0,0,0,F,20,A,A,A,B,A
1402,18470.0,19.8,10,20,0,F,20,A,A,A,B,A
1402,18471.0,12.7,50,0,50,F,20,A,A,B,B,A
1402,18472.0,15.0,0,0,0,F,20,A,D,B,C,A
1402,18473.0,11.1,0,0,0,F,20,A,D,B,C,A
1402,18474.0,3.6,20,50,10,F,20,A,D,C,C,B
1402,18475.0,12.9,20,70,5,F,20,A,D,C,C,B
1402,18476.0,0.0,30,45,0,F,20,A,D,C,C,B
1402,18477.0,15.0,0,0,0,F,20,A,D,C,C,B
1402,18478.0,2.4,0,60,0,F,20,A,D,C,D,B
1402,18479.0,11.3,0,0,0,F,20,A,D,C,D,B
1402,18480.0,26.4,20,0,55,M,20,A,D,D,D,B
1402,18481.0,15.0,60,15,5,M,20,A,D,D,D,B
1402,18482.0,10.5,10,15,10,M,20,A,D,D,D,B
1402,18483.0,21.0,0,30,10,M,20,A,D,D,D,B
1402,18484.0,2.4,15,0,0,M,20,B,D,D,D,B
1402,18485.0,17.7,50,0,10,M,20,B,D,D,D,D
1402,18486.0,15.0,0,5,0,M,20,B,D,D,D,D
1402,18487.0,15.0,0,0,0,M,20,B,D,E,D,E
1402,18488.0,16.0,0,45,15,M,20,B,D,E,E,E
1402,18489.0,14.1,0,0,0,M,20,B,F,E,E,E
1402,18490.0,0.0,0,0,0,M,20,B,F,E,F,F
1602,18491.0,0.0,0,0,0,F,20,A,A,A,B,A
1602,18492.0,10.6,10,10,15,F,20,A,A,B,B,A
1602,18493.0,11.1,20,0,0,F,20,A,A,B,B,A
1602,18494.0,26.2,0,0,0,F,20,A,A,B,B,A
1602,18495.0,27.1,0,0,0,F,20,A,A,B,B,A
1602,18496.0,13.5,25,0,0,F,20,A,A,C,B,A
1602,18497.0,2.0,10,0,10,F,20,A,A,C,B,A
1602,18498.0,30.8,0,50,0,F,20,A,A,C,C,A
1602,18499.0,4.0,10,0,0,F,20,A,A,D,D,A
1602,18500.0,11.5,0,0,0,F,20,A,A,D,D,A
1602,18501.0,8.8,0,20,0,F,20,A,A,D,D,A
1602,18502.0,5.0,0,0,0,F,20,A,A,D,D,A
1602,18503.0,0.0,0,0,0,F,20,A,B,D,D,B
1602,18504.0,25.1,0,15,0,F,20,A,B,D,D,B
1602,18505.0,0.0,0,15,20,F,20,A,D,D,D,B
1602,18506.0,25.0,40,0,50,F,20,A,D,D,D,B
1602,18507.0,1.0,0,5,0,F,20,A,D,D,D,B
1602,18508.0,21.8,0,20,0,F,20,A,D,D,D,B
1602,18509.0,10.3,30,0,10,F,20,A,D,D,D,B
1602,18510.0,26.2,0,0,0,F,20,A,D,D,D,B
1602,18511.0,16.0,0,0,0,F,20,A,D,D,D,B
1602,18512.0,0.0,0,0,0,F,20,A,D,D,D,B
1602,18513.0,4.6,0,45,0,F,20,A,D,D,D,B
1602,18514.0,16.0,0,0,0,F,20,A,D,D,D,B
1602,18515.0,0.0,0,0,0,F,20,A,D,D,D,C
1602,18516.0,0.0,0,0,0,F,20,A,D,D,E,C
1602,18517.0,23.8,30,0,0,F,20,A,D,E,E,C
1602,18518.0,11.5,0,0,0,F,20,A,D,E,E,C
1602,18519.0,2.8,0,45,15,F,20,A,D,E,E,C
1602,18520.0,18.1,50,0,10,F,20,A,D,E,F,D
1602,18521.0,15.4,50,15,10,M,20,B,D,F,F,D
1602,18522.0,16.0,0,0,0,M,20,B,D,F,F,D
1602,18523.0,9.2,0,15,0,M,20,B,D,F,F,E
1602,18524.0,16.0,0,0,0,M,20,E,E,F,F,E
2402,18525.0,4.0,0,50,0,F,20,A,A,A,B,A
2402,18526.0,0.0,0,0,0,F,20,A,A,A,B,A
2402,18527.0,3.6,10,60,15,F,20,A,A,A,B,A
2402,18528.0,20.4,50,60,10,F,20,A,A,A,B,A
2402,18529.0,4.2,40,35,5,F,20,A,A,A,B,A
2402,18530.0,16.1,0,0,0,F,20,A,A,B,B,A
2402,18531.0,0.0,35,0,0,F,20,A,A,B,B,A
2402,18532.0,11.1,5,0,0,F,20,A,A,B,B,A
2402,18533.0,16.9,30,25,0,F,20,A,A,B,B,A
2402,18534.0,14.9,10,0,0,F,20,A,A,B,B,A
2402,18535.0,26.3,0,0,20,F,20,A,A,B,B,A
2402,18536.0,16.6,20,30,25,F,20,A,A,B,C,A
2402,18537.0,16.4,0,0,0,F,20,A,A,B,C,A
2402,18538.0,7.5,0,30,0,F,20,A,A,B,C,A
2402,18539.0,35.0,0,0,25,F,20,A,A,B,C,A
2402,18540.0,34.3,0,30,0,F,20,A,A,B,C,A
2402,18541.0,21.4,0,25,10,F,20,A,A,B,C,A
2402,18542.0,14.5,0,0,0,F,20,A,A,B,C,A
2402,18543.0,26.4,0,0,0,F,20,A,A,B,C,A
2402,18544.0,11.9,0,0,0,F,20,A,A,C,C,A
2402,18545.0,11.9,0,0,0,F,20,A,A,C,C,A
2402,18546.0,11.9,0,0,0,F,20,A,A,C,C,A
2402,18547.0,16.4,30,45,0,F,20,A,A,C,D,A
2402,18548.0,23.6,0,25,0,F,20,A,B,C,D,A
2402,18549.0,14.3,0,0,0,F,20,A,B,C,D,A
2402,18550.0,22.6,40,0,0,F,20,A,B,C,D,A
2402,18551.0,2.4,20,0,0,F,20,A,B,D,D,B
2402,18552.0,3.0,0,60,0,F,20,A,B,D,D,B
2402,18553.0,24.5,5,15,0,F,20,A,D,D,D,B
2402,18554.0,10.5,10,0,0,F,20,A,D,D,D,B
2402,18555.0,15.0,0,0,10,F,20,A,D,D,D,B
2402,18556.0,12.1,15,0,15,F,20,A,D,D,D,B
2402,18557.0,16.6,0,0,0,F,20,A,D,D,D,B
2402,18558.0,4.4,30,50,0,F,20,A,D,D,D,B
2402,18559.0,16.1,50,0,30,F,20,A,D,D,D,B
2402,18560.0,7.5,45,15,0,F,20,A,D,D,D,B
2402,18561.0,13.3,0,0,0,F,20,A,D,D,D,B
2402,18562.0,7.5,0,30,0,F,20,A,D,D,D,B
2402,18563.0,2.0,0,0,0,F,20,A,D,D,D,B
2402,18564.0,7.5,0,30,0,F,20,A,D,D,D,B
2402,18565.0,14.5,0,0,0,M,20,A,D,D,D,B
2402,18566.0,7.5,0,30,0,M,20,A,D,D,D,B
2402,18567.0,9.5,0,25,0,M,20,A,D,D,D,B
2402,18568.0,9.5,0,25,0,M,20,A,D,D,D,B
2402,18569.0,16.7,30,40,5,M,20,A,D,D,D,B
2402,18570.0,17.5,0,0,0,M,20,A,D,D,D,B
2402,18571.0,15.2,20,0,0,M,20,A,D,D,D,B
2402,18572.0,25.4,0,0,0,M,20,A,D,D,D,B
2402,18573.0,12.1,0,30,0,M,20,A,D,D,D,B
2402,18574.0,25.2,0,0,0,M,20,A,D,D,D,C
2402,18575.0,15.0,10,0,0,M,20,A,D,D,D,C
2402,18576.0,15.0,0,0,10,M,20,A,D,D,D,C
2402,18577.0,8.5,0,45,10,M,20,A,D,D,E,C
2402,18578.0,15.0,0,0,0,M,20,A,D,D,E,C
2402,18579.0,7.5,0,0,0,M,20,A,D,D,E,C
2402,18580.0,15.0,0,0,0,M,20,A,D,D,E,C
2402,18581.0,23.1,0,10,10,M,20,A,D,D,E,C
2402,18582.0,7.5,0,0,0,M,20,A,D,E,E,C
2402,18583.0,14.9,0,0,0,M,20,A,D,E,E,C
2402,18584.0,7.5,0,0,0,M,20,A,D,E,E,C
2402,18585.0,15.0,0,0,0,M,20,A,D,E,E,D
2402,18586.0,15.0,0,0,0,M,20,A,D,E,E,D
2402,18587.0,15.0,0,0,0,M,20,A,D,E,F,D
2402,18588.0,14.7,0,0,0,M,20,A,D,E,F,D
2402,18589.0,15.0,0,0,0,M,20,A,D,E,F,D
2402,18590.0,15.0,0,0,0,M,20,A,D,E,F,D
2402,18591.0,15.0,0,0,0,M,20,B,D,E,F,D
2402,18592.0,15.0,0,0,15,M,20,B,D,E,F,E
2402,18593.0,15.0,0,0,0,M,20,B,D,E,F,E
2402,18594.0,15.0,0,0,0,M,20,B,D,E,F,E
2402,18595.0,15.0,0,0,0,M,20,B,D,E,F,E
2402,18596.0,15.0,0,0,0,M,20,B,E,E,F,E
2402,18597.0,15.0,0,0,0,M,20,C,E,F,F,E
2402,18598.0,16.9,30,35,10,M,20,E,E,F,F,E
2402,18599.0,14.7,0,0,0,M,20,E,E,F,F,E
2402,18600.0,7.5,0,0,0,M,20,E,F,F,F,F
2402,18601.0,18.0,0,0,0,M,20,E,F,F,F,F
2402,18602.0,15.0,0,0,0,M,20,E,F,F,F,F
2402,18603.0,9.5,20,30,0,M,20,,,,,
2402,18604.0,28.1,0,0,0,M,20,,,,,
3002,18605.0,15.0,0,0,0,F,20,A,A,A,A,A
3002,18606.0,7.0,70,65,5,F,20,A,A,A,A,A
3002,18607.0,7.5,0,0,0,F,20,A,A,A,B,A
3002,18608.0,7.5,0,0,0,F,20,A,A,A,B,A
3002,18609.0,15.0,0,0,0,F,20,A,A,A,B,A
3002,18610.0,16.0,0,0,0,F,20,A,A,B,B,A
3002,18611.0,0.0,30,0,10,F,20,A,A,B,B,A
3002,18612.0,4.8,80,0,0,F,20,A,A,B,B,A
3002,18613.0,0.0,15,25,0,F,20,A,A,B,C,A
3002,18614.0,11.1,0,25,0,F,20,A,B,B,C,A
3002,18615.0,31.2,45,0,10,F,20,A,B,B,C,A
3002,18616.0,7.0,30,35,0,F,20,A,B,B,C,A
3002,18617.0,2.6,50,15,0,F,20,A,B,B,C,A
3002,18618.0,13.2,0,10,15,F,20,A,B,B,C,A
3002,18619.0,15.0,0,0,0,F,20,A,C,C,C,A
3002,18620.0,15.0,0,0,0,M,20,A,C,C,C,A
3002,18621.0,15.0,0,0,0,M,20,A,D,C,C,A
3002,18622.0,16.0,0,0,0,M,20,A,D,C,C,A
3002,18623.0,26.4,0,0,10,M,20,A,D,C,D,A
3002,18624.0,14.9,0,0,0,M,20,A,D,C,D,B
3002,18625.0,15.0,0,0,0,M,20,A,D,C,D,B
3002,18626.0,10.9,30,5,5,M,20,A,D,C,D,B
3002,18627.0,15.0,0,0,0,M,20,A,D,C,D,B
3002,18628.0,39.2,0,0,0,M,20,A,D,D,D,B
3002,18629.0,7.2,20,15,30,M,20,A,D,D,D,B
3002,18630.0,14.7,0,0,0,M,20,A,D,D,D,B
3002,18631.0,26.9,0,0,0,M,20,A,D,D,D,B
3002,18632.0,15.0,0,0,0,M,20,A,D,D,D,B
3002,18633.0,0.0,50,0,0,M,20,A,D,D,D,B
3002,18634.0,16.0,0,0,0,M,20,A,D,D,D,B
3002,18635.0,15.0,0,0,0,M,20,A,D,D,D,B
3002,18636.0,11.1,15,15,10,M,20,A,D,D,E,B
3002,18637.0,15.0,0,10,5,M,20,A,D,D,E,B
3002,18638.0,6.4,15,45,10,M,20,A,D,D,E,C
3002,18639.0,10.5,50,0,0,M,20,B,D,D,E,C
3002,18640.0,5.4,0,45,0,M,20,B,D,D,E,C
3002,18641.0,2.6,0,0,0,M,20,B,D,D,E,D
3002,18642.0,9.6,0,45,5,M,20,B,D,D,E,D
3002,18643.0,7.5,0,0,0,M,20,B,D,D,E,D
3002,18644.0,15.0,0,0,0,M,20,B,D,D,F,E
3002,18645.0,13.5,10,0,0,M,20,B,D,E,F,E
3002,18646.0,17.0,0,0,0,M,20,C,E,F,F,E
3002,18647.0,9.5,10,30,10,M,20,E,E,F,F,F
3002,18648.0,2.6,0,0,0,M,20,,,,,
5401,18649.0,15.0,0,0,0,F,20,A,A,A,A,A
5401,18650.0,15.0,0,0,0,F,20,A,A,A,A,A
5401,18651.0,15.0,0,0,0,F,20,A,A,B,B,A
5401,18652.0,15.0,0,0,0,F,20,A,A,B,B,A
5401,18653.0,15.0,0,0,0,F,20,A,A,B,B,A
5401,18654.0,14.4,80,10,0,F,20,A,A,B,C,A
5401,18655.0,6.6,40,20,10,F,20,A,A,C,C,A
5401,18656.0,1.4,5,25,0,F,20,A,B,C,C,B
5401,18657.0,15.0,0,15,0,F,20,A,B,D,C,B
5401,18658.0,7.5,0,0,0,F,20,A,B,D,D,B
5401,18659.0,14.9,0,0,0,F,20,A,B,D,D,B
5401,18660.0,27.1,0,0,0,F,20,A,D,D,D,B
5401,18661.0,16.6,0,0,0,F,20,A,D,D,D,B
5401,18662.0,12.7,0,0,0,F,20,A,D,D,D,B
5401,18663.0,9.9,20,20,10,F,20,A,D,D,D,B
5401,18664.0,7.5,0,0,65,F,20,A,D,D,D,B
5401,18665.0,15.1,0,0,0,M,20,A,D,D,D,B
5401,18666.0,6.4,0,0,0,M,20,A,D,D,D,B
5401,18667.0,27.0,10,0,0,M,20,A,D,D,D,C
5401,18668.0,15.1,0,0,0,M,20,B,D,E,D,D
5401,18669.0,6.0,0,45,0,M,20,B,D,E,E,D
5401,18670.0,20.2,0,25,15,M,20,B,D,E,E,D
5401,18671.0,8.5,25,0,40,M,20,B,D,E,E,D
5401,18672.0,12.9,0,0,0,M,20,B,D,E,E,E
5401,18673.0,7.5,0,35,0,M,20,B,F,F,F,E
5401,18674.0,1.0,0,0,0,M,20,D,F,F,F,E
5401,18675.0,20.8,40,10,0,M,20,E,F,F,F,F
3502,18676.0,13.9,20,0,5,F,20,A,A,B,B,A
3502,18677.0,25.1,25,0,0,F,20,A,A,B,B,A
3502,18678.0,7.5,0,35,0,F,20,A,A,B,B,A
3502,18679.0,14.1,0,0,0,F,20,A,A,B,B,A
3502,18680.0,6.4,50,20,5,F,20,A,A,B,C,A
3502,18681.0,16.0,0,0,10,F,20,A,A,B,C,A
3502,18682.0,26.1,0,0,0,F,20,A,A,B,C,A
3502,18683.0,32.5,30,15,0,F,20,A,A,B,C,A
3502,18684.0,10.7,30,5,10,F,20,A,A,B,C,A
3502,18685.0,22.5,30,10,0,F,20,A,B,B,C,A
3502,18686.0,1.0,25,0,10,F,20,A,B,C,C,A
3502,18687.0,14.1,0,0,0,F,20,A,B,C,C,A
3502,18688.0,4.0,90,35,40,F,20,A,B,C,C,A
3502,18689.0,15.3,0,0,0,F,20,A,B,C,C,A
3502,18690.0,14.9,30,20,40,F,20,A,B,C,C,A
3502,18691.0,0.0,0,0,10,F,20,A,B,C,D,A
3502,18692.0,8.2,30,30,0,F,20,A,B,C,D,A
3502,18693.0,11.9,20,15,0,F,20,A,B,C,D,A
3502,18694.0,1.6,20,0,10,F,20,A,B,C,D,A
3502,18695.0,10.9,35,0,10,M,20,A,C,C,D,A
3502,18696.0,6.8,55,80,10,M,20,A,C,C,D,A
3502,18697.0,6.8,40,10,20,M,20,A,D,C,D,B
3502,18698.0,16.0,30,45,10,M,20,A,D,C,D,B
3502,18699.0,4.0,0,5,10,M,20,A,D,C,D,B
3502,18700.0,24.9,10,15,0,M,20,A,D,C,D,B
3502,18701.0,11.5,0,40,0,M,20,A,D,C,D,B
3502,18702.0,15.5,15,60,15,M,20,A,D,D,D,B
3502,18703.0,13.1,10,0,20,M,20,A,D,D,D,B
3502,18704.0,4.6,0,5,10,M,20,A,D,D,D,B
3502,18705.0,1.6,0,0,0,M,20,A,D,D,D,B
3502,18706.0,5.0,0,0,0,M,20,A,D,D,D,B
3502,18707.0,14.0,0,10,0,M,20,A,D,D,D,B
3502,18708.0,25.4,30,15,50,M,20,A,D,D,D,B
3502,18709.0,5.8,40,35,80,M,20,A,D,D,E,C
3502,18710.0,8.2,0,0,0,M,20,A,D,D,E,C
3502,18711.0,18.2,65,0,0,M,20,A,D,D,E,C
3502,18712.0,11.7,0,0,10,M,20,A,D,D,E,C
3502,18713.0,11.9,25,5,10,M,20,A,D,D,E,C
3502,18714.0,16.2,80,5,0,M,20,A,D,D,E,C
3502,18715.0,25.2,0,25,0,M,20,A,D,D,E,C
3502,18716.0,14.9,15,0,5,M,20,A,D,D,E,C
3502,18717.0,10.3,20,30,0,M,20,A,D,D,E,C
3502,18718.0,13.7,0,15,0,M,20,A,D,D,E,C
3502,18719.0,26.5,0,0,0,M,20,A,D,D,E,C
3502,18720.0,11.7,40,0,0,M,20,A,D,D,E,C
3502,18721.0,13.9,30,30,40,M,20,A,D,E,E,C
3502,18722.0,21.2,0,40,10,M,20,B,D,E,E,C
3502,18723.0,14.7,40,15,40,M,20,B,D,E,E,C
3502,18724.0,5.8,50,5,25,M,20,B,D,E,E,C
3502,18725.0,7.5,75,0,0,M,20,B,D,E,F,D
3502,18726.0,12.1,0,15,0,M,20,C,D,E,F,D
3502,18727.0,14.3,10,0,15,M,20,E,D,E,F,D
3502,18728.0,8.9,0,30,0,M,20,E,F,F,F,E
3502,18729.0,27.1,0,0,0,M,20,E,F,F,F,E
3502,18730.0,23.4,0,20,0,M,20,,,,,
3502,18731.0,6.6,0,0,0,M,20,,,,,
3502,18732.0,3.4,0,0,0,M,20,,,,,
3502,18733.0,16.7,0,0,0,M,20,,,,,
3502,18734.0,0.0,0,0,0,M,20,,,,,
3502,18735.0,8.6,0,0,0,M,20,,,,,
3502,18736.0,10.2,30,30,0,M,20,,,,,
3502,18737.0,15.0,0,0,0,M,20,,,,,
3502,18738.0,0.0,0,0,0,M,20,,,,,
3502,18739.0,0.0,0,0,0,M,20,,,,,
3502,18740.0,15.0,0,0,0,M,20,,,,,
3502,18741.0,15.0,50,0,45,M,20,,,,,
3502,18742.0,15.0,0,0,0,M,20,,,,,
2402,18743.0,3.6,0,0,0,F,20,A,A,A,A,A
2402,18744.0,22.5,50,0,70,F,20,A,A,A,A,A
2402,18745.0,0.0,70,50,0,F,20,A,A,A,A,A
2402,18746.0,15.0,0,0,20,F,20,A,A,A,A,A
2402,18747.0,15.0,0,0,0,F,20,A,A,B,B,A
2402,18748.0,7.5,10,60,0,F,20,A,A,B,B,A
2402,18749.0,14.5,0,0,25,F,20,A,A,B,B,A
2402,18750.0,17.8,0,30,30,F,20,A,A,B,B,A
2402,18751.0,26.7,0,0,0,F,20,A,A,B,B,A
2402,18752.0,0.0,0,0,0,F,20,A,A,B,B,A
2402,18753.0,0.0,0,25,0,F,20,A,A,B,B,A
2402,18754.0,0.0,0,0,0,F,20,A,A,B,B,A
2402,18755.0,11.5,50,0,0,F,20,A,A,B,C,A
2402,18756.0,17.4,0,0,0,F,20,A,A,B,C,A
2402,18757.0,9.9,0,0,0,F,20,A,B,B,C,A
2402,18758.0,16.0,0,0,0,F,20,A,B,B,C,B
2402,18759.0,15.0,0,0,0,F,20,A,B,C,C,B
2402,18760.0,11.4,40,60,25,F,20,A,B,C,C,B
2402,18761.0,15.0,0,0,0,F,20,A,B,C,C,B
2402,18762.0,0.0,0,0,0,F,20,A,B,C,D,B
2402,18763.0,12.4,0,0,15,F,20,A,B,C,D,B
2402,18764.0,13.3,0,0,25,F,20,A,B,C,D,B
2402,18765.0,27.9,0,0,0,F,20,A,C,C,D,B
2402,18766.0,18.0,0,0,0,F,20,A,C,C,D,B
2402,18767.0,15.0,20,0,0,F,20,A,D,D,D,B
2402,18768.0,15.0,20,0,0,F,20,A,D,D,D,B
2402,18769.0,4.2,20,0,0,F,20,A,D,D,D,B
2402,18770.0,0.0,0,0,0,F,20,A,D,D,D,B
2402,18771.0,0.0,0,0,0,F,20,A,D,D,D,B
2402,18772.0,0.0,0,0,0,F,20,A,D,D,D,B
2402,18773.0,0.0,0,0,0,F,20,A,D,D,D,B
2402,18774.0,15.0,0,0,0,F,20,A,D,D,D,B
2402,18775.0,0.0,0,0,0,F,20,A,D,D,D,B
2402,18776.0,0.0,0,0,0,F,20,A,D,D,D,B
2402,18777.0,15.0,0,0,0,F,20,A,D,D,D,B
2402,18778.0,0.0,0,0,0,F,20,A,D,D,D,B
2402,18779.0,0.0,0,0,0,F,20,A,D,D,D,B
2402,18780.0,22.5,0,45,0,F,20,A,D,D,D,B
2402,18781.0,15.0,0,0,0,M,20,A,D,E,E,C
2402,18782.0,0.0,0,0,0,M,20,A,D,E,E,D
2402,18783.0,0.0,0,0,0,M,20,A,D,E,E,D
2402,18784.0,0.0,0,0,0,M,20,B,D,E,E,D
2402,18785.0,3.6,0,0,0,M,20,B,D,E,E,D
2402,18786.0,16.0,0,0,0,M,20,B,D,E,E,D
2402,18787.0,0.0,0,0,0,M,20,B,D,E,E,E
2402,18788.0,14.1,0,15,0,M,20,B,F,F,F,E
2402,18789.0,0.0,0,0,0,M,20,C,F,F,F,E
2402,18790.0,19.2,0,0,0,M,20,E,F,F,F,F
2402,18791.0,0.0,0,0,0,M,20,,,,,
2402,18792.0,0.0,0,0,0,M,20,,,,,
2402,18793.0,0.0,0,0,0,M,20,,,,,
2402,18794.0,0.0,0,0,0,M,20,,,,,
2402,18795.0,0.0,0,0,0,M,20,,,,,
2402,18796.0,15.0,0,0,0,M,20,,,,,
2402,18797.0,0.0,0,0,0,M,20,,,,,
2402,18798.0,0.0,0,0,0,M,20,,,,,
2402,18799.0,0.0,0,0,0,M,20,,,,,
2402,18800.0,0.0,0,0,0,M,20,,,,,
2402,18801.0,16.0,0,0,0,M,20,,,,,
2402,18802.0,0.0,0,0,0,M,20,,,,,
2402,18803.0,15.0,15,5,0,M,20,,,,,
2402,18804.0,9.1,20,0,40,M,20,,,,,
2402,18805.0,9.2,45,75,15,M,20,,,,,
2402,18806.0,6.0,0,0,10,M,20,,,,,
2402,18807.0,17.0,40,45,70,M,20,,,,,
2402,18808.0,7.5,0,0,0,M,20,,,,,
2402,18809.0,7.5,0,0,0,M,20,,,,,
2402,18810.0,7.5,0,0,0,M,20,,,,,
2402,18811.0,17.5,0,0,0,M,20,,,,,
2402,18812.0,7.5,0,0,0,M,20,,,,,
2402,18813.0,7.5,0,0,0,M,20,,,,,
2402,18814.0,7.5,0,0,0,M,20,,,,,
2402,18815.0,20.7,20,0,40,M,20,,,,,
2402,18816.0,7.5,0,0,0,M,20,,,,,
2402,18817.0,7.5,0,0,0,M,20,,,,,
2402,18818.0,16.4,0,0,0,M,20,,,,,
2402,18819.0,19.3,0,0,0,M,20,,,,,
2402,18820.0,7.5,0,0,0,M,20,,,,,
2402,18821.0,0.0,10,0,40,M,20,,,,,
2402,18822.0,7.5,0,0,0,M,20,,,,,
2402,18823.0,7.5,0,0,0,M,20,,,,,
2402,18824.0,7.5,0,0,0,M,20,,,,,
2402,18825.0,7.5,0,0,0,M,20,,,,,
2402,18826.0,7.5,0,0,0,M,20,,,,,
2402,18827.0,7.5,0,0,0,M,20,,,,,
2402,18828.0,7.5,30,0,45,M,20,,,,,
2402,18829.0,7.5,50,0,30,M,20,,,,,
2402,18830.0,7.5,0,0,0,M,20,,,,,
2402,18831.0,7.5,0,0,0,M,20,,,,,
2402,18832.0,7.5,0,0,0,M,20,,,,,
2402,18833.0,7.5,0,0,0,M,20,,,,,
3002,18834.0,13.9,0,0,0,F,20,A,A,A,A,A
3002,18835.0,6.4,0,50,0,F,20,A,A,A,A,A
3002,18836.0,9.5,0,50,10,F,20,A,A,A,A,A
3002,18837.0,6.4,0,10,0,F,20,A,A,A,A,A
3002,18838.0,7.5,0,0,0,F,20,A,A,A,A,A
3002,18839.0,7.5,0,0,0,F,20,A,A,A,A,A
3002,18840.0,0.0,0,0,0,F,20,A,A,A,B,A
3002,18841.0,7.5,0,0,0,F,20,A,A,B,B,A
3002,18842.0,7.5,0,0,0,F,20,A,A,B,B,A
3002,18843.0,7.5,0,0,0,F,20,A,A,B,B,A
3002,18844.0,7.5,0,0,0,F,20,A,A,B,B,A
3002,18845.0,17.6,0,0,0,F,20,A,B,B,B,A
3002,18846.0,16.8,50,90,20,F,20,A,B,B,B,A
3002,18847.0,7.5,0,0,0,F,20,A,B,B,B,A
3002,18848.0,9.1,10,0,0,F,20,A,B,B,B,A
3002,18849.0,27.4,30,25,35,F,20,A,B,B,C,A
3002,18850.0,0.0,0,0,0,F,20,A,B,B,C,A
3002,18851.0,7.5,0,0,0,F,20,A,B,B,C,A
3002,18852.0,12.7,50,60,0,F,20,A,B,B,C,A
3002,18853.0,0.0,0,0,0,F,20,A,C,B,C,A
3002,18854.0,7.5,0,0,0,F,20,A,C,B,C,A
3002,18855.0,7.5,0,0,0,F,20,A,C,B,C,A
3002,18856.0,7.5,0,0,0,F,20,A,D,B,C,A
3002,18857.0,7.5,0,0,0,F,20,A,D,B,C,A
3002,18858.0,7.5,0,0,0,F,20,A,D,C,C,A
3002,18859.0,7.5,0,0,0,F,20,A,D,C,C,A
3002,18860.0,7.5,0,0,0,F,20,A,D,C,C,A
3002,18861.0,7.5,0,0,0,F,20,A,D,C,C,A
3002,18862.0,7.5,0,0,0,F,20,A,D,C,C,A
3002,18863.0,14.3,15,0,0,M,20,A,D,C,D,A
3002,18864.0,7.5,0,0,0,M,20,A,D,C,D,B
3002,18865.0,7.5,0,0,0,M,20,A,D,C,D,B
3002,18866.0,7.5,0,0,0,M,20,A,D,D,D,B
3002,18867.0,7.5,0,0,0,M,20,A,D,D,D,B
3002,18868.0,7.5,0,0,0,M,20,A,D,D,D,B
3002,18869.0,17.0,10,0,0,M,20,A,D,D,D,B
3002,18870.0,7.5,0,0,0,M,20,A,D,D,D,B
3002,18871.0,17.5,25,55,0,M,20,A,D,D,D,B
3002,18872.0,7.5,0,0,0,M,20,A,D,D,D,B
3002,18873.0,7.5,0,0,0,M,20,A,D,D,D,B
3002,18874.0,7.5,0,0,0,M,20,A,D,D,D,B
3002,18875.0,7.5,0,0,0,M,20,A,D,D,D,B
3002,18876.0,7.5,0,0,0,M,20,A,D,D,D,B
3002,18877.0,7.5,0,0,0,M,20,A,D,D,D,B
3002,18878.0,3.0,20,0,10,M,20,A,D,D,D,B
3002,18879.0,7.5,0,0,0,M,20,A,D,D,D,B
3002,18880.0,7.5,0,0,0,M,20,A,D,D,D,B
3002,18881.0,7.5,0,0,0,M,20,A,D,D,D,B
3002,18882.0,7.5,0,0,0,M,20,A,D,D,D,B
3002,18883.0,7.5,0,0,0,M,20,A,D,D,D,B
3002,18884.0,7.5,0,0,0,M,20,A,D,D,D,B
3002,18885.0,0.0,30,0,20,M,20,A,D,D,D,B
3002,18886.0,7.5,0,0,0,M,20,B,D,D,D,B
3002,18887.0,7.5,0,0,0,M,20,B,D,D,D,B
3002,18888.0,0.0,10,30,10,M,20,B,D,D,D,B
3002,18889.0,18.4,0,0,0,M,20,B,D,D,D,B
3002,18890.0,7.5,0,0,0,M,20,B,D,D,D,B
3002,18891.0,7.5,0,0,0,M,20,B,D,D,D,C
3202,18892.0,9.5,30,0,0,F,20,A,A,A,A,A
3202,18893.0,7.5,0,0,0,F,20,A,A,B,B,A
3202,18894.0,7.4,0,0,0,F,20,A,A,B,B,A
3202,18895.0,7.5,0,0,0,F,20,A,A,B,B,A
3202,18896.0,7.5,0,0,0,F,20,A,A,B,B,A
3202,18897.0,7.5,0,0,0,F,20,A,B,B,B,A
3202,18898.0,7.5,0,0,0,F,20,A,B,B,B,A
3202,18899.0,9.5,10,20,30,F,20,A,B,B,B,A
3202,18900.0,7.5,0,0,0,F,20,A,B,B,C,A
3202,18901.0,7.5,0,0,0,F,20,A,B,B,C,A
3202,18902.0,7.5,0,0,0,F,20,A,D,C,D,A
3202,18903.0,22.2,10,25,15,F,20,A,D,C,D,A
3202,18904.0,7.5,0,0,0,F,20,A,D,C,D,B
3202,18905.0,7.5,50,5,20,M,20,A,D,C,D,B
3202,18906.0,7.5,0,0,0,M,20,A,D,C,D,B
3202,18907.0,7.5,0,0,0,M,20,A,D,C,D,B
3202,18908.0,15.3,50,30,0,M,20,,,,,
3202,18909.0,7.5,0,0,0,M,20,,,,,
3202,18910.0,7.5,0,0,0,M,20,,,,,
5401,18911.0,7.5,0,0,0,F,20,A,A,A,C,A
5401,18912.0,7.5,0,0,0,F,20,A,A,B,C,B
5401,18913.0,23.5,20,15,5,F,20,A,A,B,D,B
5401,18914.0,7.5,0,0,0,F,20,A,A,C,D,B
5401,18915.0,7.5,0,0,0,F,20,A,B,C,D,B
5401,18916.0,7.5,0,0,0,F,20,A,D,D,D,B
5401,18917.0,7.5,0,0,0,F,20,A,D,D,D,B
5401,18918.0,7.5,20,40,15,F,20,A,D,D,D,C
5401,18919.0,7.5,0,0,0,F,20,A,D,D,D,D
5401,18920.0,7.5,0,0,0,F,20,A,D,D,D,D
4004,18921.0,7.5,0,0,0,M,20,A,A,B,D,B
4004,18922.0,7.5,0,0,0,M,20,A,A,C,D,B
4004,18923.0,7.5,0,0,0,M,20,A,A,C,D,B
4004,18924.0,7.5,0,0,0,M,20,A,A,C,D,B
4004,18925.0,7.5,0,0,0,M,20,A,A,C,D,B
4004,18926.0,7.5,0,0,0,M,20,A,A,C,D,B
4004,18927.0,7.5,0,0,0,M,20,A,A,D,D,B
4004,18928.0,7.5,0,0,0,M,20,A,A,D,D,B
4004,18929.0,7.5,0,0,0,M,20,A,A,D,D,B
4004,18930.0,7.5,0,0,0,M,20,A,A,D,D,B
4004,18931.0,7.5,0,0,0,M,20,A,A,D,D,B
4004,18932.0,7.5,0,0,0,M,20,A,B,D,D,B
4004,18933.0,7.5,0,0,0,M,20,A,B,D,D,B
4004,18934.0,8.5,20,30,15,M,20,A,B,D,D,B
4004,18935.0,7.5,0,0,0,M,20,A,B,D,D,C
4004,18936.0,7.5,0,0,0,M,20,A,D,D,D,C
4004,18937.0,0.0,0,0,0,M,20,A,D,D,D,C
4004,18938.0,7.5,0,0,0,M,20,A,D,D,E,C
4004,18939.0,4.4,0,0,0,M,20,A,D,D,E,C
4004,18940.0,18.0,0,0,0,M,20,A,D,D,E,D
4004,18941.0,13.1,30,0,10,M,20,A,D,D,E,D
4004,18942.0,1.6,0,20,0,M,20,A,D,E,E,D
4004,18943.0,1.0,0,0,0,M,20,A,D,E,E,E
4004,18944.0,17.0,0,0,0,M,20,A,D,E,E,E
4004,18945.0,10.1,50,10,0,M,20,A,D,E,E,E
4004,18946.0,12.7,30,0,25,M,20,A,D,E,E,E
4004,18947.0,17.0,0,0,0,M,20,A,D,E,E,E
4004,18948.0,4.6,0,0,0,M,20,A,D,E,F,E
4004,18949.0,35.6,0,35,0,M,20,A,D,E,F,E
4004,18950.0,17.0,0,0,0,M,20,A,D,E,F,E
4004,18951.0,17.0,0,0,0,M,20,A,D,E,F,E
4004,18952.0,15.5,10,15,0,M,20,A,D,E,F,F
4004,18953.0,20.0,0,0,0,M,20,B,D,F,F,F
4004,18954.0,7.8,10,0,0,M,20,B,D,F,F,F
4004,18955.0,28.9,0,0,0,M,20,B,E,F,F,F
4004,18956.0,3.4,0,0,30,M,20,E,F,F,F,G
1501,18957.0,35.2,25,15,0,F,20,A,A,A,B,A
1501,18958.0,8.0,0,0,0,F,20,A,A,A,B,A
1501,18959.0,24.0,0,35,5,F,20,A,A,A,B,A
1501,18960.0,4.4,10,15,0,F,20,A,A,B,B,A
1501,18961.0,30.0,0,0,0,F,20,A,A,B,C,A
1501,18962.0,7.5,0,45,0,F,20,A,A,B,C,A
1501,18963.0,9.5,0,0,0,F,20,A,A,B,D,A
1501,18964.0,17.1,0,0,25,F,20,A,B,B,D,A
1501,18965.0,6.8,30,50,0,F,20,A,B,B,D,A
1501,18966.0,30.0,0,0,0,F,20,A,B,C,D,A
1501,18967.0,13.5,90,0,20,F,20,A,B,D,D,B
1501,18968.0,3.2,100,0,5,F,20,A,B,D,D,B
1501,18969.0,14.5,0,0,0,F,20,A,D,D,D,B
1501,18970.0,1.0,0,0,0,F,20,A,D,D,D,B
1501,18971.0,7.5,0,45,0,F,20,A,D,D,D,B
1501,18972.0,17.0,0,0,0,F,20,A,D,D,D,B
1501,18973.0,13.7,0,20,0,F,20,A,D,D,D,B
1501,18974.0,1.0,0,0,0,M,20,A,D,D,D,B
1501,18975.0,14.3,0,0,0,M,20,A,D,D,D,B
1501,18976.0,23.6,25,20,0,M,20,A,D,D,D,B
1501,18977.0,16.1,75,0,0,M,20,A,D,D,D,B
1501,18978.0,12.5,50,50,0,M,20,A,D,D,D,C
1501,18979.0,1.0,0,0,0,M,20,A,D,D,E,C
1501,18980.0,7.5,0,45,0,M,20,A,D,D,E,C
1501,18981.0,14.1,0,10,0,M,20,A,D,E,F,C
1501,18982.0,18.8,0,0,0,M,20,B,D,E,F,C
1501,18983.0,30.0,0,0,0,M,20,E,F,E,F,F
1501,18984.0,11.3,10,30,10,M,20,,,,,
1601,18985.0,29.9,0,0,0,F,20,A,A,B,B,A
1601,18986.0,17.0,0,0,0,F,20,A,A,C,B,A
1601,18987.0,3.2,20,0,10,F,20,A,A,C,C,A
1601,18988.0,17.0,15,0,0,F,20,A,A,C,C,A
1601,18989.0,4.0,20,60,20,F,20,A,A,C,C,A
1601,18990.0,3.2,30,0,0,F,20,A,A,C,C,B
1601,18991.0,15.0,0,0,0,F,20,A,A,C,D,B
1601,18992.0,12.3,0,25,0,F,20,A,A,D,D,B
1601,18993.0,15.0,0,0,0,F,20,A,B,D,D,B
1601,18994.0,7.0,0,40,20,F,20,A,B,D,D,B
1601,18995.0,24.5,10,20,10,F,20,A,B,D,D,B
1601,18996.0,11.3,30,20,5,F,20,A,D,D,D,B
1601,18997.0,15.0,0,0,0,M,20,A,D,D,D,C
1601,18998.0,4.8,0,0,0,M,20,A,D,D,D,C
1601,18999.0,15.7,70,20,0,M,20,A,D,D,E,C
1601,19000.0,14.3,0,20,0,M,20,A,D,E,E,D
1601,19001.0,15.0,0,0,0,M,20,A,D,E,E,E
2402,19002.0,17.1,0,0,0,F,20,A,A,D,D,B
2402,19003.0,15.0,0,0,0,F,20,A,A,D,D,B
2402,19004.0,15.0,0,0,0,F,20,A,A,D,D,B
2402,19005.0,5.0,0,0,0,F,20,A,A,D,D,C
2402,19006.0,15.0,0,0,0,M,20,A,A,D,D,C
2402,19007.0,3.8,20,5,5,M,20,A,A,D,D,C
2402,19008.0,7.5,5,0,0,M,20,A,A,E,E,C
2402,19009.0,33.6,25,30,0,M,20,A,A,E,E,C
2402,19010.0,3.6,30,0,0,M,25,A,B,E,E,C
904,19011.0,15.0,0,0,0,F,20,A,A,B,B,A
904,19012.0,15.0,0,0,0,F,20,A,A,B,B,A
904,19013.0,15.0,0,0,0,F,20,A,A,B,B,A
904,19014.0,12.3,0,15,0,F,20,A,A,B,B,A
904,19015.0,15.0,0,0,0,F,20,A,A,B,B,A
904,19016.0,15.0,0,0,0,F,20,A,A,B,B,A
904,19017.0,10.4,0,30,0,F,20,A,A,B,B,A
904,19018.0,15.0,0,0,0,F,20,A,A,B,B,A
904,19019.0,15.0,0,0,0,F,20,A,A,B,C,A
904,19020.0,15.0,0,0,0,F,20,A,A,B,C,B
904,19021.0,15.0,0,15,0,F,20,A,A,B,C,B
904,19022.0,15.0,0,0,0,F,20,A,A,B,C,B
904,19023.0,15.0,0,0,0,F,20,A,A,B,C,B
904,19024.0,17.3,0,0,0,F,20,A,A,C,C,B
904,19025.0,4.8,0,0,0,F,20,A,A,C,C,B
904,19026.0,2.4,40,0,0,F,20,A,A,C,D,B
904,19027.0,10.5,0,30,0,F,20,A,B,C,D,B
904,19028.0,7.5,5,0,0,M,20,C,D,E,F,D
904,19029.0,15.0,0,0,0,M,20,C,D,E,F,D
904,19030.0,6.0,10,0,5,M,20,D,D,E,F,E
904,19031.0,14.7,30,0,0,M,20,E,D,E,F,E
904,19032.0,16.3,30,60,5,M,20,E,D,E,F,E
904,19033.0,16.4,10,0,10,M,20,E,F,E,F,E
904,19034.0,3.6,20,0,10,M,20,E,F,E,F,E
904,19035.0,16.5,40,45,10,M,20,,,,,
904,19036.0,11.1,35,20,0,M,20,,,,,
904,19037.0,7.5,0,0,5,M,20,,,,,
4004,19038.0,13.3,0,20,0,M,20,A,A,C,D,C
4004,19039.0,15.0,0,0,10,M,20,A,A,C,D,C
4004,19040.0,30.9,0,0,0,M,20,A,A,C,D,C
4004,19041.0,15.0,80,80,20,M,20,A,A,C,D,D
4004,19042.0,7.5,0,10,0,M,20,A,A,C,D,D
4004,19043.0,12.3,0,20,0,M,20,A,A,D,D,D
4004,19044.0,18.6,0,35,30,M,20,A,A,D,D,D
4004,19045.0,11.7,30,15,10,M,20,A,A,D,D,D
4004,19046.0,10.3,0,0,0,M,20,A,A,D,D,D
4004,19047.0,15.0,25,0,0,M,20,A,A,D,D,D
4004,19048.0,13.9,0,0,15,M,20,A,A,D,D,D
4004,19049.0,8.1,0,5,0,M,20,A,D,D,E,E
4004,19050.0,8.5,0,0,0,M,20,A,D,D,E,E
4004,19051.0,19.6,0,0,0,M,20,A,D,D,E,E
4004,19052.0,1.0,25,5,20,M,20,A,D,E,E,E
4004,19053.0,31.2,0,0,0,M,20,A,D,E,E,E
4004,19054.0,10.7,30,20,10,M,20,A,D,E,E,F
4004,19055.0,8.6,50,0,10,M,20,A,F,E,F,F
4004,19056.0,5.2,0,0,0,M,20,B,F,F,F,F
4004,19057.0,30.1,80,0,0,M,20,B,F,F,F,F
3202,19058.0,16.1,25,0,0,M,20,,,,,
4004,19059.0,17.7,0,0,0,F,20,A,A,A,B,A
4004,19060.0,8.5,0,45,0,F,20,A,A,A,B,A
4004,19061.0,8.5,0,0,0,F,20,A,A,B,B,A
4004,19062.0,16.3,25,0,0,F,20,A,A,B,B,A
4004,19063.0,15.1,0,0,0,F,20,A,A,B,B,B
4004,19064.0,15.1,0,0,0,F,20,A,A,B,C,B
4004,19065.0,8.2,0,45,0,F,20,A,A,B,C,B
4004,19066.0,2.0,45,0,0,F,20,A,A,B,C,B
4004,19067.0,7.5,0,0,0,M,20,A,A,D,D,C
4004,19068.0,8.9,0,0,0,M,20,A,A,D,D,C
4004,19069.0,5.0,30,70,0,M,20,A,A,D,D,C
4004,19070.0,7.5,0,0,0,M,20,A,A,D,D,C
4004,19071.0,7.5,0,0,0,M,20,A,A,D,D,C
4004,19072.0,30.0,0,0,0,M,20,A,A,D,D,C
4004,19073.0,7.5,0,0,0,M,20,A,A,D,D,C
4004,19074.0,7.5,0,0,0,M,20,A,A,D,D,C
4004,19075.0,8.9,50,25,0,M,20,A,A,D,D,C
4004,19076.0,10.7,0,0,0,M,20,A,A,D,D,C
4004,19077.0,31.4,0,0,0,M,20,A,A,D,D,C
4004,19078.0,5.8,0,0,0,M,20,A,A,D,D,C
4004,19079.0,10.1,0,35,0,M,20,A,A,D,E,D
4004,19080.0,30.0,0,0,0,M,20,A,A,D,E,D
4004,19081.0,18.2,0,0,0,M,20,A,A,D,E,D
4004,19082.0,17.9,0,0,0,M,20,A,A,D,E,D
4004,19083.0,30.0,0,0,0,M,20,A,A,D,E,D
4004,19084.0,9.1,0,0,0,M,20,A,A,D,E,E
4004,19085.0,18.6,0,0,10,M,20,A,A,D,E,E
4004,19086.0,8.5,0,0,5,M,20,A,A,D,E,E
4004,19087.0,1.4,10,0,40,M,20,A,A,D,E,E
4004,19088.0,4.0,35,0,0,M,20,A,B,E,E,E
4004,19089.0,14.7,35,0,0,M,20,A,B,E,E,E
4004,19090.0,12.8,50,0,0,M,20,A,C,E,E,E
4004,19091.0,11.7,30,70,30,M,20,A,C,E,E,E
4004,19092.0,18.0,0,0,0,M,20,A,C,E,E,E
4004,19093.0,19.2,50,0,30,M,20,A,C,E,E,E
4004,19094.0,1.4,50,0,0,M,20,A,C,E,E,E
4004,19095.0,17.5,25,0,0,M,20,A,C,E,E,E
4004,19096.0,30.0,0,0,0,M,20,A,C,E,E,E
4004,19097.0,7.5,0,0,0,M,20,A,D,E,E,F
4004,19098.0,11.9,0,25,0,M,20,A,D,E,E,F
4004,19099.0,9.7,10,30,0,M,20,A,D,E,E,F
4004,19100.0,13.3,0,15,0,M,20,A,D,E,E,F
4004,19101.0,2.0,0,0,0,M,20,A,D,E,E,F
1602,19102.0,3.2,10,0,0,F,20,A,A,C,D,B
1602,19103.0,11.7,0,0,30,F,20,A,A,C,D,B
1602,19104.0,17.6,20,0,0,F,20,A,A,C,D,B
1602,19105.0,15.0,0,35,0,F,20,A,A,C,D,B
1602,19106.0,30.0,0,0,0,F,20,A,A,C,D,B
1602,19107.0,4.4,30,5,0,F,20,A,A,C,D,B
1602,19108.0,10.5,0,20,15,F,20,A,A,C,D,B
1602,19109.0,30.5,0,0,0,F,20,A,A,C,D,B
1602,19110.0,7.5,30,0,0,F,20,A,A,D,D,B
1602,19111.0,9.5,0,0,0,F,20,A,A,D,D,B
1602,19112.0,5.0,0,0,0,F,20,A,A,D,D,B
1602,19113.0,2.6,0,0,0,F,20,A,A,D,D,B
1602,19114.0,31.6,0,0,0,F,20,A,A,D,D,B
1602,19115.0,0.0,0,0,0,F,20,A,A,D,D,B
1602,19116.0,2.8,0,45,0,F,20,A,A,D,D,C
1602,19117.0,29.8,0,0,0,F,20,A,A,D,D,C
1602,19118.0,6.0,40,0,0,F,20,A,A,D,D,C
1602,19119.0,14.5,30,60,25,F,20,A,A,D,D,C
1602,19120.0,6.4,20,0,0,F,20,A,A,D,D,C
1602,19121.0,14.5,5,25,10,F,20,A,A,D,E,C
1602,19122.0,26.5,30,5,0,F,20,A,A,D,E,C
1602,19123.0,13.3,25,0,30,F,20,A,A,D,E,C
1602,19124.0,13.5,70,50,0,F,20,A,B,D,E,D
1602,19125.0,23.4,10,45,0,F,20,A,B,E,E,D
1602,19126.0,24.2,0,40,0,F,20,A,B,E,E,D
1602,19127.0,0.0,0,0,0,F,20,A,C,E,E,D
1602,19128.0,19.3,10,65,0,M,20,A,C,E,E,D
1602,19129.0,9.4,0,0,0,M,20,A,D,E,E,D
1602,19130.0,31.5,0,0,0,M,20,A,D,E,E,D
1602,19131.0,18.6,0,0,0,M,20,A,D,E,E,D
1602,19132.0,8.4,75,35,30,M,20,A,D,E,E,E
1602,19133.0,9.5,0,0,0,M,20,A,D,E,E,E
1602,19134.0,20.8,75,0,0,M,20,A,D,F,E,E
1602,19135.0,27.7,10,0,0,M,20,B,D,F,F,F
1602,19136.0,3.6,10,0,30,M,20,E,E,F,F,F
1602,19137.0,8.4,50,0,30,M,20,,,,,
1602,19138.0,2.4,0,0,0,M,20,,,,,
1602,19139.0,7.5,15,0,0,M,20,,,,,
1602,19140.0,15.7,0,0,10,M,20,,,,,
1602,19141.0,29.1,0,0,0,M,20,,,,,
1402,19142.0,20.6,0,0,0,M,20,A,A,D,D,B
1402,19143.0,6.2,0,0,0,M,20,A,A,D,D,B
1402,19144.0,30.3,0,0,0,M,20,A,A,D,D,B
1402,19145.0,18.6,0,0,0,M,20,A,A,D,D,B
1402,19146.0,18.4,0,0,0,M,20,A,A,D,D,B
1402,19147.0,20.4,30,35,10,M,20,A,A,D,D,B
1402,19148.0,23.5,15,30,10,M,20,A,B,D,D,B
1402,19149.0,18.0,10,60,20,M,20,A,B,D,D,C
1402,19150.0,5.0,20,0,10,M,20,A,B,D,D,C
1402,19151.0,7.5,0,15,0,M,20,A,B,E,E,C
1402,19152.0,20.6,0,0,0,M,20,A,D,E,E,D
1402,19153.0,9.5,0,0,0,M,20,A,D,E,E,D
702,19154.0,7.5,15,0,0,F,20,A,A,B,B,A
702,19155.0,17.5,0,0,0,F,20,A,A,B,B,B
702,19156.0,2.4,15,20,15,F,20,A,A,B,B,B
702,19157.0,1.4,10,0,0,F,20,A,A,B,B,B
702,19158.0,19.0,0,0,0,F,20,A,A,C,C,B
702,19159.0,16.9,15,0,0,F,20,A,A,C,C,B
702,19160.0,21.0,0,0,0,F,20,A,A,C,D,B
702,19161.0,9.9,0,0,0,F,20,A,A,D,D,B
702,19162.0,6.6,0,0,0,F,20,A,A,D,D,B
702,19163.0,27.8,0,20,0,F,20,A,A,D,D,B
702,19164.0,0.0,0,20,0,F,20,A,A,D,D,B
702,19165.0,15.0,0,0,10,F,20,A,A,D,D,B
702,19166.0,2.4,30,0,20,F,20,A,A,D,D,C
702,19167.0,4.2,20,20,0,F,20,A,A,D,D,C
702,19168.0,7.4,25,0,0,M,20,A,A,D,D,C
702,19169.0,16.3,30,0,0,M,20,A,B,D,D,C
702,19170.0,30.9,0,0,0,M,20,A,D,E,E,E
702,19171.0,28.9,25,0,0,M,20,A,D,F,E,E
702,19172.0,18.3,25,0,0,M,20,A,D,F,F,F
702,19173.0,11.5,0,0,0,M,20,A,F,F,F,F
702,19174.0,30.9,0,0,0,M,20,,,,,
5401,19175.0,15.0,25,15,0,F,20,A,A,A,B,A
5401,19176.0,6.4,0,0,0,F,20,A,A,B,B,A
5401,19177.0,21.3,20,40,0,F,20,A,A,B,B,A
5401,19178.0,8.5,0,0,0,F,20,A,A,B,B,A
5401,19179.0,19.4,30,15,40,F,20,A,A,B,B,A
5401,19180.0,7.5,0,60,0,F,20,A,A,B,B,A
5401,19181.0,24.6,50,0,0,F,20,A,A,B,B,A
5401,19182.0,12.7,10,5,40,F,20,A,A,B,C,A
5401,19183.0,26.0,40,0,0,F,20,A,A,B,C,A
5401,19184.0,11.2,0,45,20,F,20,A,A,B,C,A
5401,19185.0,27.1,40,45,20,F,20,A,A,B,C,A
5401,19186.0,7.5,25,0,0,F,20,A,A,B,C,A
5401,19187.0,18.7,0,0,0,F,20,A,A,B,C,A
5401,19188.0,17.8,0,0,0,F,20,A,A,B,C,A
5401,19189.0,15.0,0,0,0,F,20,A,A,B,C,A
5401,19190.0,8.5,0,0,10,F,20,A,A,C,C,A
5401,19191.0,15.0,0,40,0,F,20,A,A,C,C,A
5401,19192.0,16.4,0,0,0,F,20,A,A,C,C,A
5401,19193.0,17.6,0,0,0,F,20,A,A,C,C,A
5401,19194.0,15.0,0,10,0,F,20,A,A,C,D,A
5401,19195.0,16.6,0,0,0,F,20,A,A,C,D,A
5401,19196.0,8.9,70,0,10,F,20,A,A,C,D,A
5401,19197.0,21.0,0,0,0,F,20,A,A,C,D,A
5401,19198.0,26.5,40,0,0,F,20,A,A,D,D,C
5401,19199.0,19.4,0,0,0,F,20,A,A,D,D,C
5401,19200.0,7.0,0,0,0,F,20,A,A,D,D,C
5401,19201.0,30.0,0,0,0,F,20,A,A,D,D,C
5401,19202.0,19.4,0,0,0,F,20,A,A,D,D,C
5401,19203.0,3.4,0,0,0,F,20,A,A,D,E,C
5401,19204.0,3.2,0,0,0,F,20,A,A,D,E,C
5401,19205.0,16.3,0,20,0,F,20,A,A,D,E,C
5401,19206.0,19.4,0,0,0,F,20,A,A,D,E,C
5401,19207.0,11.9,0,0,0,F,20,A,A,D,E,C
5401,19208.0,10.4,0,0,0,F,20,A,A,D,E,C
5401,19209.0,11.7,0,0,0,F,20,A,A,D,E,C
5401,19210.0,11.9,0,0,0,F,20,A,A,D,E,C
5401,19211.0,10.1,0,0,0,F,20,A,A,D,E,D
5401,19212.0,18.8,30,0,0,F,20,A,A,D,E,D
5401,19213.0,2.6,10,0,40,M,20,A,B,E,E,D
5401,19214.0,15.3,40,0,0,M,20,A,B,E,E,D
5401,19215.0,30.1,0,0,0,M,20,A,B,E,E,D
5401,19216.0,30.0,0,0,0,M,20,A,B,E,E,D
5401,19217.0,10.4,0,0,0,M,20,A,B,E,E,D
5401,19218.0,7.4,5,0,15,M,20,A,B,E,E,D
5401,19219.0,30.0,0,0,0,M,20,A,B,E,E,E
5401,19220.0,25.5,0,30,0,M,20,A,C,E,E,E
5401,19221.0,12.5,0,30,0,M,32,A,C,E,E,E
5401,19222.0,30.0,0,0,0,M,20,A,D,E,F,E
5401,19223.0,9.5,0,0,5,M,20,A,D,E,F,E
5401,19224.0,22.5,0,40,10,M,20,A,D,E,F,E
5401,19225.0,19.9,10,0,0,M,20,A,D,E,F,E
5401,19226.0,10.1,0,30,15,M,20,A,D,E,F,E
5401,19227.0,32.1,0,0,0,M,20,A,D,E,F,F
5401,19228.0,30.0,0,0,0,M,20,A,D,E,F,F
5401,19229.0,10.7,20,45,5,M,20,A,D,E,F,F
5401,19230.0,13.1,10,15,0,M,20,A,D,E,F,F
5401,19231.0,30.0,0,0,0,M,20,B,D,F,F,F
5401,19232.0,8.5,0,55,0,M,20,B,D,F,F,F
5401,19233.0,30.0,0,0,0,M,20,E,D,F,F,F
5401,19234.0,2.6,0,45,5,M,20,E,D,F,F,F
5401,19235.0,2.6,40,0,10,M,20,E,D,F,F,F
5401,19236.0,30.6,0,0,0,M,20,E,F,F,F,G
5401,19237.0,17.0,0,0,0,M,20,E,F,F,F,G
5401,19238.0,12.5,30,0,0,M,20,,,,,
5401,19239.0,19.4,0,0,0,M,20,,,,,
5401,19240.0,21.5,35,10,30,M,20,,,,,
5401,19241.0,18.4,0,0,0,M,20,,,,,
5401,19242.0,31.6,0,0,0,M,20,,,,,
5401,19243.0,5.4,0,25,0,M,20,,,,,
5401,19244.0,7.5,0,0,0,M,20,,,,,
5401,19245.0,9.5,0,0,10,M,20,,,,,
3502,19246.0,4.4,55,30,0,F,20,A,A,A,B,A
3502,19247.0,10.7,0,0,0,F,20,A,A,B,B,A
3502,19248.0,10.7,0,0,0,F,20,A,A,B,B,A
3502,19249.0,7.5,0,0,0,F,20,A,A,B,B,A
3502,19250.0,30.0,20,0,0,F,20,A,A,B,C,A
3502,19251.0,9.1,0,0,0,F,20,A,A,B,C,A
3502,19252.0,7.5,0,0,0,F,20,A,A,C,C,B
3502,19253.0,7.5,0,0,0,F,20,A,A,C,C,B
3502,19254.0,7.5,0,0,0,F,20,A,A,C,C,B
3502,19255.0,7.5,0,0,0,F,20,A,A,C,C,B
3502,19256.0,15.0,0,30,0,F,20,A,A,C,C,B
3502,19257.0,7.5,0,0,0,F,20,A,A,C,D,B
3502,19258.0,7.5,0,0,0,F,20,A,A,D,D,B
3502,19259.0,7.5,0,0,0,F,20,A,A,D,D,B
3502,19260.0,7.5,0,0,0,F,20,A,A,D,D,B
3502,19261.0,0.0,0,20,20,M,20,A,A,D,D,B
3502,19262.0,7.5,0,0,0,M,20,A,A,D,D,B
3502,19263.0,16.5,5,0,0,M,20,A,A,D,D,B
3502,19264.0,26.4,25,0,0,M,20,A,A,D,D,B
3502,19265.0,7.5,0,0,0,M,20,A,A,D,D,C
3502,19266.0,7.5,0,0,0,M,20,A,A,D,D,C
3502,19267.0,7.5,0,0,0,M,20,A,A,D,D,C
3502,19268.0,19.6,0,0,0,M,20,A,B,D,D,C
3502,19269.0,7.5,0,0,0,M,20,A,B,D,D,C
3502,19270.0,15.0,30,0,0,M,20,A,B,D,E,C
3502,19271.0,7.5,0,0,0,M,20,A,B,D,E,C
3502,19272.0,15.0,50,0,0,M,20,A,B,E,E,C
3502,19273.0,10.5,0,0,0,M,20,A,B,E,E,C
3502,19274.0,6.0,20,0,10,M,20,A,D,E,E,D
3502,19275.0,15.5,0,20,0,M,20,A,D,E,E,D
3502,19276.0,7.5,0,0,0,M,20,B,D,E,F,E
3502,19277.0,7.5,0,0,0,M,20,B,D,E,F,E
3502,19278.0,7.5,0,0,0,M,20,C,D,E,F,E
3502,19279.0,7.5,20,55,20,M,20,C,D,F,F,F
3502,19280.0,18.3,0,0,0,M,20,E,D,F,F,F
3502,19281.0,7.5,20,0,0,M,20,,,,,
3502,19282.0,11.1,0,20,20,M,20,,,,,
702,19283.0,30.0,0,0,10,F,20,A,A,A,B,A
702,19284.0,19.8,0,0,0,F,20,A,A,B,B,B
702,19285.0,14.3,0,20,0,F,20,A,A,B,B,B
702,19286.0,7.5,20,0,0,F,20,A,A,B,B,B
702,19287.0,19.8,0,40,30,F,20,A,A,B,C,B
702,19288.0,9.2,0,0,0,F,20,A,A,B,C,B
702,19289.0,10.8,0,0,0,F,20,A,A,B,C,B
702,19290.0,21.6,0,60,0,F,20,A,A,C,C,B
702,19291.0,7.5,0,0,0,F,20,A,A,C,C,B
702,19292.0,7.5,0,0,0,F,20,A,A,C,D,B
702,19293.0,7.5,0,0,0,F,20,A,A,D,D,C
702,19294.0,7.5,0,0,0,F,20,A,A,D,D,C
702,19295.0,7.5,0,0,0,M,20,A,A,D,D,C
702,19296.0,42.4,10,0,0,M,20,A,A,D,D,C
702,19297.0,7.5,0,0,0,M,20,A,A,D,D,C
702,19298.0,7.5,0,0,20,M,20,A,A,D,D,C
702,19299.0,7.5,0,0,20,M,20,A,A,D,D,C
702,19300.0,10.1,0,0,5,M,20,A,A,D,D,D
1602,19301.0,12.0,0,35,0,F,20,A,A,B,C,A
1602,19302.0,9.5,10,0,0,F,20,A,A,B,C,A
1602,19303.0,13.5,10,15,0,F,20,A,A,B,C,A
1602,19304.0,7.5,0,0,0,F,20,A,A,C,C,B
1602,19305.0,7.5,0,0,0,F,20,A,A,C,C,B
1602,19306.0,2.6,0,20,0,F,20,A,A,C,C,B
1602,19307.0,25.8,0,30,0,F,20,A,A,C,C,B
1602,19308.0,0.0,25,0,0,F,20,A,A,C,C,B
1602,19309.0,17.4,0,0,30,F,20,A,A,C,C,B
1602,19310.0,18.9,25,0,0,F,20,A,A,D,D,B
1602,19311.0,11.9,20,15,30,F,20,A,A,D,D,B
1602,19312.0,7.5,20,0,0,F,20,A,A,D,D,B
1602,19313.0,8.2,50,0,40,F,20,A,A,D,D,B
1602,19314.0,14.1,30,0,20,F,20,A,A,D,D,B
1602,19315.0,7.5,0,0,0,F,20,A,B,D,D,B
1602,19316.0,7.5,0,0,0,F,20,A,B,D,D,B
1602,19317.0,3.2,0,0,0,F,20,A,B,D,D,B
1602,19318.0,6.2,50,45,10,F,20,A,B,D,D,B
1602,19319.0,16.3,40,45,25,F,20,A,B,D,D,B
1602,19320.0,6.8,35,50,15,F,20,A,C,D,D,B
1602,19321.0,16.5,70,30,10,F,20,A,C,D,D,C
1602,19322.0,7.5,0,0,0,M,20,A,C,D,E,C
1602,19323.0,17.1,0,0,0,M,20,A,D,D,E,C
1602,19324.0,17.1,0,0,0,M,20,A,D,D,E,C
1602,19325.0,10.7,0,0,0,M,20,A,D,D,E,C
1602,19326.0,12.3,75,45,0,M,20,A,D,D,E,C
1602,19327.0,24.4,60,0,0,M,20,,,,,
1602,19328.0,0.0,0,0,0,M,20,,,,,
1602,19329.0,0.0,0,0,0,M,20,,,,,
3502,19330.0,0.0,0,0,0,F,20,A,A,A,A,A
3502,19331.0,0.0,0,0,0,F,20,A,A,A,A,A
3502,19332.0,0.0,0,0,0,F,20,A,A,B,B,A
3502,19333.0,0.0,0,0,0,F,20,A,A,B,C,B
3502,19334.0,23.0,0,0,0,F,20,A,A,B,D,B
3502,19335.0,25.7,0,0,40,F,20,A,A,C,D,B
3502,19336.0,0.0,0,0,0,F,20,A,A,C,D,B
3502,19337.0,0.0,0,0,0,M,20,A,A,D,D,B
3502,19338.0,0.0,0,0,0,M,20,A,A,D,D,B
3502,19339.0,23.6,15,40,10,M,20,A,A,D,D,B
3502,19340.0,31.9,0,0,0,M,20,A,B,D,E,B
3502,19341.0,11.2,0,0,0,M,20,A,D,D,E,C
3502,19342.0,0.0,0,0,0,M,20,A,D,D,E,C
3502,19343.0,32.0,0,0,0,M,20,A,D,D,E,C
3502,19344.0,7.6,0,0,0,M,20,A,D,D,E,C
1402,19345.0,7.5,25,0,0,F,20,A,A,B,B,A
1402,19346.0,13.3,20,35,5,F,20,A,A,B,C,B
1402,19347.0,0.0,0,0,0,F,20,A,A,C,D,B
1402,19348.0,11.1,0,0,0,M,20,A,B,D,E,C
1402,19349.0,23.8,30,15,20,M,20,A,D,D,E,C
1402,19350.0,0.0,0,0,0,M,20,A,D,D,F,C
1402,19351.0,13.1,20,30,10,M,20,A,D,D,F,C
1402,19352.0,2.6,35,0,0,M,20,B,D,F,F,C
702,19353.0,0.0,0,0,0,F,20,A,A,A,A,A
702,19354.0,7.0,0,60,20,F,20,A,A,B,A,A
702,19355.0,0.0,0,0,0,F,20,A,A,B,A,A
702,19356.0,12.7,0,0,0,F,20,A,A,B,B,A
702,19357.0,0.0,0,0,0,F,20,A,A,B,B,A
702,19358.0,0.0,0,0,0,F,20,A,A,B,B,A
702,19359.0,0.0,0,0,0,F,20,A,A,B,B,A
702,19360.0,17.5,0,0,25,F,20,A,A,B,B,A
702,19361.0,17.6,0,0,0,F,20,A,A,B,B,A
702,19362.0,16.3,0,0,15,F,20,A,A,B,B,A
702,19363.0,0.0,0,0,0,F,20,A,A,B,B,A
702,19364.0,0.0,0,0,0,F,20,A,A,B,C,A
702,19365.0,0.0,0,0,0,F,20,A,A,B,C,A
702,19366.0,0.0,0,0,0,F,20,A,A,B,C,A
702,19367.0,22.3,0,0,0,M,20,A,A,B,C,B
702,19368.0,18.4,20,5,0,M,20,A,A,B,C,B
702,19369.0,0.0,0,0,0,M,20,A,B,C,C,B
702,19370.0,18.7,0,0,0,M,20,A,B,C,C,B
702,19371.0,0.0,0,0,0,M,20,A,B,C,D,B
702,19372.0,0.0,0,0,0,M,20,A,B,C,D,B
702,19373.0,6.4,20,0,10,M,20,A,B,C,D,B
702,19374.0,11.1,50,20,5,M,20,A,D,D,D,B
702,19375.0,0.0,0,0,0,M,20,A,D,D,E,C
702,19376.0,17.6,0,30,0,M,20,A,D,D,E,D
702,19377.0,15.0,0,0,0,M,20,A,D,E,E,D
702,19378.0,0.0,0,0,0,M,20,A,D,E,F,E
2001,19379.0,0.0,45,0,0,F,20,A,A,A,B,A
2001,19380.0,0.0,0,0,0,F,20,A,A,A,B,A
2001,19381.0,0.0,0,0,0,F,20,A,A,A,B,A
2001,19382.0,0.0,0,0,0,F,20,A,A,A,B,A
2001,19383.0,0.0,0,0,0,F,20,A,A,B,B,A
2001,19384.0,0.0,0,0,0,F,20,A,A,B,B,A
2001,19385.0,25.8,0,50,0,F,20,A,A,B,B,A
2001,19386.0,0.0,0,0,0,F,20,A,A,B,B,A
2001,19387.0,32.9,0,60,15,F,20,A,A,B,B,A
2001,19388.0,9.7,0,0,0,F,20,A,A,B,B,A
2001,19389.0,0.0,0,0,0,F,20,A,A,B,B,A
2001,19390.0,0.0,0,0,0,F,20,A,A,B,B,A
2001,19391.0,0.0,0,0,0,F,20,A,A,B,B,A
2001,19392.0,7.5,0,15,10,F,20,A,A,B,B,A
2001,19393.0,40.9,25,0,0,F,20,A,A,B,B,A
2001,19394.0,0.0,0,0,0,F,20,A,A,B,B,B
2001,19395.0,0.0,0,0,0,F,20,A,B,C,C,B
2001,19396.0,22.2,20,45,10,F,20,A,B,C,D,B
2001,19397.0,0.0,0,0,0,F,20,A,B,C,D,B
2001,19398.0,0.0,0,0,0,F,20,A,B,C,D,B
1502,19399.0,0.0,0,0,0,F,20,A,A,B,B,A
1502,19400.0,1.0,25,35,10,F,20,A,A,B,B,B
1502,19401.0,1.6,20,40,5,F,20,A,A,B,B,B
1502,19402.0,0.0,0,0,0,F,20,A,A,B,C,B
1502,19403.0,16.0,0,0,40,F,20,A,A,B,C,B
1502,19404.0,10.9,0,0,0,F,20,A,A,C,C,B
1502,19405.0,0.0,0,0,0,F,20,A,B,C,D,B
1502,19406.0,0.0,0,0,0,F,20,A,B,D,D,B
1502,19407.0,0.0,0,0,0,F,20,A,B,D,D,B
1502,19408.0,11.5,25,15,30,F,20,A,C,D,D,B
1502,19409.0,0.0,0,0,0,F,20,A,C,D,D,B
1502,19410.0,0.0,0,0,0,F,20,A,D,D,D,B
1502,19411.0,0.0,0,0,0,F,20,A,D,D,E,C
1502,19412.0,8.8,30,60,0,M,20,A,D,D,E,C
1502,19413.0,17.3,30,60,0,M,20,A,D,D,E,C
1502,19414.0,0.0,0,0,0,M,20,A,D,D,E,C
1502,19415.0,12.1,10,15,15,M,20,A,D,D,E,D
1502,19416.0,11.9,0,10,20,M,20,A,D,E,F,D
1502,19417.0,17.0,0,0,15,M,20,B,D,E,F,D
1502,19418.0,8.2,0,0,0,M,20,B,D,F,F,E
1502,19419.0,12.2,40,0,30,M,20,B,F,F,F,F
4004,19420.0,30.3,25,0,0,F,20,A,A,B,A,A
4004,19421.0,31.9,0,0,0,F,20,A,A,B,B,A
4004,19422.0,3.8,0,40,10,F,20,A,A,B,C,B
4004,19423.0,22.5,0,0,0,F,20,A,A,B,C,B
4004,19424.0,18.0,0,0,0,M,20,A,A,C,D,B
4004,19425.0,11.3,0,45,0,M,20,A,A,C,D,C
4004,19426.0,8.4,10,10,0,M,20,A,A,C,D,C
4004,19427.0,20.3,0,0,0,M,20,A,A,C,D,C
4004,19428.0,14.3,15,0,40,M,20,A,A,C,D,C
4004,19429.0,23.5,0,0,0,M,20,A,A,C,D,C
4004,19430.0,24.5,55,0,0,M,20,A,A,D,D,C
4004,19431.0,22.5,0,0,0,M,20,A,A,D,D,C
4004,19432.0,8.5,0,0,20,M,20,A,A,D,D,D
4004,19433.0,4.6,0,0,0,M,20,A,A,D,E,D
4004,19434.0,12.5,0,35,0,M,20,A,A,D,E,D
4004,19435.0,2.0,0,0,0,M,20,A,A,D,E,D
4004,19436.0,5.0,0,20,0,M,20,A,A,D,E,D
4004,19437.0,11.3,0,0,0,M,20,A,B,D,E,D
4004,19438.0,0.0,0,30,0,M,20,A,B,E,E,D
4004,19439.0,3.2,50,5,0,M,20,A,D,E,F,E
4004,19440.0,17.0,15,0,20,M,20,A,D,E,F,E
4004,19441.0,22.5,0,0,0,M,20,A,D,E,F,E
4004,19442.0,26.0,50,0,0,M,20,A,D,F,F,E
4004,19443.0,22.5,0,0,0,M,20,A,D,F,F,F
4004,19444.0,22.5,0,0,0,M,20,A,D,F,F,F
4004,19445.0,22.5,0,0,0,M,20,A,D,F,F,F
4004,19446.0,27.5,35,5,0,M,20,B,F,F,F,G
3502,19447.0,18.8,15,0,10,F,20,A,A,A,B,A
3502,19448.0,22.5,0,0,0,F,20,A,A,A,B,A
3502,19449.0,12.1,50,20,0,F,20,A,A,B,B,B
3502,19450.0,4.4,0,0,0,F,20,A,A,B,B,B
3502,19451.0,16.4,40,0,0,F,20,A,A,B,B,B
3502,19452.0,8.5,15,5,0,F,20,A,A,C,C,B
3502,19453.0,21.5,35,45,0,F,20,A,A,D,D,B
3502,19454.0,22.5,0,0,0,F,20,A,A,D,D,B
3502,19455.0,0.0,30,0,0,F,20,A,A,D,D,C
3502,19456.0,13.5,0,30,0,F,20,A,A,D,D,C
3502,19457.0,16.7,0,0,40,F,20,A,A,D,E,C
3502,19458.0,22.5,0,0,0,F,20,A,A,D,E,D
3502,19459.0,22.5,0,0,0,F,20,A,A,D,E,D
3502,19460.0,21.8,0,0,0,F,20,A,B,E,E,D
3502,19461.0,22.5,0,0,0,M,20,B,D,F,F,F
3502,19462.0,15.0,0,20,0,M,20,,,,,
3502,19463.0,9.5,20,10,0,M,20,,,,,
3502,19464.0,15.3,75,30,0,M,20,,,,,
3502,19465.0,10.7,0,50,0,M,20,,,,,
3502,19466.0,25.8,25,25,0,M,20,,,,,
3502,19467.0,15.0,25,5,20,M,20,,,,,
3502,19468.0,22.5,0,0,0,M,20,,,,,
3502,19469.0,17.2,0,35,0,M,20,,,,,
3502,19470.0,15.0,25,15,10,M,20,,,,,
3502,19471.0,22.5,0,0,0,M,20,,,,,
3502,19472.0,17.5,60,40,0,M,20,,,,,
3502,19473.0,22.5,0,0,0,M,20,,,,,
3502,19474.0,33.9,0,0,0,M,20,,,,,
702,19475.0,18.0,0,0,0,F,20,A,A,B,B,B
702,19476.0,15.0,50,0,0,F,20,A,A,B,B,B
702,19477.0,0.0,0,30,0,F,20,A,A,C,C,B
702,19478.0,12.5,10,25,0,F,20,A,A,D,C,B
702,19479.0,13.5,25,10,25,F,20,A,A,D,C,B
702,19480.0,22.5,0,0,0,F,20,A,A,D,D,B
702,19481.0,17.0,55,50,5,F,20,A,A,D,D,C
702,19482.0,18.0,0,0,0,F,20,A,A,D,D,C
702,19483.0,17.0,10,15,10,F,20,A,A,D,D,C
702,19484.0,15.0,0,0,50,F,20,A,A,D,D,C
702,19485.0,14.5,30,15,10,F,20,A,A,D,D,C
702,19486.0,32.4,0,0,0,F,20,A,A,D,D,C
702,19487.0,13.5,0,0,30,M,20,A,A,D,D,D
1501,19488.0,10.5,15,55,10,F,20,A,A,D,E,C
1501,19489.0,22.5,0,0,0,F,20,A,B,D,E,C
1501,19490.0,22.5,0,0,0,F,20,A,B,D,E,C
1501,19491.0,7.5,20,0,80,F,20,A,C,D,E,D
1501,19492.0,11.3,0,75,0,F,20,A,C,D,E,D
1501,19493.0,22.5,0,0,0,M,20,,,,,
1501,19494.0,2.0,10,35,20,M,20,,,,,
1501,19495.0,4.8,0,0,0,M,20,,,,,
1501,19496.0,8.5,0,0,0,M,20,,,,,
1501,19497.0,14.7,35,0,20,M,20,,,,,
1501,19498.0,7.5,0,0,0,M,20,,,,,
1501,19499.0,14.3,25,0,40,M,20,,,,,
1501,19500.0,11.8,0,0,0,M,20,,,,,
1402,19501.0,6.4,0,50,30,F,20,A,A,A,B,A
1402,19502.0,9.9,10,5,0,F,20,A,A,B,B,A
1402,19503.0,8.4,0,0,0,M,20,A,A,B,C,A
1402,19504.0,30.0,20,0,0,M,20,A,A,B,C,B
1402,19505.0,4.2,0,0,0,M,20,A,A,B,C,B
1402,19506.0,14.5,0,50,0,M,20,A,A,C,C,B
1402,19507.0,9.6,25,0,0,M,20,A,A,D,D,B
1402,19508.0,16.5,30,5,10,M,20,A,A,D,D,C
1402,19509.0,17.0,25,0,15,M,20,A,A,D,D,C
1402,19510.0,14.3,25,10,0,M,20,A,A,D,D,C
1402,19511.0,20.8,0,0,0,M,20,A,A,D,D,C
1402,19512.0,21.0,0,0,0,M,20,A,A,D,D,C
1402,19513.0,8.4,0,0,0,M,20,A,B,D,D,C
1402,19514.0,20.2,25,0,0,M,20,A,D,E,D,C
1402,19515.0,10.1,10,45,0,M,20,A,D,E,E,C
1402,19516.0,7.5,0,0,30,M,20,A,D,E,E,D
3002,19517.0,5.0,0,0,0,F,20,A,A,A,A,A
3002,19518.0,4.4,30,20,0,F,20,A,A,A,B,A
3002,19519.0,0.0,0,0,5,F,20,A,A,A,B,B
3002,19520.0,15.0,0,0,55,F,20,A,A,B,B,B
3002,19521.0,12.9,0,35,0,F,20,A,A,B,B,B
3002,19522.0,0.0,0,5,0,F,20,A,A,B,B,B
3002,19523.0,7.5,30,0,0,F,20,A,A,B,C,B
3002,19524.0,7.5,45,60,0,F,20,A,A,B,C,B
3002,19525.0,9.5,10,70,10,F,20,A,A,C,C,B
3002,19526.0,11.9,0,0,0,F,20,A,A,C,C,B
3002,19527.0,22.6,0,15,50,F,20,A,A,C,C,B
3002,19528.0,18.4,0,0,0,F,20,A,A,C,C,B
3002,19529.0,0.0,0,5,0,M,20,A,A,D,D,B
3002,19530.0,18.6,0,0,0,M,20,A,A,D,D,C
3002,19531.0,17.0,0,10,0,M,20,A,B,D,D,C
3002,19532.0,4.8,0,0,0,M,20,B,D,E,F,D
3002,19533.0,23.4,25,30,0,M,20,C,D,E,F,D
3002,19534.0,7.5,40,65,0,M,33,D,D,E,F,E
3002,19535.0,19.3,0,0,25,M,20,,,,,
3002,19536.0,13.6,0,0,40,M,20,,,,,
3002,19537.0,11.9,0,0,0,M,20,,,,,
1602,19538.0,22.0,0,0,0,F,20,A,A,C,D,B
1602,19539.0,7.5,0,20,10,F,20,A,A,C,D,B
1602,19540.0,8.5,0,0,0,F,20,A,A,C,D,B
1602,19541.0,11.9,30,45,0,F,20,A,A,C,D,B
1602,19542.0,7.5,55,40,10,F,20,A,A,C,D,B
1602,19543.0,7.5,0,0,30,F,20,A,A,C,D,B
1602,19544.0,10.9,0,0,0,F,20,A,A,D,D,C
1602,19545.0,27.0,15,30,5,F,20,A,A,D,D,C
1602,19546.0,22.5,0,0,0,F,20,A,A,D,D,C
1602,19547.0,23.5,0,0,0,F,20,A,A,D,E,C
1602,19548.0,14.5,0,30,0,F,20,A,A,D,E,C
1602,19549.0,9.0,0,0,0,M,20,A,A,D,E,C
1602,19550.0,22.5,0,0,0,M,20,A,A,D,E,C
1602,19551.0,10.9,0,0,0,M,20,A,A,D,E,D
1602,19552.0,18.2,0,20,0,M,20,A,A,D,E,D
1602,19553.0,15.0,0,25,0,M,20,A,A,D,E,D
1602,19554.0,21.4,0,0,0,M,20,A,B,E,E,D
1602,19555.0,9.0,0,0,0,M,20,A,B,E,E,D
1602,19556.0,19.0,0,0,0,M,20,A,B,E,F,D
1602,19557.0,15.9,10,30,10,M,20,A,D,E,F,E
1602,19558.0,21.2,0,0,0,M,20,A,D,E,F,E
1602,19559.0,10.5,25,15,15,M,20,A,D,E,F,E
1602,19560.0,9.1,0,0,0,M,20,A,D,E,F,E
1602,19561.0,7.5,0,0,50,M,20,A,D,E,F,F
1602,19562.0,22.5,40,0,40,M,20,A,D,F,F,F
1602,19563.0,22.5,0,0,0,M,20,A,F,F,F,F
1602,19564.0,13.9,0,0,0,M,20,A,F,F,F,G
5402,19565.0,17.2,0,20,0,F,20,A,A,A,B,A
5402,19566.0,10.5,30,0,0,F,20,A,A,C,D,B
5402,19567.0,18.8,0,0,0,F,20,A,A,C,D,C
5402,19568.0,13.3,35,20,10,F,20,A,A,C,D,C
5402,19569.0,12.7,50,0,20,F,20,A,A,D,D,C
5402,19570.0,1.0,0,0,0,F,20,A,A,D,D,C
5402,19571.0,30.0,30,0,0,F,20,A,A,D,D,C
5402,19572.0,10.1,15,0,0,F,20,A,A,D,D,C
5402,19573.0,14.5,0,30,0,F,20,A,A,E,D,C
5402,19574.0,1.0,0,0,0,F,20,A,A,E,E,C
5402,19575.0,15.0,0,0,0,F,20,A,B,E,E,D
5402,19576.0,18.7,0,25,0,F,20,A,B,E,E,D
5402,19577.0,5.4,0,0,0,F,20,A,B,E,F,D
5402,19578.0,10.0,15,0,0,F,20,A,B,F,F,E
5402,19579.0,9.9,25,0,0,F,20,C,D,F,F,E
5402,19580.0,7.2,0,0,0,F,20,E,D,F,F,F
5402,19581.0,17.3,10,0,30,M,20,,,,,
5402,19582.0,1.0,0,0,0,M,20,,,,,
2402,19583.0,11.5,15,45,20,F,20,A,A,B,A,A
2402,19584.0,8.5,10,15,0,F,20,A,A,B,B,A
2402,19585.0,9.1,0,0,0,F,20,A,A,B,B,A
2402,19586.0,1.0,0,0,0,F,20,A,A,B,B,A
2402,19587.0,16.3,0,15,0,F,20,A,A,B,B,A
2402,19588.0,16.0,30,0,20,F,20,A,A,B,B,A
2402,19589.0,16.0,0,50,0,F,20,A,A,B,B,A
2402,19590.0,22.5,30,50,0,F,20,A,A,B,B,A
2402,19591.0,22.0,0,5,5,F,20,A,A,C,C,B
2402,19592.0,6.4,30,0,10,F,20,A,A,C,C,B
2402,19593.0,12.1,35,30,10,F,20,A,A,C,C,B
2402,19594.0,7.5,0,0,0,F,20,A,A,C,C,B
2402,19595.0,22.8,0,0,0,F,20,A,A,C,C,B
2402,19596.0,2.4,15,40,15,F,20,A,A,C,C,B
2402,19597.0,7.5,0,25,0,F,20,A,A,C,C,B
2402,19598.0,7.5,0,0,0,F,20,A,A,C,D,B
2402,19599.0,24.2,75,0,0,F,20,A,A,D,D,B
2402,19600.0,1.6,0,0,0,F,20,A,A,D,D,B
2402,19601.0,2.6,60,0,10,F,20,A,A,D,D,B
2402,19602.0,7.5,0,0,0,F,20,A,A,D,D,B
2402,19603.0,7.5,0,0,0,F,20,A,A,D,D,B
2402,19604.0,5.6,80,50,65,F,20,A,A,D,D,B
2402,19605.0,5.8,0,0,0,F,20,A,A,D,D,B
2402,19606.0,9.5,0,0,0,F,20,A,A,D,D,B
2402,19607.0,7.5,0,0,0,F,20,A,A,D,D,B
2402,19608.0,7.5,0,0,0,F,20,A,A,D,D,B
2402,19609.0,7.5,0,0,0,F,20,A,A,D,D,B
2402,19610.0,9.5,20,0,0,F,20,A,A,D,D,B
2402,19611.0,1.4,0,0,0,F,20,A,A,D,D,B
2402,19612.0,5.6,0,0,0,M,20,A,A,D,D,C
2402,19613.0,7.5,0,0,0,M,20,A,A,D,D,C
2402,19614.0,19.2,0,0,0,M,20,A,A,D,D,C
2402,19615.0,22.5,0,35,30,M,20,A,A,D,D,C
2402,19616.0,12.3,20,10,25,M,20,A,A,D,D,C
2402,19617.0,20.6,10,0,10,M,20,A,A,D,D,C
2402,19618.0,17.0,0,0,15,M,20,A,A,D,D,C
2402,19619.0,0.0,0,0,10,M,20,A,A,D,D,C
2402,19620.0,9.5,0,0,0,M,20,A,A,D,E,C
2402,19621.0,7.5,0,0,0,M,20,A,A,E,E,C
2402,19622.0,23.0,0,0,0,M,20,A,A,E,E,C
2402,19623.0,8.6,35,35,30,M,20,A,A,E,E,C
2402,19624.0,24.2,70,0,0,M,20,A,B,E,E,C
2402,19625.0,7.5,0,0,0,M,20,A,B,E,E,D
2402,19626.0,11.3,0,0,0,M,20,A,B,E,E,D
2402,19627.0,7.5,0,0,0,M,20,A,B,E,E,D
2402,19628.0,27.5,50,0,0,M,20,A,B,E,E,D
2402,19629.0,19.2,0,0,0,M,20,A,B,E,E,D
2402,19630.0,9.4,0,0,0,M,20,A,C,E,F,D
2402,19631.0,14.1,0,40,10,M,20,A,D,E,F,D
2402,19632.0,30.0,0,25,0,M,20,A,D,E,F,E
2402,19633.0,11.9,30,60,0,M,20,A,D,E,F,E
2402,19634.0,19.4,0,0,0,M,20,A,D,E,F,E
2402,19635.0,11.1,0,0,0,M,20,A,D,E,F,E
2402,19636.0,7.5,5,15,15,M,20,A,D,E,F,E
2402,19637.0,14.9,35,0,0,M,20,A,D,E,F,E
2402,19638.0,7.5,0,0,0,M,20,A,D,E,F,E
2402,19639.0,7.5,0,0,0,M,20,A,D,E,F,E
2402,19640.0,19.0,0,0,25,M,20,A,D,F,F,E
2402,19641.0,9.5,0,0,0,M,20,A,D,F,F,E
2402,19642.0,7.5,0,0,0,M,20,B,D,F,F,F
2402,19643.0,7.5,0,0,0,M,20,C,D,F,F,F
2402,19644.0,7.5,0,0,0,M,20,E,D,F,F,F
2402,19645.0,7.5,0,0,0,M,20,,,,,
2402,19646.0,7.5,0,0,0,M,20,,,,,
2402,19647.0,19.1,0,0,0,M,20,,,,,
2402,19648.0,7.5,35,0,0,M,20,,,,,
2402,19649.0,17.0,0,15,30,M,20,,,,,
2402,19650.0,12.1,5,0,0,M,20,,,,,
2402,19651.0,14.9,15,25,20,M,20,,,,,
2402,19652.0,7.5,10,10,15,M,20,,,,,
2402,19653.0,17.0,15,30,0,M,20,,,,,
2402,19654.0,23.8,0,0,0,M,20,,,,,
2402,19655.0,0.0,0,10,0,M,20,,,,,
2402,19656.0,9.5,0,0,0,M,20,,,,,
2402,19657.0,5.6,0,0,0,M,20,,,,,
2402,19658.0,3.8,0,60,0,M,20,,,,,
2402,19659.0,9.5,0,0,0,M,20,,,,,
2402,19660.0,0.0,70,15,0,M,20,,,,,
2402,19661.0,10.1,40,45,5,M,20,,,,,
2402,19662.0,7.5,35,0,0,M,20,,,,,
2402,19663.0,17.0,20,0,25,M,20,,,,,
2402,19664.0,7.5,0,0,0,M,20,,,,,
2402,19665.0,13.3,40,30,0,M,20,,,,,
2402,19666.0,7.5,0,0,0,M,20,,,,,
4004,19667.0,19.2,0,0,0,M,20,A,A,D,D,B
4004,19668.0,5.8,30,45,15,M,20,A,A,D,D,B
4004,19669.0,7.5,0,0,0,M,20,A,A,D,D,B
4004,19670.0,9.5,35,30,0,M,20,A,A,D,D,B
4004,19671.0,0.0,0,10,0,M,20,A,A,D,D,C
4004,19672.0,0.0,30,15,40,M,20,A,A,D,E,C
4004,19673.0,7.5,0,0,0,M,20,A,A,D,E,C
4004,19674.0,9.5,0,0,0,M,20,A,A,E,E,C
4004,19675.0,21.0,25,0,0,M,20,A,A,E,E,C
4004,19676.0,31.0,0,10,0,M,20,A,A,E,E,D
4004,19677.0,23.3,0,45,15,M,20,A,A,E,E,D
4004,19678.0,15.1,80,20,15,M,20,A,A,E,E,D
4004,19679.0,19.4,0,0,0,M,20,A,A,E,E,D
4004,19680.0,7.5,0,0,0,M,20,A,A,E,E,D
4004,19681.0,4.8,0,30,0,M,20,A,A,E,E,D
4004,19682.0,0.0,10,0,0,M,20,A,A,E,E,D
4004,19683.0,11.8,50,0,30,M,20,A,A,E,E,E
4004,19684.0,0.0,0,0,10,M,20,A,C,E,E,E
4004,19685.0,7.5,15,0,20,M,20,A,D,E,F,E
4004,19686.0,18.4,15,0,20,M,20,A,D,E,F,F
4004,19687.0,21.6,0,0,0,M,20,A,D,E,F,F
4004,19688.0,14.5,55,0,0,M,20,A,F,F,F,F
4004,19689.0,11.9,0,0,5,M,20,A,F,F,F,F
4004,19690.0,28.3,20,5,20,M,20,,,,,
3202,19691.0,19.6,0,15,0,F,20,A,A,B,B,A
3202,19692.0,7.5,0,0,0,F,20,A,A,B,B,B
3202,19693.0,14.6,10,60,50,F,20,A,A,B,B,B
3202,19694.0,0.0,0,0,10,F,20,A,A,B,C,B
3202,19695.0,12.5,0,0,0,F,20,A,A,B,C,B
3202,19696.0,1.6,0,0,0,F,20,A,A,B,C,B
3202,19697.0,17.0,50,65,5,F,20,A,A,B,C,B
3202,19698.0,12.7,0,0,0,F,20,A,A,C,C,B
3202,19699.0,7.0,10,0,30,M,20,A,A,C,D,B
3202,19700.0,0.0,0,0,10,M,20,A,A,C,D,B
3202,19701.0,2.0,0,0,0,M,20,A,A,C,D,B
3202,19702.0,10.9,15,0,0,M,20,A,A,C,D,B
3202,19703.0,17.9,0,20,0,M,20,A,A,C,E,C
3202,19704.0,2.0,0,0,0,M,20,A,A,D,E,C
3202,19705.0,17.4,0,30,0,M,20,A,A,D,E,C
3202,19706.0,18.0,75,25,0,M,20,A,A,D,E,C
3202,19707.0,19.8,30,0,0,M,20,A,A,D,E,C
3202,19708.0,22.2,0,0,0,M,20,A,B,D,E,C
3202,19709.0,4.0,70,45,20,M,20,B,B,D,E,C
3202,19710.0,3.6,0,0,0,M,20,C,C,D,E,D
3202,19711.0,21.0,0,0,0,M,20,E,C,E,F,D
3202,19712.0,7.5,0,40,0,M,20,E,D,E,F,D
3202,19713.0,17.1,0,25,0,M,20,E,D,F,F,E
3202,19714.0,22.0,0,0,0,M,20,E,F,F,F,E
4301,19715.0,8.5,5,5,20,F,20,A,A,A,A,A
4301,19716.0,24.1,0,0,0,F,20,A,A,C,C,B
4301,19717.0,10.9,15,0,0,F,20,A,A,D,C,B
4301,19718.0,15.0,30,30,0,M,20,A,A,D,D,B
4301,19719.0,17.5,30,0,0,M,20,A,B,E,D,D
4301,19720.0,33.4,0,0,0,M,20,A,B,E,E,D
4301,19721.0,0.0,0,0,0,M,20,A,C,E,E,E
4301,19722.0,11.5,0,0,0,M,20,B,D,E,E,E
4301,19723.0,0.0,0,0,0,M,20,B,D,E,E,F
4301,19724.0,34.9,0,0,0,M,20,B,D,E,F,F
4301,19725.0,0.0,0,0,0,M,20,B,F,F,F,F
3202,19726.0,16.0,30,0,25,M,20,,,,,
2001,19727.0,27.3,0,50,0,F,20,A,A,A,A,A
2001,19728.0,7.5,0,30,50,F,20,A,A,A,B,A
2001,19729.0,20.8,0,0,0,F,20,A,A,D,D,D
2001,19730.0,0.0,0,0,0,F,20,A,A,D,D,D
2001,19731.0,30.9,30,0,0,F,20,A,A,D,D,D
2001,19732.0,18.6,20,15,0,F,20,A,A,D,D,D
2001,19733.0,7.5,70,30,10,F,20,A,A,D,D,D
2001,19734.0,6.4,20,15,10,F,20,A,A,D,D,D
2001,19735.0,15.5,55,30,30,F,20,A,A,D,D,D
2001,19736.0,15.0,0,30,0,F,20,A,A,D,D,D
2001,19737.0,5.0,35,10,10,F,20,A,A,D,D,D
2001,19738.0,12.8,50,90,10,F,20,A,A,D,D,D
2001,19739.0,7.5,20,15,5,F,20,A,A,D,D,D
2001,19740.0,19.4,25,0,0,F,20,A,A,D,D,D
2001,19741.0,7.5,20,0,20,F,20,A,A,D,D,D
2001,19742.0,18.6,0,25,0,F,20,A,A,D,D,D
2001,19743.0,13.1,0,0,0,F,20,A,A,D,E,D
2001,19744.0,0.0,0,0,0,F,20,A,A,D,E,D
2001,19745.0,16.0,30,5,20,F,20,A,A,D,E,D
2001,19746.0,8.5,30,0,0,F,20,A,A,D,E,D
2001,19747.0,20.7,20,0,5,F,20,A,A,D,E,E
2001,19748.0,8.1,10,0,0,F,20,A,A,D,E,E
2001,19749.0,9.9,0,0,0,F,20,B,A,D,E,E
2001,19750.0,8.0,20,10,5,F,20,B,A,D,E,E
2001,19751.0,16.0,10,45,0,F,20,B,A,D,E,E
2001,19752.0,2.0,40,30,5,F,20,B,B,E,F,E
2001,19753.0,7.5,0,40,0,F,20,B,B,E,F,E
2001,19754.0,10.5,40,50,0,F,20,B,B,E,F,E
2001,19755.0,22.5,0,0,10,F,20,B,C,E,F,E
2001,19756.0,11.5,40,45,0,F,20,B,C,E,F,E
2001,19757.0,8.4,0,20,10,F,20,B,D,E,F,E
2001,19758.0,2.0,0,0,0,F,20,B,D,E,F,E
2001,19759.0,7.5,0,0,0,F,20,B,D,E,F,E
2001,19760.0,6.4,0,0,0,F,20,B,D,E,F,E
2001,19761.0,22.5,0,0,0,F,20,B,D,E,F,F
2001,19762.0,18.7,25,0,0,F,20,B,D,E,F,F
2001,19763.0,4.6,20,0,40,F,20,B,D,F,F,F
2001,19764.0,9.4,30,45,25,F,20,D,F,F,F,F
2001,19765.0,13.5,50,15,10,M,20,E,F,F,F,F
3502,19766.0,22.5,0,0,0,F,20,A,A,A,B,A
3502,19767.0,22.5,0,0,0,F,20,A,A,B,B,A
3502,19768.0,32.8,0,0,20,F,20,A,A,B,B,B
3502,19769.0,7.5,50,0,65,F,20,A,A,B,B,B
3502,19770.0,5.4,30,0,25,F,20,A,A,B,C,B
3502,19771.0,15.0,0,0,0,F,20,A,A,B,C,B
3502,19772.0,22.5,0,0,0,F,20,A,A,B,C,B
3502,19773.0,5.6,0,20,10,F,20,A,A,C,C,B
3502,19774.0,16.5,20,35,0,M,20,A,A,C,C,B
3502,19775.0,22.5,0,0,0,M,20,A,A,C,D,B
3502,19776.0,7.5,50,0,65,M,20,A,A,C,D,B
3502,19777.0,8.5,0,0,0,M,20,A,A,C,D,B
3502,19778.0,2.2,0,0,0,M,20,A,A,C,D,B
3502,19779.0,22.5,0,0,0,M,20,A,A,C,D,B
3502,19780.0,22.5,0,0,0,M,20,A,A,C,D,B
3502,19781.0,22.5,0,0,0,M,20,A,B,D,D,C
3502,19782.0,22.5,0,0,0,M,20,A,D,D,D,C
3502,19783.0,22.5,0,0,0,M,20,A,D,D,D,C
3502,19784.0,10.1,0,0,0,M,20,,,,,
702,19785.0,17.2,20,20,10,F,20,A,A,A,A,B
702,19786.0,18.1,20,5,20,F,20,A,A,B,B,B
702,19787.0,15.0,0,0,0,F,20,A,A,B,B,B
702,19788.0,7.8,40,0,0,F,20,A,A,B,B,B
702,19789.0,15.0,0,0,0,F,20,A,A,B,B,B
702,19790.0,22.5,0,0,0,F,20,A,A,C,C,B
702,19791.0,22.5,0,0,0,F,20,A,A,C,C,C
702,19792.0,17.0,0,20,0,F,20,A,A,C,C,C
702,19793.0,30.9,0,25,0,F,20,A,A,C,C,C
702,19794.0,22.5,0,0,0,F,20,A,A,C,C,C
702,19795.0,8.5,10,0,25,M,20,A,A,D,C,C
702,19796.0,22.5,0,0,0,M,20,A,A,D,D,C
702,19797.0,8.2,100,80,5,M,20,A,A,D,D,D
702,19798.0,4.2,0,0,0,M,20,A,A,D,D,D
702,19799.0,15.0,0,0,0,M,20,A,A,D,E,D
702,19800.0,15.0,0,0,0,M,20,A,A,D,E,D
702,19801.0,20.0,0,0,0,M,20,A,A,D,E,D
702,19802.0,26.5,0,0,0,M,20,A,D,E,F,E
1601,19803.0,15.0,0,0,0,F,20,A,A,B,B,A
1601,19804.0,22.5,0,0,0,F,20,A,A,B,B,A
1601,19805.0,22.5,0,0,0,F,20,A,A,C,D,B
1601,19806.0,22.5,0,0,0,F,20,A,A,C,D,B
1601,19807.0,22.5,0,0,0,F,20,A,A,C,D,B
1601,19808.0,18.9,0,25,0,F,20,A,A,D,D,C
1601,19809.0,10.1,0,0,0,F,20,A,A,D,D,C
1601,19810.0,22.5,0,0,0,F,20,A,A,D,D,C
1601,19811.0,17.2,10,0,40,F,20,A,A,D,E,D
1601,19812.0,13.9,20,0,50,F,20,A,A,D,E,D
1601,19813.0,18.6,15,25,0,F,20,A,A,E,E,D
1601,19814.0,9.1,20,10,0,F,20,A,A,E,E,E
1601,19815.0,21.4,25,50,20,F,20,A,A,F,E,E
1601,19816.0,12.3,10,0,0,M,20,A,A,F,F,E
1601,19817.0,28.2,30,10,10,M,20,A,A,F,F,E
1601,19818.0,29.2,25,0,0,M,20,A,A,F,F,E
1601,19819.0,13.1,0,45,0,M,20,A,A,F,F,F
1601,19820.0,6.4,0,0,0,M,20,A,A,F,F,F
4004,19821.0,22.5,0,0,0,F,20,A,A,B,C,B
4004,19822.0,6.6,30,45,15,M,20,A,A,B,D,D
4004,19823.0,19.1,5,15,15,M,20,A,A,C,D,D
4004,19824.0,22.5,0,0,0,M,20,A,A,C,D,D
4004,19825.0,15.0,0,0,0,M,20,A,A,D,D,D
4004,19826.0,20.0,0,0,0,M,20,A,A,D,D,E
4004,19827.0,8.5,0,0,0,M,20,A,A,D,D,E
4004,19828.0,18.0,25,5,15,M,20,A,A,D,D,E
4004,19829.0,13.9,10,30,0,M,20,A,A,D,D,E
4004,19830.0,22.5,0,0,0,M,20,A,A,D,E,E
4004,19831.0,22.5,0,0,0,M,20,A,A,D,E,E
4004,19832.0,20.0,0,0,0,M,20,A,A,E,E,E
4004,19833.0,14.9,0,50,0,M,20,A,A,E,E,E
4004,19834.0,18.6,10,0,30,M,20,A,A,E,E,E
4004,19835.0,10.3,10,0,10,M,20,A,A,E,E,E
4004,19836.0,22.5,0,0,0,M,20,A,A,E,E,F
4004,19837.0,22.5,0,0,0,M,20,A,A,E,E,F
4004,19838.0,7.2,0,70,15,M,20,A,A,E,E,F
4004,19839.0,8.5,30,45,0,M,20,A,A,E,E,F
4004,19840.0,4.2,75,30,0,M,20,A,A,E,E,F
4004,19841.0,22.5,0,0,0,M,20,A,A,E,E,F
4004,19842.0,22.6,0,0,0,M,20,A,A,E,E,F
4004,19843.0,10.1,0,0,0,M,20,A,A,E,E,F
4004,19844.0,11.3,10,5,0,M,20,A,B,F,F,F
4004,19845.0,22.5,0,0,0,M,20,A,C,F,F,F
4004,19846.0,22.5,0,0,0,M,20,A,C,F,F,G
4004,19847.0,22.5,0,0,0,M,20,A,C,F,F,G
4004,19848.0,22.5,0,0,0,M,20,A,C,F,F,G
4004,19849.0,22.5,0,0,0,M,20,A,D,F,F,G
4004,19850.0,22.5,0,0,0,M,20,A,F,F,F,G
4004,19851.0,22.5,0,0,0,M,20,,,,,
4004,19852.0,10.3,20,0,0,M,20,,,,,
4004,19853.0,27.4,10,35,10,M,20,,,,,
4004,19854.0,16.0,0,0,30,M,20,,,,,
3202,19855.0,8.8,0,0,0,F,20,A,A,B,B,A
3202,19856.0,8.8,0,0,0,F,20,A,A,B,B,A
3202,19857.0,17.6,0,50,0,F,20,A,A,B,D,B
3202,19858.0,1.0,0,40,0,F,20,A,A,D,D,B
3202,19859.0,17.3,30,0,20,M,20,A,B,D,D,B
3202,19860.0,25.1,0,0,0,M,20,A,B,D,D,B
3202,19861.0,27.8,50,30,50,M,20,A,D,D,D,B
3202,19862.0,16.7,0,15,25,M,20,A,D,D,D,B
3202,19863.0,5.6,20,10,25,M,20,A,D,D,E,C
3202,19864.0,33.2,0,0,10,M,20,C,D,E,F,D
2001,19865.0,10.5,0,0,0,F,20,A,A,B,B,A
2001,19866.0,22.9,0,0,0,F,20,A,A,B,B,A
2001,19867.0,10.5,0,0,0,F,20,A,B,C,C,A
2001,19868.0,10.5,0,0,0,F,20,A,D,C,C,A
2001,19869.0,22.8,0,0,0,F,20,A,D,C,D,A
2001,19870.0,2.6,55,0,0,F,20,A,D,C,D,A
2001,19871.0,23.9,0,0,0,F,20,A,D,D,D,B
2001,19872.0,10.1,0,55,15,F,20,A,D,D,D,B
2001,19873.0,11.5,0,60,0,F,20,B,D,D,D,B
2001,19874.0,10.5,0,0,0,F,20,B,D,D,E,B
2001,19875.0,12.3,0,0,0,F,20,B,D,D,E,B
2001,19876.0,11.5,50,35,5,F,20,B,D,D,E,B
2001,19877.0,12.7,10,0,0,F,20,B,D,D,E,C
2001,19878.0,8.4,0,15,0,F,20,E,F,F,F,D
2001,19879.0,11.4,100,0,65,F,20,,,,,
2402,19880.0,20.4,0,0,0,F,20,A,A,A,B,A
2402,19881.0,35.7,0,0,0,F,20,A,A,B,B,A
2402,19882.0,14.7,55,0,0,F,20,A,A,B,B,A
2402,19883.0,22.7,0,0,0,F,20,A,A,B,B,A
2402,19884.0,12.7,10,0,0,F,20,A,A,B,B,A
2402,19885.0,2.6,0,0,0,F,20,A,A,B,B,A
2402,19886.0,19.4,20,0,15,F,20,A,A,B,B,A
2402,19887.0,23.0,0,15,0,F,20,A,A,B,C,A
2402,19888.0,24.9,0,0,0,F,20,A,A,B,C,A
2402,19889.0,20.4,50,35,20,F,20,A,A,B,C,A
2402,19890.0,17.6,50,0,0,F,20,A,A,B,C,A
2402,19891.0,12.3,40,45,0,F,20,A,A,B,C,A
2402,19892.0,7.0,0,0,0,F,20,A,A,B,C,A
2402,19893.0,18.5,55,30,15,F,20,A,A,C,C,A
2402,19894.0,24.3,55,15,0,F,20,A,A,C,D,A
2402,19895.0,17.0,15,35,5,F,20,A,A,C,D,A
2402,19896.0,2.0,0,5,0,F,20,A,A,C,D,A
2402,19897.0,10.6,60,45,65,F,20,A,A,C,D,A
2402,19898.0,12.9,30,30,20,F,20,A,A,C,D,A
2402,19899.0,16.7,20,15,20,F,20,A,A,C,D,B
2402,19900.0,10.6,0,0,0,F,20,A,A,C,D,B
2402,19901.0,30.8,0,15,10,F,20,A,A,C,D,B
2402,19902.0,25.2,10,30,15,F,20,A,A,C,D,B
2402,19903.0,18.8,15,10,15,F,20,A,A,C,D,B
2402,19904.0,26.5,15,30,20,F,20,A,A,C,D,B
2402,19905.0,22.5,20,35,35,F,20,A,A,C,D,B
2402,19906.0,2.6,0,30,0,F,20,A,A,C,D,B
2402,19907.0,15.0,0,35,0,F,20,A,B,C,D,B
2402,19908.0,22.8,0,0,0,M,20,A,B,C,D,B
2402,19909.0,19.0,0,10,0,M,20,A,B,D,D,B
2402,19910.0,7.5,10,65,0,M,20,A,B,D,D,B
2402,19911.0,15.0,0,65,0,M,20,A,B,D,D,B
2402,19912.0,19.9,20,0,0,M,20,A,B,D,D,B
2402,19913.0,7.2,10,10,25,M,20,A,B,D,D,B
2402,19914.0,8.9,20,0,15,M,20,A,B,D,D,B
2402,19915.0,28.6,20,30,0,M,20,A,B,D,D,B
2402,19916.0,14.9,10,35,20,M,20,A,B,D,D,B
2402,19917.0,9.5,15,5,10,M,20,A,B,D,D,B
2402,19918.0,13.3,0,5,0,M,20,A,C,D,D,B
2402,19919.0,10.6,35,60,0,M,20,A,D,D,D,B
2402,19920.0,15.0,30,5,30,M,20,A,D,D,D,B
2402,19921.0,25.0,0,25,40,M,20,A,D,D,E,B
2402,19922.0,7.5,0,0,0,M,20,A,D,D,E,B
2402,19923.0,7.5,0,0,0,M,20,A,D,D,E,C
2402,19924.0,7.5,0,0,0,M,20,A,D,E,E,C
2402,19925.0,7.5,0,0,0,M,20,A,D,E,E,C
2402,19926.0,7.5,0,0,0,M,20,A,D,E,E,C
2402,19927.0,19.8,15,5,15,M,20,A,D,E,E,D
2402,19928.0,30.3,40,0,0,M,20,A,D,E,E,D
2402,19929.0,7.5,0,0,0,M,20,A,D,E,E,D
2402,19930.0,7.5,0,0,0,M,20,A,D,E,E,D
2402,19931.0,6.0,0,20,0,M,20,A,D,E,E,E
2402,19932.0,7.5,0,0,0,M,20,B,D,E,F,E
702,19933.0,10.9,0,0,0,M,20,A,A,C,D,A
702,19934.0,7.5,0,0,0,M,20,A,A,C,D,A
702,19935.0,7.4,0,0,0,M,20,A,B,C,D,B
702,19936.0,7.5,0,0,0,M,20,A,B,D,D,B
702,19937.0,7.5,0,0,0,M,20,A,B,D,D,B
702,19938.0,7.5,0,0,0,M,20,A,B,D,D,B
702,19939.0,7.5,0,0,0,M,20,A,C,D,D,B
702,19940.0,7.5,0,0,0,M,20,A,D,D,D,B
702,19941.0,7.5,0,0,0,M,20,B,D,D,E,B
702,19942.0,18.4,0,15,0,M,20,B,D,D,E,B
702,19943.0,7.5,0,0,0,M,20,B,D,E,F,B
702,19944.0,7.5,0,0,0,M,20,B,D,E,F,C
702,19945.0,29.7,10,25,10,M,20,B,D,F,F,D
702,19946.0,9.1,0,25,0,M,20,C,D,F,F,E
702,19947.0,7.5,0,0,0,M,20,,,,,
702,19948.0,20.0,0,0,5,M,20,,,,,
702,19949.0,0.6,0,45,0,M,20,,,,,
702,19950.0,14.4,65,45,40,M,20,,,,,
702,19951.0,7.5,0,0,0,M,20,,,,,
1402,19952.0,7.5,0,0,0,F,20,A,A,B,B,B
1402,19953.0,34.0,0,0,0,F,20,A,A,B,B,B
1402,19954.0,7.5,0,0,0,F,20,A,D,C,D,C
1402,19955.0,11.1,0,0,0,F,20,A,D,D,D,C
1402,19956.0,0.0,20,0,0,M,20,A,D,D,E,C
1402,19957.0,19.4,10,25,5,M,20,A,D,D,E,C
1402,19958.0,7.5,0,0,0,M,20,A,D,D,E,E
1402,19959.0,15.6,0,0,0,M,20,A,F,F,F,E
1402,19960.0,37.5,0,0,0,M,20,A,F,F,F,E
1402,19961.0,15.9,0,40,0,M,20,,,,,
4004,19962.0,10.1,0,80,0,F,20,A,A,B,C,A
4004,19963.0,7.5,0,0,0,F,20,A,A,C,D,B
4004,19964.0,7.5,0,0,0,F,20,A,A,C,D,B
4004,19965.0,7.5,55,20,15,F,20,A,A,C,D,B
4004,19966.0,26.4,25,0,40,F,20,A,A,D,D,B
4004,19967.0,7.5,0,0,0,F,20,A,A,D,D,B
4004,19968.0,23.2,0,0,0,F,20,A,A,D,D,B
4004,19969.0,23.4,0,0,0,F,20,A,A,D,D,B
4004,19970.0,7.5,0,0,0,F,20,A,A,D,D,C
4004,19971.0,7.5,25,0,20,M,20,A,A,D,D,C
4004,19972.0,19.8,35,0,0,M,20,A,A,D,D,C
4004,19973.0,7.5,0,0,0,M,20,A,A,D,D,C
4004,19974.0,15.3,100,30,10,M,20,A,A,D,D,C
4004,19975.0,11.1,10,0,10,M,20,A,A,D,D,C
4004,19976.0,0.0,0,0,20,M,20,A,A,D,D,C
4004,19977.0,25.2,0,0,0,M,20,A,A,D,D,C
4004,19978.0,22.5,20,0,0,M,20,A,A,D,D,D
4004,19979.0,12.7,20,60,5,M,20,A,A,D,E,D
4004,19980.0,2.6,0,5,0,M,20,A,A,D,E,D
4004,19981.0,4.2,0,60,10,M,20,A,A,D,E,D
4004,19982.0,22.5,20,0,0,M,20,A,A,D,E,D
4004,19983.0,7.5,0,0,0,M,20,A,A,E,E,D
4004,19984.0,8.5,30,0,10,M,20,A,A,E,E,D
4004,19985.0,21.4,50,30,20,M,20,A,A,E,E,D
4004,19986.0,7.5,0,0,0,M,20,A,A,E,E,D
4004,19987.0,3.2,20,45,10,M,20,A,A,E,E,E
4004,19988.0,8.4,50,0,0,M,20,A,A,E,E,E
4004,19989.0,7.5,0,0,0,M,20,A,A,E,E,E
4004,19990.0,7.5,0,0,0,M,20,A,A,E,E,E
4004,19991.0,15.4,0,35,0,M,20,A,A,E,E,E
4004,19992.0,17.6,0,45,65,M,20,A,A,E,E,E
4004,19993.0,7.5,0,0,0,M,20,A,A,E,E,E
4004,19994.0,7.5,0,0,0,M,20,A,A,E,E,E
4004,19995.0,7.5,0,0,0,M,20,A,A,E,E,E
4004,19996.0,28.8,0,20,20,M,20,A,A,E,E,E
4004,19997.0,7.5,0,0,0,M,20,A,A,E,E,E
4004,19998.0,7.5,0,0,0,M,20,A,D,E,F,F
4004,19999.0,7.5,0,0,0,M,20,A,D,E,F,F
4004,20000.0,7.5,0,0,0,M,20,A,D,E,F,F
4004,20001.0,12.3,35,20,0,M,20,A,D,E,F,F
4004,20002.0,7.5,0,0,0,M,20,A,D,E,F,F
4004,20003.0,7.5,0,0,0,M,20,A,D,E,F,F
4004,20004.0,7.5,0,0,0,M,20,A,D,E,F,F
4004,20005.0,7.5,0,0,0,M,20,A,D,F,F,F
4004,20006.0,7.5,0,0,0,M,20,A,D,F,F,F
4004,20007.0,7.5,0,0,0,M,20,A,D,F,F,F
4004,20008.0,7.5,0,0,0,M,20,A,D,F,F,F
4004,20009.0,3.6,25,0,0,M,20,A,D,F,F,F
4004,20010.0,18.0,0,20,0,M,20,A,D,F,F,F
4004,20011.0,7.5,0,0,0,M,20,A,D,F,F,F
4004,20012.0,7.5,0,0,0,M,20,A,D,F,F,F
4004,20013.0,8.5,10,30,0,M,20,A,F,F,F,F
4004,20014.0,7.5,0,0,0,M,20,,,,,
1502,20015.0,7.5,0,0,0,F,20,A,A,C,C,B
1502,20016.0,34.0,0,0,0,F,20,A,A,C,C,B
1502,20017.0,7.5,0,0,0,F,20,A,A,D,D,B
1502,20018.0,7.5,0,0,0,F,20,A,B,D,D,B
1502,20019.0,17.7,15,15,20,F,20,A,D,D,D,B
1502,20020.0,7.5,20,25,0,F,20,A,D,D,D,B
1502,20021.0,11.3,0,0,20,M,20,A,D,D,D,B
1502,20022.0,7.8,25,0,20,M,20,A,D,D,D,C
1502,20023.0,7.5,0,0,0,M,20,A,D,D,D,C
1502,20024.0,7.5,0,0,0,M,20,A,D,D,D,C
1502,20025.0,7.5,0,0,0,M,20,A,D,E,E,C
1502,20026.0,7.5,0,0,0,M,20,B,D,E,F,E
1502,20027.0,7.5,0,0,0,M,20,B,D,F,F,E
1502,20028.0,7.5,0,0,0,M,20,B,D,F,F,F
1502,20029.0,7.5,0,0,0,M,20,,,,,
1602,20030.0,8.5,0,0,40,F,20,A,A,A,B,A
1602,20031.0,7.5,0,0,0,F,20,A,B,D,D,B
1602,20032.0,7.5,0,0,0,F,20,A,B,D,D,B
1602,20033.0,7.5,0,0,0,F,20,A,D,E,D,B
1602,20034.0,7.5,0,0,0,F,20,A,D,E,E,C
1602,20035.0,7.5,0,0,0,F,20,A,D,E,E,D
1602,20036.0,7.5,0,0,0,M,20,A,D,E,E,D
1602,20037.0,7.5,0,0,0,M,20,A,D,F,E,E
1602,20038.0,3.0,0,0,0,M,20,,,,,
1602,20039.0,17.0,0,0,0,M,20,,,,,
3001,20040.0,7.5,0,0,0,F,20,A,A,A,A,A
3001,20041.0,7.5,0,0,0,F,20,A,A,B,B,A
3001,20042.0,7.5,0,0,0,F,20,A,A,B,B,A
3001,20043.0,34.0,0,0,0,M,20,A,A,B,B,B
3001,20044.0,7.5,0,0,0,M,20,A,A,C,C,B
3001,20045.0,7.5,0,35,10,M,20,A,A,C,C,B
3001,20046.0,24.5,5,0,0,M,20,A,A,D,D,B
3001,20047.0,1.6,10,0,0,M,20,A,A,D,D,C
3001,20048.0,19.8,25,0,10,M,20,A,A,D,D,C
3001,20049.0,11.1,20,0,0,M,20,A,A,D,E,C
3001,20050.0,20.1,10,80,20,M,20,A,A,D,E,D
3001,20051.0,10.7,15,10,0,M,20,E,F,F,F,D
3001,20052.0,0.0,30,35,30,M,20,,,,,
2402,20053.0,3.6,0,0,0,F,20,A,A,B,B,A
2402,20054.0,1.0,0,0,0,F,20,A,A,B,B,A
2402,20055.0,22.5,0,0,0,F,20,A,A,B,B,B
2402,20056.0,22.5,0,0,0,F,20,A,A,B,B,B
2402,20057.0,13.2,40,0,45,F,20,A,A,B,B,B
2402,20058.0,5.8,0,10,0,M,20,A,A,B,C,B
2402,20059.0,17.2,0,0,0,M,20,A,A,C,D,B
2402,20060.0,22.5,0,0,0,M,20,A,A,C,D,B
2402,20061.0,22.5,0,0,0,M,20,A,B,C,D,B
2402,20062.0,14.5,0,0,0,M,20,A,D,D,D,C
2402,20063.0,11.2,0,0,0,M,20,A,D,D,D,C
2402,20064.0,31.9,0,20,0,M,20,A,D,D,E,E
702,20065.0,18.1,0,20,0,F,20,A,A,B,B,A
702,20066.0,23.5,0,0,0,F,20,A,A,B,B,B
702,20067.0,31.0,0,40,0,F,20,A,A,B,B,B
702,20068.0,32.7,0,25,0,M,20,B,A,C,C,B
702,20069.0,21.0,0,25,0,M,20,B,A,C,C,B
702,20070.0,16.7,60,0,0,M,20,B,A,C,C,B
702,20071.0,10.9,15,0,10,M,20,B,A,D,C,B
702,20072.0,6.4,75,25,0,M,20,B,B,D,D,B
702,20073.0,22.5,0,0,0,M,20,C,B,D,E,C
702,20074.0,12.4,0,15,50,M,20,D,F,E,E,C
904,20075.0,19.2,0,30,0,F,20,A,A,B,B,A
904,20076.0,5.2,75,30,0,F,20,A,A,B,B,A
904,20077.0,47.8,0,0,0,F,20,A,A,B,B,A
904,20078.0,0.0,15,55,30,F,20,A,A,B,B,A
904,20079.0,10.1,10,20,0,F,20,A,A,B,C,A
904,20080.0,3.6,0,0,0,F,20,A,A,C,C,A
904,20081.0,16.3,0,0,0,F,20,A,A,C,C,A
904,20082.0,23.8,0,0,0,F,20,A,A,C,C,B
904,20083.0,23.8,0,0,0,F,20,A,A,C,C,B
904,20084.0,45.7,0,15,0,F,20,A,A,C,D,B
904,20085.0,23.8,0,0,0,F,20,A,A,C,D,B
904,20086.0,11.5,0,0,0,F,20,A,A,D,D,B
904,20087.0,7.5,0,0,15,F,20,A,A,D,D,B
904,20088.0,33.9,10,0,10,F,20,A,A,D,D,B
904,20089.0,12.3,10,60,20,F,20,B,A,D,D,B
904,20090.0,19.6,25,5,10,F,20,B,A,D,D,C
904,20091.0,16.1,0,0,0,F,20,B,A,E,D,C
904,20092.0,10.3,0,0,30,M,20,B,A,E,D,C
904,20093.0,13.1,50,10,25,M,20,E,A,E,E,D
904,20094.0,14.7,30,45,0,M,20,E,B,E,E,D
904,20095.0,2.2,10,0,0,M,20,E,B,E,E,D
904,20096.0,15.4,20,45,5,M,20,E,D,E,E,D
904,20097.0,12.5,0,15,0,M,20,E,D,F,E,E
904,20098.0,11.1,20,5,0,M,20,,,,,
904,20099.0,22.5,0,0,0,M,20,,,,,
2501,20100.0,4.6,0,20,0,F,20,A,A,A,A,A
2501,20101.0,13.5,10,0,0,F,20,A,A,B,A,A
2501,20102.0,13.5,0,0,10,F,20,A,A,B,B,A
2501,20103.0,0.0,50,45,5,F,20,A,A,B,B,A
2501,20104.0,13.3,0,0,0,F,20,A,A,C,B,A
2501,20105.0,9.5,20,15,0,F,20,A,A,C,C,A
2501,20106.0,2.4,0,35,0,M,20,,,,,
905,20107.0,7.8,0,0,0,F,20,A,A,B,B,A
905,20108.0,9.5,0,0,0,F,20,A,A,B,B,A
905,20109.0,16.0,10,15,40,F,20,A,A,B,C,A
905,20110.0,11.3,0,0,0,M,20,B,D,F,F,E
905,20111.0,11.2,0,0,0,M,20,,,,,
906,20112.0,9.6,0,25,0,F,20,A,A,A,A,A
906,20113.0,23.0,0,60,15,F,20,A,A,A,B,A
906,20114.0,14.5,30,45,0,F,20,A,A,A,B,A
906,20115.0,21.8,90,0,10,F,20,A,A,B,B,A
906,20116.0,16.0,0,0,0,F,20,A,A,B,B,A
906,20117.0,21.4,90,0,15,F,20,A,A,B,B,B
906,20118.0,1.6,0,0,0,F,20,A,A,B,B,B
906,20119.0,11.5,0,0,0,M,20,B,A,D,D,C
906,20120.0,5.4,15,0,0,M,20,E,D,E,F,E
2402,20121.0,12.1,25,0,0,F,20,A,A,A,B,A
2402,20122.0,8.9,30,0,10,F,20,A,A,A,B,A
2402,20123.0,9.1,15,5,20,F,20,A,A,B,B,A
2402,20124.0,0.0,20,0,5,F,20,A,A,B,C,B
2402,20125.0,17.6,20,5,30,F,20,A,A,C,C,B
2402,20126.0,19.7,20,75,20,F,20,A,A,C,C,B
2402,20127.0,6.6,20,25,10,F,20,A,A,C,C,B
2402,20128.0,0.0,25,0,0,F,20,A,A,C,C,B
2402,20129.0,11.1,25,0,0,F,20,A,A,C,C,B
2402,20130.0,10.1,0,0,0,F,20,A,A,C,D,B
2402,20131.0,18.6,0,20,0,F,20,A,A,C,D,C
2402,20132.0,10.1,0,25,0,F,20,A,A,C,D,C
2402,20133.0,7.5,0,0,0,F,20,A,A,C,D,C
2402,20134.0,15.0,0,0,0,F,20,A,A,D,D,C
2402,20135.0,23.0,10,0,10,F,20,A,A,D,D,C
2402,20136.0,15.0,0,0,0,M,20,A,A,D,D,C
2402,20137.0,15.0,0,0,0,M,20,C,D,D,F,E
2402,20138.0,15.0,0,0,0,M,20,C,F,F,F,F
2402,20139.0,15.0,0,0,0,M,20,,,,,
1602,20140.0,11.7,0,0,0,F,20,A,A,B,B,A
1602,20141.0,15.0,0,0,0,F,20,A,A,B,B,A
1602,20142.0,15.0,0,0,0,F,20,A,A,B,B,A
1602,20143.0,15.0,0,0,0,F,20,A,A,C,B,A
1602,20144.0,13.5,10,10,0,F,20,A,A,C,B,B
1602,20145.0,16.5,0,0,0,F,20,A,A,C,B,B
1602,20146.0,16.1,20,45,0,F,20,A,A,C,B,B
1602,20147.0,7.5,0,0,0,F,20,A,A,C,C,B
1602,20148.0,9.5,0,15,0,F,20,A,A,C,C,B
1602,20149.0,32.0,0,20,0,F,20,A,A,C,D,B
1602,20150.0,3.8,0,0,0,F,20,A,A,C,D,B
1602,20151.0,15.0,0,0,0,F,20,A,A,C,D,B
1602,20152.0,15.0,0,0,0,F,20,A,A,D,D,D
1602,20153.0,11.7,0,0,0,F,20,A,A,D,E,D
1602,20154.0,13.6,0,0,0,F,20,A,A,D,E,D
1602,20155.0,15.0,0,0,0,F,20,A,B,D,E,D
1602,20156.0,14.7,35,10,0,M,20,A,D,D,E,D
1602,20157.0,8.4,20,15,10,M,20,B,D,E,F,E
1602,20158.0,8.2,0,0,0,M,20,E,F,E,F,F
1602,20159.0,14.7,0,45,0,M,20,,,,,
1602,20160.0,13.1,30,0,0,M,20,,,,,
1602,20161.0,13.5,0,0,0,M,20,,,,,
1602,20162.0,15.0,0,0,0,M,20,,,,,
1602,20163.0,15.0,0,0,0,M,20,,,,,
4004,20164.0,15.0,0,0,0,M,20,A,A,B,B,B
4004,20165.0,7.5,0,0,0,M,20,A,A,B,B,C
4004,20166.0,15.0,0,0,0,M,20,A,A,B,C,C
4004,20167.0,22.5,0,0,10,M,20,A,A,D,D,D
4004,20168.0,15.0,0,0,0,M,20,A,A,D,D,E
4004,20169.0,16.5,0,0,0,M,20,A,A,D,D,E
4004,20170.0,15.0,0,0,0,M,20,A,A,D,D,E
4004,20171.0,15.0,0,0,0,M,20,A,A,D,D,E
4004,20172.0,15.0,0,0,0,M,20,A,A,D,D,E
4004,20173.0,11.7,25,65,5,M,20,A,A,D,D,E
4004,20174.0,15.0,0,0,0,M,20,A,A,D,D,E
4004,20175.0,9.5,0,15,0,M,20,A,A,D,D,E
4004,20176.0,7.5,0,0,0,M,20,A,A,D,D,E
4004,20177.0,18.6,0,20,0,M,20,A,A,D,D,E
4004,20178.0,15.0,0,0,0,M,20,A,A,E,E,E
4004,20179.0,15.0,0,0,0,M,20,E,F,F,F,F
4004,20180.0,15.0,0,0,0,M,20,E,F,F,F,G
4004,20181.0,15.0,0,0,0,M,20,,,,,
4004,20182.0,15.0,0,0,0,M,20,,,,,
702,20183.0,7.5,0,50,0,F,20,A,A,B,B,B
702,20184.0,15.0,0,0,0,F,20,A,A,B,B,B
702,20185.0,15.0,0,0,0,M,20,,,,,
2402,20186.0,15.0,0,0,0,F,20,A,A,A,A,A
2402,20187.0,15.0,0,0,0,F,20,A,A,B,B,A
2402,20188.0,15.0,0,0,0,F,20,A,A,B,B,A
2402,20189.0,15.0,0,0,0,F,20,A,A,B,B,B
2402,20190.0,15.0,0,0,0,F,20,A,A,B,B,B
2402,20191.0,15.0,0,0,0,F,20,A,A,B,B,B
2402,20192.0,15.0,0,0,0,F,20,A,A,B,B,C
2402,20193.0,15.0,0,0,0,F,20,A,A,B,C,C
2402,20194.0,21.8,5,5,20,F,20,A,A,C,C,C
2402,20195.0,15.0,0,0,0,F,20,A,A,D,D,D
2402,20196.0,17.3,0,30,0,M,20,A,A,D,D,D
2402,20197.0,15.0,0,0,0,M,20,A,A,D,D,D
2402,20198.0,15.0,0,0,0,M,20,,,,,
2402,20199.0,15.0,0,0,0,M,20,,,,,
2402,20200.0,15.0,0,0,0,M,20,,,,,
2402,20201.0,7.5,15,35,0,M,20,,,,,
2402,20202.0,15.0,0,0,0,M,20,,,,,
3202,20203.0,11.9,0,0,0,F,20,A,A,B,C,B
3202,20204.0,7.5,0,0,0,F,20,A,A,B,C,B
3202,20205.0,15.0,0,0,0,F,20,A,A,B,C,B
3202,20206.0,11.9,0,0,0,F,20,A,A,B,C,B
5402,20207.0,15.0,0,0,0,F,20,A,A,A,D,B
5402,20208.0,15.0,0,0,0,F,20,A,A,C,D,B
5402,20209.0,15.0,0,0,0,M,20,A,A,D,E,B
5402,20210.0,18.6,40,0,10,M,20,A,A,D,E,C
3502,20211.0,15.0,0,0,0,F,20,A,A,A,A,A
3502,20212.0,15.0,0,0,0,F,20,A,A,B,B,A
3502,20213.0,15.0,0,0,0,F,20,A,A,B,B,A
3502,20214.0,15.0,0,0,0,F,20,A,A,B,B,B
3502,20215.0,11.1,20,60,20,F,20,A,A,B,B,B
3502,20216.0,15.0,0,0,0,F,20,A,A,B,B,B
3502,20217.0,15.0,0,0,0,F,20,A,A,B,B,B
3502,20218.0,15.0,0,0,0,F,20,A,A,C,C,B
3502,20219.0,11.9,0,0,0,F,20,A,A,C,C,B
3502,20220.0,15.0,0,0,0,F,20,A,A,C,C,B
3502,20221.0,9.8,0,0,0,F,20,A,A,C,C,B
3502,20222.0,25.1,0,0,0,F,20,A,A,C,D,B
3502,20223.0,17.9,30,0,25,F,20,A,A,C,D,C
3502,20224.0,15.0,0,0,0,F,20,A,A,C,D,C
3502,20225.0,15.0,0,0,0,F,20,A,A,C,D,C
3502,20226.0,15.0,0,0,0,F,20,A,A,C,D,C
3502,20227.0,15.0,0,0,0,F,20,A,A,C,D,C
3502,20228.0,15.0,0,0,0,F,20,A,A,D,D,C
3502,20229.0,7.2,60,10,0,F,20,A,A,D,D,C
3502,20230.0,15.0,0,0,0,F,20,A,A,D,D,C
3502,20231.0,15.0,0,0,0,F,20,A,A,D,D,C
3502,20232.0,15.0,0,0,0,F,20,B,A,D,D,C
3502,20233.0,4.0,0,0,0,M,20,B,A,D,D,C
3502,20234.0,15.0,0,0,0,M,20,E,D,F,F,E
3502,20235.0,15.0,0,0,0,M,20,,,,,
3502,20236.0,15.0,0,0,0,M,20,,,,,
3502,20237.0,15.0,0,0,0,M,20,,,,,
3502,20238.0,15.0,0,0,0,M,20,,,,,
3502,20239.0,8.5,0,45,0,M,20,,,,,
3502,20240.0,15.0,0,0,0,M,20,,,,,
3502,20241.0,9.0,50,45,20,M,20,,,,,
3502,20242.0,15.0,0,0,0,M,20,,,,,
3502,20243.0,21.6,30,0,0,M,20,,,,,
3502,20244.0,7.5,25,20,5,M,20,,,,,
3502,20245.0,17.0,30,20,10,M,20,,,,,
3502,20246.0,15.0,0,0,0,M,20,,,,,
3502,20247.0,15.0,0,0,0,M,20,,,,,
3502,20248.0,13.1,15,0,0,M,20,,,,,
3502,20249.0,15.0,0,0,0,M,20,,,,,
3502,20250.0,15.0,0,0,0,M,20,,,,,
3502,20251.0,2.6,10,0,0,M,20,,,,,
3502,20252.0,15.0,0,0,0,M,20,,,,,
3502,20253.0,15.0,0,0,0,M,20,,,,,
3502,20254.0,15.0,0,0,0,M,20,,,,,
3502,20255.0,15.0,0,0,0,M,20,,,,,
4006,20256.0,15.0,0,0,0,F,20,A,A,A,B,B
4006,20257.0,15.0,0,0,0,F,20,A,A,B,B,B
4006,20258.0,7.5,50,0,0,F,20,A,A,B,B,B
4006,20259.0,15.0,0,0,0,M,20,A,A,B,C,B
4006,20260.0,15.0,0,0,0,M,20,A,A,B,C,C
4006,20261.0,15.0,0,0,0,M,20,A,A,B,D,D
4006,20262.0,11.1,30,30,40,M,20,A,A,B,D,D
4006,20263.0,11.1,30,0,0,M,20,A,A,C,D,D
4006,20264.0,0.0,0,0,0,M,20,A,A,D,D,D
4006,20265.0,19.5,50,65,5,M,20,A,A,D,D,E
4006,20266.0,14.7,0,50,0,M,20,A,A,D,D,E
4006,20267.0,42.9,40,0,0,M,20,A,A,D,D,E
4006,20268.0,4.8,10,0,0,M,20,A,A,D,D,E
4006,20269.0,14.5,0,35,15,M,20,A,A,D,D,E
4006,20270.0,19.4,0,0,0,M,20,A,A,E,D,E
4006,20271.0,0.0,0,0,0,M,20,A,A,E,E,F
4006,20272.0,40.8,20,15,20,M,20,A,A,E,E,F
4006,20273.0,19.0,20,85,20,M,20,A,A,E,E,F
4006,20274.0,48.7,0,0,0,M,20,B,A,E,E,F
2001,20275.0,0.0,0,0,0,F,20,A,A,B,B,A
2001,20276.0,0.0,0,0,0,F,20,A,A,B,B,A
2001,20277.0,0.0,0,0,0,F,20,A,A,B,C,A
2001,20278.0,0.0,0,0,0,F,20,A,A,B,C,A
2001,20279.0,0.0,0,0,0,F,20,A,B,B,C,A
2001,20280.0,0.0,0,0,0,F,20,A,B,C,D,B
2001,20281.0,0.0,0,0,0,F,20,A,D,C,D,B
2001,20282.0,0.0,0,0,0,F,20,B,D,D,E,B
2001,20283.0,0.0,0,0,0,F,20,B,D,E,E,B
2001,20284.0,0.0,0,0,0,F,20,C,D,E,E,C
2001,20285.0,0.0,0,0,0,F,20,C,D,E,E,F
2001,20286.0,0.0,0,0,0,F,20,E,D,F,F,F
2001,20287.0,0.0,0,0,0,F,20,,,,,
2001,20288.0,0.0,0,0,0,M,20,,,,,
2001,20289.0,0.0,0,0,0,M,20,,,,,
2001,20290.0,0.0,0,0,0,M,20,,,,,
3502,20291.0,0.0,0,0,0,F,20,A,A,A,B,A
3502,20292.0,0.0,0,0,0,F,20,A,B,B,D,B
3502,20293.0,0.0,0,0,0,F,20,A,B,C,D,B
3502,20294.0,0.0,0,0,0,F,20,A,C,C,D,B
3502,20295.0,0.0,0,0,0,F,20,A,D,D,D,B
3502,20296.0,0.0,0,0,0,F,20,A,D,D,D,B
3502,20297.0,0.0,0,0,0,F,20,A,D,D,D,B
3502,20298.0,0.0,0,0,0,F,20,A,D,D,D,C
3502,20299.0,0.0,0,0,0,M,20,A,D,D,E,D
3502,20300.0,0.0,0,0,0,M,20,A,D,D,E,D
3502,20301.0,0.0,0,0,0,M,20,A,D,D,E,D
3502,20302.0,0.0,0,0,0,M,20,B,D,D,F,D
3502,20303.0,0.0,0,0,0,M,20,B,D,E,F,E
3502,20304.0,0.0,0,0,0,M,20,B,D,E,F,E
3502,20305.0,0.0,0,0,0,M,20,E,F,F,F,E
3502,20306.0,0.0,0,0,0,M,20,,,,,
3502,20307.0,0.0,0,0,0,M,20,,,,,
3502,20308.0,0.0,0,0,0,M,20,,,,,
3502,20309.0,0.0,0,0,0,M,20,,,,,
3502,20310.0,0.0,0,0,0,M,20,,,,,
3502,20311.0,0.0,0,0,0,M,20,,,,,
3502,20312.0,0.0,0,0,0,M,20,,,,,
3502,20313.0,0.0,0,0,0,M,20,,,,,
3502,20314.0,0.0,0,0,0,M,20,,,,,
2001,20315.0,0.0,0,0,0,F,20,A,A,A,A,A
2001,20316.0,0.0,0,0,0,F,20,A,A,A,B,A
2001,20317.0,0.0,0,0,0,F,20,A,A,A,B,A
2001,20318.0,0.0,0,0,0,F,20,A,A,B,B,A
2001,20319.0,0.0,0,0,0,F,20,A,B,B,B,B
2001,20320.0,0.0,0,0,0,F,20,A,B,B,C,B
2001,20321.0,0.0,0,0,0,F,20,A,D,B,D,B
2001,20322.0,0.0,0,0,0,F,20,A,D,B,D,B
2001,20323.0,0.0,0,0,0,F,20,A,D,B,D,B
2001,20324.0,0.0,0,0,0,F,20,A,D,B,D,B
2001,20325.0,0.0,0,0,0,F,20,B,D,B,D,B
2001,20326.0,0.0,0,0,0,F,20,B,D,B,D,B
2001,20327.0,0.0,0,0,0,F,20,B,D,B,D,B
2001,20328.0,0.0,0,0,0,F,20,C,D,C,E,B
2001,20329.0,0.0,0,0,0,F,20,C,D,C,E,B
2001,20330.0,0.0,0,0,0,F,20,C,D,C,E,B
2001,20331.0,0.0,0,0,0,F,20,C,D,D,E,B
2001,20332.0,0.0,0,0,0,F,20,E,F,D,F,C
2001,20333.0,0.0,0,0,0,F,20,,,,,
2001,20334.0,0.0,0,0,0,M,20,,,,,
2001,20335.0,0.0,0,0,0,M,20,,,,,
3002,20336.0,0.0,0,0,0,F,20,A,A,A,A,A
3002,20337.0,0.0,0,0,0,F,20,A,A,A,B,A
3002,20338.0,0.0,0,0,0,F,20,A,A,A,B,A
3002,20339.0,0.0,0,0,0,F,20,A,B,B,B,A
3002,20340.0,0.0,0,0,0,F,20,A,B,B,B,A
3002,20341.0,0.0,0,0,0,F,20,A,B,B,B,B
3002,20342.0,0.0,0,0,0,M,20,A,D,B,B,B
3002,20343.0,0.0,0,0,0,M,20,A,D,B,B,B
3002,20344.0,0.0,0,0,0,M,20,A,D,B,C,B
3002,20345.0,0.0,0,0,0,M,20,A,D,C,C,B
3002,20346.0,0.0,0,0,0,M,20,A,D,D,C,B
3002,20347.0,0.0,0,0,0,M,20,A,D,D,C,B
3002,20348.0,0.0,0,0,0,M,20,B,D,D,D,C
3002,20349.0,0.0,0,0,0,M,20,,,,,
3002,20350.0,0.0,0,0,0,M,20,,,,,
2402,20351.0,0.0,0,0,0,F,20,A,A,B,B,A
2402,20352.0,0.0,0,0,0,F,20,A,A,B,B,A
2402,20353.0,0.0,0,0,0,F,20,A,A,B,B,A
2402,20354.0,0.0,0,0,0,F,20,A,A,B,B,A
2402,20355.0,0.0,0,0,0,F,20,A,A,B,B,A
2402,20356.0,0.0,0,0,0,F,20,A,B,B,C,B
2402,20357.0,0.0,0,0,0,F,20,A,B,B,C,B
2402,20358.0,0.0,0,0,0,F,20,A,B,B,D,B
2402,20359.0,0.0,0,0,0,F,20,A,B,C,D,B
2402,20360.0,0.0,0,0,0,F,20,A,D,C,D,B
2402,20361.0,0.0,0,0,0,F,20,A,D,D,D,B
2402,20362.0,0.0,0,0,0,F,20,A,D,D,D,B
2402,20363.0,0.0,0,0,0,M,20,A,D,D,D,C
2402,20364.0,0.0,0,0,0,M,20,A,D,D,D,C
2402,20365.0,0.0,0,0,0,M,20,A,D,D,D,C
2402,20366.0,0.0,0,0,0,M,20,B,D,D,E,C
2402,20367.0,0.0,0,0,0,M,20,B,D,E,E,D
2402,20368.0,0.0,0,0,0,M,20,B,D,E,E,D
2402,20369.0,0.0,0,0,0,M,20,E,F,E,E,D
2402,20370.0,0.0,0,0,0,M,20,E,F,E,F,E
2402,20371.0,0.0,0,0,0,M,20,,,,,
2402,20372.0,0.0,0,0,0,M,20,,,,,
2402,20373.0,0.0,0,0,0,M,20,,,,,
2402,20374.0,0.0,0,0,0,M,20,,,,,
2402,20375.0,0.0,0,0,0,M,20,,,,,
702,20376.0,0.0,0,0,0,F,20,A,A,B,B,A
702,20377.0,0.0,0,0,0,M,20,A,D,C,C,B
702,20378.0,0.0,0,0,0,M,20,A,D,C,D,C
702,20379.0,0.0,0,0,0,M,20,A,D,C,D,D
702,20380.0,0.0,0,0,0,M,20,A,D,D,D,D
702,20381.0,0.0,0,0,0,M,20,B,D,D,D,D
702,20382.0,0.0,0,0,0,M,20,B,D,E,D,E
702,20383.0,0.0,0,0,0,M,20,E,F,E,F,F
1402,20384.0,0.0,0,0,0,F,20,A,A,A,B,A
1402,20385.0,0.0,0,0,0,F,20,A,A,B,C,A
1402,20386.0,0.0,0,0,0,F,20,A,B,B,D,A
1402,20387.0,0.0,0,0,0,F,20,A,B,C,D,B
1402,20388.0,0.0,0,0,0,M,20,A,D,E,E,E
1402,20389.0,0.0,0,0,0,M,20,B,D,F,E,F
1602,20390.0,0.0,0,0,0,F,20,A,A,B,B,A
1602,20391.0,0.0,0,0,0,F,20,A,A,B,C,A
1602,20392.0,0.0,0,0,0,F,20,A,A,B,C,A
1602,20393.0,0.0,0,0,0,F,20,A,A,B,D,A
1602,20394.0,0.0,0,0,0,F,20,A,A,B,D,A
1602,20395.0,0.0,0,0,0,F,20,A,A,C,D,A
1602,20396.0,0.0,0,0,0,F,20,A,A,C,D,A
1602,20397.0,0.0,0,0,0,F,20,A,A,C,D,A
1602,20398.0,0.0,0,0,0,F,20,A,A,D,D,A
1602,20399.0,0.0,0,0,0,F,20,A,A,D,D,A
1602,20400.0,0.0,0,0,0,F,20,A,A,D,D,A
1602,20401.0,0.0,0,0,0,F,20,A,B,D,D,A
1602,20402.0,0.0,0,0,0,F,20,A,B,D,D,A
1602,20403.0,0.0,0,0,0,M,20,A,C,D,D,A
1602,20404.0,0.0,0,0,0,M,20,A,D,D,D,B
1602,20405.0,0.0,0,0,0,M,20,A,D,D,D,B
1602,20406.0,0.0,0,0,0,M,20,A,D,D,E,B
1602,20407.0,0.0,0,0,0,M,20,A,D,D,E,B
1602,20408.0,0.0,0,0,0,M,20,A,D,D,E,B
1602,20409.0,0.0,0,0,0,M,20,A,D,D,E,B
1602,20410.0,0.0,0,0,0,M,20,A,D,D,E,C
1602,20411.0,0.0,0,0,0,M,20,A,D,D,E,C
1602,20412.0,0.0,0,0,0,M,20,A,D,E,F,D
1602,20413.0,0.0,0,0,0,M,20,A,D,E,F,D
1602,20414.0,0.0,0,0,0,M,20,A,D,E,F,E
1602,20415.0,0.0,0,0,0,M,20,A,D,E,F,E
1602,20416.0,0.0,0,0,0,M,20,B,F,F,F,F
1602,20417.0,0.0,0,0,0,F,20,A,A,A,A,A
1602,20418.0,0.0,0,0,0,F,20,A,A,B,B,A
1602,20419.0,0.0,0,0,0,F,20,A,A,B,D,A
1602,20420.0,0.0,0,0,0,F,20,A,A,B,D,A
1602,20421.0,0.0,0,0,0,F,20,A,A,B,D,B
1602,20422.0,0.0,0,0,0,F,20,A,B,C,D,B
1602,20423.0,0.0,0,0,0,F,20,A,B,C,E,B
1602,20424.0,0.0,0,0,0,F,20,A,D,D,E,B
1602,20425.0,0.0,0,0,0,F,20,A,D,D,E,B
1602,20426.0,0.0,0,0,0,F,20,,,,,
1602,20427.0,0.0,0,0,0,F,20,,,,,
1602,20428.0,0.0,0,0,0,M,20,,,,,
1602,20429.0,0.0,0,0,0,M,20,,,,,
1602,20430.0,0.0,0,0,0,M,20,,,,,
1602,20431.0,0.0,0,0,0,M,20,,,,,
1602,20432.0,0.0,0,0,0,M,20,,,,,
1602,20433.0,0.0,0,0,0,M,20,,,,,
702,20434.0,0.0,0,0,0,F,20,A,A,A,A,A
702,20435.0,0.0,0,0,0,F,20,A,A,A,A,A
702,20436.0,0.0,0,0,0,F,20,A,B,B,A,B
702,20437.0,0.0,0,0,0,F,20,A,B,B,B,B
702,20438.0,0.0,0,0,0,F,20,A,B,B,B,B
702,20439.0,0.0,0,0,0,F,20,A,C,B,B,B
702,20440.0,0.0,0,0,0,F,20,A,D,B,D,B
702,20441.0,0.0,0,0,0,F,20,A,D,C,D,B
702,20442.0,0.0,0,0,0,M,20,A,D,D,D,B
702,20443.0,0.0,0,0,0,M,20,A,D,D,D,B
702,20444.0,0.0,0,0,0,M,20,A,D,D,E,C
702,20445.0,0.0,0,0,0,M,20,A,D,D,E,C
702,20446.0,0.0,0,0,0,M,20,B,D,E,F,D
702,20447.0,0.0,0,0,0,M,20,B,D,E,F,E
4004,20448.0,0.0,0,0,0,F,20,A,A,A,B,A
4004,20449.0,0.0,0,0,0,F,20,A,A,B,B,A
4004,20450.0,0.0,0,0,0,F,20,A,A,B,C,B
4004,20451.0,0.0,0,0,0,M,20,A,A,B,C,B
4004,20452.0,0.0,0,0,0,M,20,A,A,B,D,B
4004,20453.0,0.0,0,0,0,M,20,A,A,C,D,C
4004,20454.0,0.0,0,0,0,M,20,A,A,D,D,C
4004,20455.0,0.0,0,0,0,M,20,A,A,D,D,C
4004,20456.0,0.0,0,0,0,M,20,A,A,D,D,C
4004,20457.0,0.0,0,0,0,M,20,A,A,D,D,C
4004,20458.0,0.0,0,0,0,M,20,A,A,D,D,C
4004,20459.0,0.0,0,0,0,M,20,A,B,D,D,D
4004,20460.0,0.0,0,0,0,M,20,A,B,D,D,D
4004,20461.0,0.0,0,0,0,M,20,A,B,D,D,D
4004,20462.0,0.0,0,0,0,M,20,A,B,D,E,D
4004,20463.0,0.0,0,0,0,M,20,A,C,D,E,E
4004,20464.0,0.0,0,0,0,M,20,A,C,E,E,E
4004,20465.0,0.0,0,0,0,M,20,A,D,E,E,E
4004,20466.0,0.0,0,0,0,M,20,A,D,E,E,E
4004,20467.0,0.0,0,0,0,M,20,A,D,E,E,E
4004,20468.0,0.0,0,0,0,M,20,A,D,E,E,E
4004,20469.0,0.0,0,0,0,M,20,A,D,E,E,E
4004,20470.0,0.0,0,0,0,M,20,A,D,E,E,E
4004,20471.0,0.0,20,0,0,M,20,A,D,F,F,E
4004,20472.0,3.6,0,0,0,M,20,A,D,F,F,E
4004,20473.0,1.0,0,20,0,M,20,A,D,F,F,F
4004,20474.0,1.4,0,15,0,M,20,A,D,F,F,F
4004,20475.0,5.2,0,0,0,M,20,A,D,F,F,F
4004,20476.0,5.2,0,0,0,M,20,A,F,F,F,F
4004,20477.0,3.2,0,15,0,M,20,A,F,F,F,F
4004,20478.0,4.0,0,0,10,M,20,A,F,F,F,G
4004,20479.0,5.4,0,0,0,M,20,,,,,
4004,20480.0,3.4,15,0,0,M,20,,,,,
4004,20481.0,6.8,0,0,0,M,20,,,,,
4004,20482.0,0.0,0,45,0,F,20,A,A,A,B,A
4004,20483.0,3.6,0,20,0,F,20,A,A,A,C,A
4004,20484.0,6.6,0,0,0,F,20,A,A,B,C,A
4004,20485.0,7.5,0,0,0,F,20,A,A,B,C,B
4004,20486.0,7.5,0,0,0,F,20,A,A,B,C,B
4004,20487.0,7.5,0,0,0,F,20,A,A,B,D,B
4004,20488.0,7.5,0,0,0,F,20,A,A,B,D,B
4004,20489.0,7.5,0,0,0,F,20,A,A,B,D,B
4004,20490.0,7.5,0,0,0,F,20,A,A,C,D,B
4004,20491.0,7.5,0,0,0,F,20,A,A,C,D,B
4004,20492.0,7.5,0,0,0,F,20,A,A,C,D,B
4004,20493.0,7.5,0,0,0,F,20,A,A,D,D,C
4004,20494.0,7.5,0,0,0,F,20,A,A,D,D,C
4004,20495.0,7.5,0,0,0,F,20,A,A,D,D,C
4004,20496.0,7.5,0,0,0,M,20,A,A,D,D,C
4004,20497.0,7.5,0,0,0,M,20,A,A,D,D,C
4004,20498.0,7.5,0,0,0,M,20,A,A,D,D,C
4004,20499.0,7.5,0,0,0,M,20,A,A,D,D,C
4004,20500.0,7.5,0,0,0,M,20,A,A,D,D,C
4004,20501.0,7.5,0,0,0,M,20,A,A,D,D,C
4004,20502.0,7.5,0,0,0,M,20,A,A,D,D,C
4004,20503.0,7.4,0,0,0,M,20,A,A,D,D,C
4004,20504.0,7.5,0,0,0,M,20,A,A,D,D,C
4004,20505.0,7.5,0,0,0,M,20,A,A,D,D,D
4004,20506.0,7.5,0,0,0,M,20,A,A,D,D,D
4004,20507.0,7.5,0,0,0,M,20,A,A,D,D,D
4004,20508.0,7.6,0,0,0,M,20,A,A,D,D,D
4004,20509.0,7.8,0,0,0,M,20,A,A,D,D,D
4004,20510.0,7.8,0,0,0,M,20,A,A,D,D,D
4004,20511.0,2.0,30,10,0,M,20,A,A,D,D,D
4004,20512.0,6.4,10,0,0,M,20,A,A,D,E,D
4004,20513.0,8.4,0,0,0,M,20,A,A,D,E,D
4004,20514.0,8.4,0,0,0,M,20,A,A,D,E,E
4004,20515.0,9.2,0,0,0,M,20,A,A,E,E,E
4004,20516.0,0.0,0,0,0,M,20,A,A,E,E,E
4004,20517.0,9.4,0,0,0,M,20,A,A,E,E,E
4004,20518.0,7.5,0,15,0,M,20,A,A,E,E,E
4004,20519.0,10.1,0,0,0,M,20,A,A,E,E,E
4004,20520.0,0.0,20,45,0,M,20,A,A,E,E,E
4004,20521.0,0.0,40,10,20,M,20,A,B,E,E,E
4004,20522.0,10.6,0,0,0,M,20,A,B,E,E,E
4004,20523.0,10.6,0,0,0,M,20,A,B,E,E,E
4004,20524.0,0.0,0,0,0,M,20,A,B,E,E,E
4004,20525.0,11.1,0,0,0,M,20,A,B,E,E,F
4004,20526.0,0.0,0,0,0,M,20,A,B,E,E,F
4004,20527.0,11.1,0,0,0,M,20,A,B,E,E,F
4004,20528.0,9.5,0,0,10,M,20,A,C,E,E,F
4004,20529.0,2.2,60,0,0,M,20,A,C,E,E,F
4004,20530.0,0.0,0,0,0,M,20,A,C,E,E,F
4004,20531.0,0.0,0,0,0,M,20,A,D,E,E,F
4004,20532.0,0.0,0,0,0,M,20,A,D,E,E,F
4004,20533.0,0.0,0,0,0,M,20,A,D,E,E,F
4004,20534.0,0.0,0,0,0,M,20,A,D,E,F,F
4004,20535.0,11.5,0,0,0,M,20,A,D,E,F,F
4004,20536.0,6.2,30,5,0,M,20,A,D,E,F,F
4004,20537.0,4.6,0,50,0,M,20,A,D,E,F,F
4004,20538.0,12.1,0,0,0,M,20,A,D,E,F,F
4004,20539.0,11.9,0,0,0,M,20,A,D,E,F,F
4004,20540.0,0.0,0,0,0,M,20,A,D,E,F,F
4004,20541.0,2.0,0,0,0,M,20,A,D,E,F,F
4004,20542.0,0.0,0,0,0,M,20,A,D,E,F,F
4004,20543.0,9.2,0,20,0,M,20,A,D,E,F,F
4004,20544.0,12.5,0,0,0,M,20,A,D,E,F,F
4004,20545.0,1.6,0,0,0,M,20,A,D,F,F,F
4004,20546.0,0.0,0,0,0,M,20,A,D,F,F,F
4004,20547.0,12.9,0,0,0,M,20,A,D,F,F,F
4004,20548.0,9.4,25,0,0,M,20,A,D,F,F,F
4004,20549.0,8.5,0,15,15,M,20,A,D,F,F,F
4004,20550.0,0.0,0,0,0,M,20,A,D,F,F,F
4004,20551.0,0.0,0,0,0,M,20,A,D,F,F,F
4004,20552.0,0.0,0,0,0,M,20,A,D,F,F,F
4004,20553.0,6.2,20,0,30,M,20,A,D,F,F,F
4004,20554.0,0.0,0,0,0,M,20,A,D,F,F,G
4004,20555.0,11.0,0,15,0,M,20,A,D,F,F,G
4004,20556.0,0.0,0,0,0,M,20,A,D,F,F,G
4004,20557.0,0.0,0,0,0,M,20,A,D,F,F,G
4004,20558.0,0.0,0,0,0,M,20,A,D,F,F,G
4004,20559.0,0.0,0,0,0,M,20,B,F,F,F,G
4004,20560.0,2.6,0,0,0,M,20,B,F,F,F,G
4004,20561.0,0.0,0,0,0,M,20,B,F,F,F,G
4004,20562.0,0.0,0,0,0,M,20,E,F,F,,G
4004,20563.0,6.6,25,15,5,M,20,,,,,
4004,20564.0,0.0,0,0,0,M,20,,,,,
4004,20565.0,2.2,0,0,0,M,20,,,,,
4004,20566.0,14.4,0,0,0,M,20,,,,,
4004,20567.0,2.0,0,0,0,M,20,,,,,
4004,20568.0,14.3,0,0,0,M,20,,,,,
4004,20569.0,11.0,0,0,25,M,20,,,,,
4004,20570.0,4.2,20,0,50,M,20,,,,,
4301,20571.0,15.0,0,0,0,F,20,A,A,B,D,B
4301,20572.0,15.0,0,0,0,F,20,A,A,B,D,C
4301,20573.0,7.6,30,20,0,F,20,A,A,B,D,C
4301,20574.0,15.0,0,0,0,F,20,A,A,C,D,C
4301,20575.0,15.0,0,0,0,F,20,A,A,D,D,C
4301,20576.0,15.0,0,0,0,F,20,A,A,D,E,D
4301,20577.0,15.0,0,0,0,F,20,A,A,D,E,D
4301,20578.0,15.0,0,0,0,F,20,A,A,D,E,D
4301,20579.0,15.0,0,0,0,F,20,A,A,D,E,D
4301,20580.0,15.0,0,0,0,F,20,A,B,E,E,E
4301,20581.0,15.0,0,0,0,M,20,A,B,E,E,E
4301,20582.0,15.0,0,0,0,M,20,A,B,E,E,E
4301,20583.0,15.0,0,0,0,M,20,A,B,E,E,E
4301,20584.0,6.4,10,0,50,M,20,A,D,E,E,E
4301,20585.0,4.4,0,0,0,M,20,A,D,E,E,E
4301,20586.0,9.5,0,40,0,M,20,A,D,E,E,E
4301,20587.0,15.9,0,0,0,M,20,A,D,E,F,E
4301,20588.0,4.0,70,0,10,M,20,A,D,E,F,F
4301,20589.0,2.6,0,0,0,M,20,A,D,E,F,F
4301,20590.0,16.2,0,0,0,M,20,B,D,F,F,F
4301,20591.0,16.3,0,0,0,M,20,B,D,F,F,F
4301,20592.0,8.4,0,35,20,M,20,B,D,F,F,F
4301,20593.0,5.2,0,0,0,M,20,B,F,F,F,F
4301,20594.0,5.2,0,0,0,M,20,B,F,F,F,G
4301,20595.0,16.3,0,0,0,M,20,,,,,
4301,20596.0,16.3,0,0,0,M,20,,,,,
4301,20597.0,10.8,40,0,0,M,20,,,,,
4301,20598.0,7.5,0,0,0,M,20,,,,,
4301,20599.0,3.6,0,0,0,M,20,,,,,
4301,20600.0,15.6,0,0,10,M,20,,,,,
4301,20601.0,5.8,10,15,50,M,20,,,,,
3502,20602.0,17.0,0,0,0,F,20,A,A,A,B,A
3502,20603.0,6.8,25,45,0,F,20,A,A,A,B,A
3502,20604.0,17.6,0,0,0,F,20,A,A,B,C,A
3502,20605.0,2.4,0,0,15,F,20,A,A,B,C,A
3502,20606.0,17.6,0,0,0,F,20,A,A,B,C,A
3502,20607.0,15.0,0,0,20,F,20,A,A,B,C,A
3502,20608.0,17.9,0,0,0,F,20,A,A,B,C,A
3502,20609.0,18.0,0,0,0,F,20,A,A,B,C,A
3502,20610.0,17.8,0,0,0,F,20,A,A,B,C,A
3502,20611.0,7.5,0,0,0,F,20,A,A,C,C,A
3502,20612.0,3.2,20,70,10,F,20,A,A,C,C,A
3502,20613.0,18.4,0,0,0,F,20,A,A,C,C,B
3502,20614.0,10.9,50,0,0,F,20,A,A,C,D,B
3502,20615.0,0.0,50,0,0,F,20,A,A,C,D,B
3502,20616.0,2.6,25,5,0,F,20,A,A,C,D,B
3502,20617.0,10.5,10,30,15,F,20,A,A,C,D,B
3502,20618.0,7.5,0,0,0,F,20,A,A,C,D,B
3502,20619.0,7.4,75,0,0,F,20,A,A,C,D,B
3502,20620.0,18.9,0,0,0,F,20,A,A,C,D,B
3502,20621.0,7.5,0,0,0,F,20,A,A,C,D,B
3502,20622.0,7.5,0,0,0,F,20,A,A,C,D,B
3502,20623.0,7.5,0,0,0,F,20,A,A,C,D,B
3502,20624.0,7.5,0,0,0,F,20,A,A,C,D,B
3502,20625.0,7.5,0,0,0,F,20,A,A,D,D,B
3502,20626.0,7.5,0,0,0,F,20,A,A,D,D,B
3502,20627.0,7.5,0,0,0,F,20,A,A,D,D,B
3502,20628.0,15.0,0,25,0,F,20,A,A,D,D,B
3502,20629.0,7.5,0,0,0,F,20,A,A,D,D,B
3502,20630.0,7.5,0,0,0,F,20,A,A,D,D,B
3502,20631.0,7.5,0,0,0,F,20,A,A,D,D,B
3502,20632.0,7.5,0,0,0,F,20,A,A,D,D,C
3502,20633.0,7.5,0,0,0,F,20,A,A,D,D,C
3502,20634.0,7.5,0,0,0,F,20,A,A,D,D,C
3502,20635.0,7.5,0,0,0,F,20,A,A,D,D,C
3502,20636.0,18.6,0,0,0,F,20,A,A,D,D,C
3502,20637.0,7.5,0,0,0,F,20,A,A,D,D,C
3502,20638.0,7.5,0,0,0,M,20,A,B,D,D,C
3502,20639.0,7.5,0,0,0,M,20,A,B,D,D,C
3502,20640.0,7.5,0,0,0,M,20,A,B,D,D,D
3502,20641.0,7.5,0,0,0,M,20,A,B,D,D,D
3502,20642.0,7.5,0,0,0,M,20,A,B,D,D,D
3502,20643.0,7.5,0,0,0,M,20,A,B,D,D,D
3502,20644.0,19.2,0,0,0,M,20,A,D,E,E,E
3502,20645.0,19.4,0,0,0,M,20,A,D,E,E,E
3502,20646.0,7.4,0,0,0,M,20,A,D,E,E,E
3502,20647.0,7.8,0,30,50,M,20,A,D,E,E,E
3502,20648.0,7.5,0,0,0,M,20,A,D,E,E,E
3502,20649.0,16.3,25,0,0,M,20,A,D,E,E,E
3502,20650.0,7.5,0,0,0,M,20,A,D,E,E,E
3502,20651.0,7.5,0,0,0,M,20,A,D,E,E,E
3502,20652.0,3.4,10,10,0,M,20,A,D,E,E,E
3502,20653.0,7.5,0,0,0,M,20,A,D,E,E,E
3502,20654.0,7.5,10,0,0,M,20,A,D,E,E,E
3502,20655.0,8.4,60,20,0,M,20,A,D,E,E,E
3502,20656.0,7.5,0,0,0,M,20,A,D,E,E,E
3502,20657.0,9.1,0,0,0,M,20,A,D,E,E,E
3502,20658.0,7.0,0,0,0,M,20,A,D,E,F,E
3502,20659.0,7.5,0,0,0,M,20,A,D,E,F,E
3502,20660.0,7.5,0,0,0,M,20,A,D,E,F,E
3502,20661.0,13.6,0,45,0,M,20,A,D,E,F,E
3502,20662.0,8.1,0,0,0,M,20,A,D,E,F,E
3502,20663.0,18.9,10,0,0,M,20,A,D,F,F,E
3502,20664.0,9.5,0,0,0,M,20,A,D,F,F,F
3502,20665.0,20.2,0,0,0,M,20,A,D,F,F,F
3502,20666.0,10.2,70,0,0,M,20,A,D,F,F,F
3502,20667.0,9.7,0,0,0,M,20,A,D,F,F,F
3502,20668.0,6.8,20,0,0,M,20,A,D,F,F,F
2001,20669.0,18.6,20,0,0,F,20,A,A,A,B,A
2001,20670.0,21.4,0,0,0,F,20,A,A,B,B,A
2001,20671.0,9.4,0,0,0,F,20,A,A,B,B,A
2001,20672.0,8.8,0,0,0,F,20,A,A,B,B,A
2001,20673.0,9.1,0,0,0,F,20,A,A,B,B,A
2001,20674.0,1.0,15,30,20,F,20,A,A,B,B,A
2001,20675.0,18.5,0,20,0,F,20,A,A,B,B,A
2001,20676.0,13.6,55,0,0,F,20,A,A,B,B,A
2001,20677.0,3.8,15,30,0,F,20,A,A,B,B,A
2001,20678.0,9.5,0,0,0,F,20,A,A,B,B,A
2001,20679.0,21.8,0,0,0,F,20,A,A,B,B,A
2001,20680.0,22.0,0,0,0,F,20,A,A,B,B,A
2001,20681.0,8.4,0,0,0,F,20,A,A,B,B,A
2001,20682.0,9.5,0,10,0,F,20,A,A,B,B,A
2001,20683.0,8.6,50,30,10,F,20,A,A,B,B,A
2001,20684.0,12.2,30,35,0,F,20,A,A,B,B,A
2001,20685.0,11.1,0,0,0,F,20,A,A,B,C,A
2001,20686.0,8.5,0,0,0,F,20,A,A,B,C,A
2001,20687.0,4.0,70,50,0,F,20,A,A,B,C,A
2001,20688.0,22.5,0,0,0,F,20,A,A,B,C,B
2001,20689.0,0.0,0,0,0,F,20,A,A,B,C,B
2001,20690.0,0.0,0,0,0,F,20,A,A,B,C,B
2001,20691.0,0.0,0,0,0,F,20,A,A,B,C,B
2001,20692.0,22.5,0,0,0,F,20,A,A,B,C,B
2001,20693.0,11.3,0,0,0,F,20,A,A,B,C,B
2001,20694.0,0.0,0,0,0,F,20,A,A,C,C,B
2001,20695.0,22.5,0,0,0,F,20,A,A,C,C,B
2001,20696.0,0.0,0,0,0,F,20,A,A,C,C,B
2001,20697.0,0.0,0,0,0,F,20,A,A,C,D,B
2001,20698.0,8.9,0,0,0,F,20,A,A,C,D,B
2001,20699.0,7.5,0,15,10,F,20,A,A,C,D,B
2001,20700.0,3.4,0,50,0,F,20,A,A,C,D,B
2001,20701.0,0.0,0,0,0,F,20,A,A,C,D,B
2001,20702.0,0.0,0,0,0,F,20,A,A,C,D,B
2001,20703.0,0.0,0,0,0,F,20,A,A,C,D,B
2001,20704.0,22.5,0,0,0,F,20,A,A,C,D,B
2001,20705.0,11.5,0,0,0,F,20,A,A,C,D,B
2001,20706.0,10.2,40,40,0,F,20,A,A,D,D,B
2001,20707.0,22.5,0,0,0,F,20,A,A,D,D,B
2001,20708.0,10.1,0,0,0,F,20,A,A,D,D,B
2001,20709.0,0.0,0,0,0,F,20,A,B,D,D,B
2001,20710.0,0.0,0,0,0,F,20,A,B,D,D,B
2001,20711.0,22.3,0,0,0,F,20,A,B,D,D,B
2001,20712.0,11.3,0,0,0,F,20,A,B,D,D,B
2001,20713.0,0.0,0,0,0,F,20,A,B,D,D,B
2001,20714.0,7.5,25,0,0,F,20,A,B,D,D,B
2001,20715.0,22.5,0,0,0,F,20,A,B,D,D,B
2001,20716.0,0.0,0,0,0,F,20,A,B,D,D,B
2001,20717.0,0.0,0,0,0,F,20,A,B,D,D,B
2001,20718.0,0.0,0,0,0,F,20,A,C,D,D,C
2001,20719.0,22.5,0,0,0,F,20,A,D,D,D,C
2001,20720.0,0.0,0,0,0,F,20,A,D,D,D,C
2001,20721.0,0.0,0,0,0,F,20,A,D,D,D,C
2001,20722.0,0.0,0,0,0,F,20,A,D,D,D,C
2001,20723.0,0.0,0,0,0,F,20,A,D,D,D,C
2001,20724.0,19.0,25,0,0,F,20,A,D,D,D,C
2001,20725.0,8.5,10,0,0,F,20,A,D,D,D,C
2001,20726.0,10.1,10,0,0,F,20,A,D,D,D,C
2001,20727.0,10.1,10,0,0,F,20,A,D,D,D,D
2001,20728.0,4.0,45,50,30,F,20,A,D,D,D,D
2001,20729.0,11.7,0,0,0,F,20,A,D,D,D,D
2001,20730.0,5.2,50,0,0,F,20,A,D,D,D,D
2001,20731.0,11.5,0,0,0,F,20,A,D,D,D,D
2001,20732.0,0.0,0,0,0,F,20,A,D,D,D,D
2001,20733.0,7.5,20,0,10,F,20,A,D,D,E,D
2001,20734.0,9.5,0,0,0,F,20,A,D,D,E,D
2001,20735.0,0.0,0,0,0,F,20,A,D,D,E,D
2001,20736.0,9.5,0,0,0,F,20,A,D,D,E,D
2001,20737.0,23.0,0,0,0,F,20,A,D,E,E,D
2001,20738.0,8.0,0,10,0,F,20,A,D,E,E,E
2001,20739.0,9.5,0,10,0,F,20,A,D,E,E,E
2001,20740.0,10.4,10,60,15,F,20,A,D,E,E,E
2001,20741.0,0.0,0,0,0,F,20,A,D,E,E,E
2001,20742.0,1.0,0,0,0,F,20,A,D,E,E,E
2001,20743.0,7.5,0,0,30,F,20,A,D,E,E,E
2001,20744.0,0.0,0,0,10,F,20,B,D,E,E,E
2001,20745.0,11.1,0,0,0,F,20,B,D,E,E,E
2001,20746.0,23.4,0,0,0,F,20,B,D,E,E,E
2001,20747.0,0.0,10,0,0,F,20,B,D,E,E,E
2001,20748.0,10.0,0,0,0,F,20,B,D,E,E,E
2001,20749.0,6.6,10,15,0,F,20,B,D,F,F,F
2001,20750.0,7.6,0,20,0,F,20,B,D,F,F,F
2001,20751.0,9.6,70,15,10,F,20,B,D,F,F,F
2001,20752.0,16.6,20,0,30,F,20,B,D,F,F,F
2001,20753.0,9.1,10,15,0,F,20,B,D,F,F,F
2001,20754.0,8.2,30,0,0,F,20,B,D,F,F,F
2001,20755.0,23.8,0,0,0,F,20,B,D,F,F,F
2001,20756.0,11.3,10,0,0,F,20,B,D,F,F,F
2001,20757.0,12.7,0,0,0,F,20,C,D,F,F,F
2001,20758.0,3.4,0,45,0,F,20,E,F,F,F,F
2001,20759.0,1.6,0,0,0,F,20,E,F,F,F,G
2001,20760.0,10.0,20,0,0,F,20,E,F,F,F,G
2001,20761.0,15.0,10,0,50,F,20,,,,,
2001,20762.0,7.5,0,20,0,M,20,,,,,
2001,20763.0,7.6,50,20,40,M,20,,,,,
2001,20764.0,1.6,0,0,0,M,20,,,,,
2001,20765.0,10.7,0,0,0,M,20,,,,,
2001,20766.0,12.1,0,0,0,M,20,,,,,
2001,20767.0,0.0,0,0,0,M,20,,,,,
2001,20768.0,0.0,0,0,0,M,20,,,,,
2001,20769.0,11.9,0,0,0,M,20,,,,,
2001,20770.0,8.2,20,5,10,M,20,,,,,
2001,20771.0,20.0,20,0,0,M,20,,,,,
2001,20772.0,11.9,0,0,0,M,20,,,,,
2501,20773.0,0.0,15,70,0,F,20,A,A,B,B,A
2501,20774.0,0.0,0,0,0,F,20,A,A,B,B,A
2501,20775.0,0.0,0,0,0,F,20,A,A,C,D,A
2501,20776.0,0.0,0,0,0,F,20,A,A,C,D,A
2501,20777.0,0.0,0,0,0,F,20,A,A,C,D,A
2501,20778.0,0.0,0,0,0,F,20,A,A,C,D,A
2501,20779.0,0.0,0,0,15,F,20,A,A,C,D,A
2501,20780.0,0.0,0,10,5,F,20,A,A,D,D,B
2501,20781.0,10.1,0,0,20,F,20,A,A,D,D,B
2501,20782.0,19.0,20,5,10,F,20,A,A,D,D,B
2501,20783.0,0.0,0,0,0,F,20,A,A,D,D,B
2501,20784.0,9.6,35,45,20,F,20,A,A,D,D,C
2501,20785.0,7.5,0,25,0,F,20,A,A,D,D,C
2501,20786.0,2.6,0,0,0,F,20,A,A,D,D,C
2501,20787.0,11.3,0,0,0,F,20,A,A,E,E,C
2501,20788.0,8.9,0,15,0,F,20,A,A,E,E,D
2501,20789.0,9.9,25,0,0,F,20,A,A,E,E,D
2501,20790.0,1.0,0,0,10,F,20,A,A,E,E,D
2501,20791.0,3.6,0,0,0,F,20,A,A,E,E,D
2501,20792.0,17.7,0,15,30,F,20,A,A,E,E,D
2501,20793.0,11.2,60,10,20,F,20,A,A,E,E,D
2501,20794.0,22.5,0,5,10,F,20,A,A,E,E,D
2501,20795.0,11.3,0,0,0,F,20,A,B,E,E,D
2501,20796.0,9.7,0,0,15,F,20,A,B,E,E,D
2501,20797.0,1.6,0,0,0,F,20,A,B,E,E,E
2501,20798.0,11.8,0,0,0,F,20,A,C,E,F,E
2501,20799.0,2.2,80,0,0,M,20,B,F,F,F,F
2501,20800.0,7.4,40,5,0,M,20,C,F,F,F,F
2501,20801.0,25.2,0,0,0,M,20,C,F,F,F,F
2501,20802.0,9.5,20,10,0,M,20,E,F,F,F,G
2501,20803.0,9.5,25,0,0,M,20,,,,,
2501,20804.0,0.0,0,0,0,M,20,,,,,
2501,20805.0,0.0,0,0,0,M,20,,,,,
2501,20806.0,0.0,0,0,0,M,20,,,,,
2501,20807.0,13.1,0,0,0,M,20,,,,,
2501,20808.0,11.3,20,0,0,M,20,,,,,
2501,20809.0,3.8,25,30,0,M,20,,,,,
2501,20810.0,0.0,0,0,0,M,20,,,,,
2501,20811.0,6.0,10,30,0,M,20,,,,,
1402,20812.0,11.3,20,0,0,F,20,A,A,A,A,A
1402,20813.0,7.5,0,30,0,F,20,A,A,B,A,A
1402,20814.0,11.1,0,15,0,F,20,A,A,B,A,A
1402,20815.0,15.0,0,0,0,M,20,A,A,D,D,B
1402,20816.0,15.0,0,0,0,M,20,A,A,D,D,B
1402,20817.0,15.0,0,0,0,M,20,A,A,D,D,B
1402,20818.0,15.0,0,0,0,M,20,A,A,D,D,B
1402,20819.0,13.8,0,0,0,M,20,A,A,D,D,C
1402,20820.0,12.9,0,0,0,M,20,A,B,D,E,C
1402,20821.0,15.0,0,0,0,M,20,A,B,D,E,C
1402,20822.0,15.0,0,0,0,M,20,A,C,D,E,D
1402,20823.0,15.0,0,0,0,M,20,A,D,D,E,D
1402,20824.0,16.0,30,20,15,M,20,A,D,E,E,D
1402,20825.0,15.0,0,0,0,M,20,A,D,E,E,D
1402,20826.0,15.0,0,0,0,M,20,A,D,E,E,E
1402,20827.0,8.5,30,0,0,M,20,A,D,E,F,E
1402,20828.0,15.0,0,0,0,M,20,A,D,E,F,E
1402,20829.0,15.0,0,0,0,M,20,A,D,E,F,E
1402,20830.0,15.0,0,0,0,M,20,A,D,E,F,E
1402,20831.0,15.0,0,0,0,M,20,B,D,E,F,F
1402,20832.0,15.0,0,0,0,M,20,B,D,E,F,F
1502,20833.0,3.8,0,0,0,F,20,A,A,B,B,A
1502,20834.0,15.0,0,0,0,F,20,A,A,C,B,A
1502,20835.0,2.4,10,0,0,F,20,A,A,C,B,B
1502,20836.0,15.0,0,0,0,F,20,A,A,C,C,B
1502,20837.0,0.6,10,0,10,F,20,A,A,C,C,B
1502,20838.0,15.0,0,0,0,F,20,A,A,C,C,B
1502,20839.0,15.0,0,0,0,F,20,A,A,C,D,B
1502,20840.0,26.4,0,0,0,F,20,A,A,C,D,B
1502,20841.0,13.3,0,0,0,F,20,A,A,C,D,B
1502,20842.0,5.8,0,30,15,F,20,A,A,C,D,B
1502,20843.0,8.9,10,15,0,F,20,A,A,C,D,B
1502,20844.0,15.0,0,0,0,F,20,A,A,D,D,B
1502,20845.0,12.7,0,0,0,F,20,A,A,D,D,C
1502,20846.0,15.0,0,0,0,F,20,A,A,D,D,C
1502,20847.0,15.0,0,0,0,F,20,A,A,D,D,C
1502,20848.0,7.5,0,35,0,F,20,A,A,D,D,C
1502,20849.0,22.6,0,25,0,F,20,A,B,D,D,D
1502,20850.0,26.2,0,0,0,F,20,A,B,D,D,D
1502,20851.0,15.0,0,0,0,M,20,A,B,D,D,D
1502,20852.0,26.9,0,0,0,M,20,A,B,D,D,D
1502,20853.0,13.1,30,20,40,M,20,A,B,E,D,D
1502,20854.0,13.5,10,0,0,M,20,A,B,E,E,D
1502,20855.0,0.0,0,0,0,M,20,A,C,E,E,D
1502,20856.0,1.6,5,15,0,M,20,A,D,E,E,D
1502,20857.0,0.0,0,0,0,M,20,A,D,E,E,D
1502,20858.0,0.0,0,0,0,M,20,A,D,E,E,D
1502,20859.0,0.0,0,0,0,M,20,A,D,E,E,D
1502,20860.0,0.0,0,0,0,M,20,A,D,E,E,E
1502,20861.0,0.0,0,30,0,M,20,A,D,E,F,E
1502,20862.0,2.0,30,85,50,M,20,A,D,E,F,E
1502,20863.0,26.9,0,0,0,M,20,A,D,E,F,E
1502,20864.0,8.1,50,0,0,M,20,A,D,E,F,E
1502,20865.0,0.0,0,0,0,M,20,A,D,E,F,E
1502,20866.0,5.2,10,20,40,M,20,B,D,F,F,F
1502,20867.0,0.0,0,0,0,M,20,,,,,
1502,20868.0,0.0,0,0,0,M,20,,,,,
1502,20869.0,0.0,0,0,0,M,20,,,,,
1502,20870.0,0.0,0,0,0,M,20,,,,,
1502,20871.0,0.0,0,0,0,M,20,,,,,
1502,20872.0,0.0,0,0,0,M,20,,,,,
1602,20873.0,7.5,10,45,0,F,20,A,A,A,B,A
1602,20874.0,0.0,25,5,0,F,20,A,A,A,B,A
1602,20875.0,22.5,20,10,0,F,20,A,A,A,B,A
1602,20876.0,15.0,0,0,0,F,20,A,A,A,B,A
1602,20877.0,15.0,0,0,0,F,20,A,A,B,B,A
1602,20878.0,15.0,0,0,0,F,20,A,A,B,B,A
1602,20879.0,15.0,0,0,0,F,20,A,A,B,B,A
1602,20880.0,0.0,0,25,0,F,20,A,A,B,B,A
1602,20881.0,5.0,0,0,0,F,20,A,A,B,C,A
1602,20882.0,17.1,0,65,0,F,20,A,A,B,C,A
1602,20883.0,14.7,0,0,0,F,20,A,A,B,C,A
1602,20884.0,15.0,0,0,0,F,20,A,A,B,C,A
1602,20885.0,15.0,0,0,0,F,20,A,A,B,C,A
1602,20886.0,27.3,0,0,0,F,20,A,A,B,C,A
1602,20887.0,6.0,0,0,0,F,20,A,A,C,C,A
1602,20888.0,2.0,0,0,20,F,20,A,A,C,C,A
1602,20889.0,3.6,5,0,5,F,20,A,A,C,C,A
1602,20890.0,3.4,0,0,10,F,20,A,A,C,C,A
1602,20891.0,15.0,0,0,0,F,20,A,A,C,C,B
1602,20892.0,2.2,10,35,30,F,20,A,A,C,C,B
1602,20893.0,15.0,0,0,0,F,20,A,A,C,C,B
1602,20894.0,15.0,0,0,0,F,20,A,A,C,C,B
1602,20895.0,22.8,20,0,10,F,20,A,A,C,D,B
1602,20896.0,27.1,0,0,0,F,20,A,A,C,D,B
1602,20897.0,15.5,10,0,0,F,20,A,A,C,D,B
1602,20898.0,16.0,0,0,0,F,20,A,A,C,D,B
1602,20899.0,15.0,0,0,0,F,20,A,A,C,D,B
1602,20900.0,15.0,0,0,0,F,20,A,A,C,D,B
1602,20901.0,15.0,0,0,0,F,20,A,A,C,D,B
1602,20902.0,22.5,30,0,0,F,20,A,A,C,D,B
1602,20903.0,15.0,10,0,0,F,20,A,A,C,D,B
1602,20904.0,12.5,0,10,0,F,20,A,A,C,D,B
1602,20905.0,1.0,0,0,0,F,20,A,A,C,D,B
1602,20906.0,23.8,0,25,0,F,20,A,A,C,D,B
1602,20907.0,0.0,20,15,0,F,20,A,A,C,D,B
1602,20908.0,7.5,25,15,20,F,20,A,A,D,D,B
1602,20909.0,15.0,0,0,0,F,20,A,A,D,D,C
1602,20910.0,15.0,0,0,0,F,20,A,A,D,D,C
1602,20911.0,15.0,0,0,0,F,20,A,A,D,D,C
1602,20912.0,16.0,0,0,0,F,20,A,A,D,D,C
1602,20913.0,15.0,0,0,0,F,20,A,A,D,D,C
1602,20914.0,15.0,0,0,0,F,20,A,A,D,D,C
1602,20915.0,15.0,0,0,0,F,20,A,A,D,D,C
1602,20916.0,18.0,0,70,0,F,20,A,A,D,E,C
1602,20917.0,28.4,0,0,0,F,20,A,A,D,E,C
1602,20918.0,14.9,0,0,0,F,20,A,A,D,E,C
1602,20919.0,15.0,0,0,0,F,20,A,A,D,E,C
1602,20920.0,4.8,80,0,5,F,20,A,A,D,E,D
1602,20921.0,28.5,0,0,0,F,20,A,A,D,E,D
1602,20922.0,15.0,0,0,0,F,20,A,A,D,E,D
1602,20923.0,13.7,10,15,0,F,20,A,A,D,E,D
1602,20924.0,1.6,0,0,0,F,20,A,A,D,E,D
1602,20925.0,9.9,35,15,0,F,20,A,B,E,E,D
1602,20926.0,15.0,0,0,0,F,20,A,B,E,E,D
1602,20927.0,6.4,10,0,0,F,20,A,B,E,E,D
1602,20928.0,15.0,0,0,0,F,20,A,B,E,E,D
1602,20929.0,12.9,15,0,15,F,20,A,B,E,E,D
1602,20930.0,10.3,0,30,0,F,20,A,B,E,E,E
1602,20931.0,15.0,0,0,0,F,20,A,B,E,E,E
1602,20932.0,15.0,0,0,0,F,20,A,B,E,E,E
1602,20933.0,15.0,0,0,0,F,20,A,B,E,E,E
1602,20934.0,15.0,0,0,0,M,20,A,B,E,E,E
1602,20935.0,15.0,0,0,0,M,20,A,B,E,E,E
1602,20936.0,4.8,10,45,100,M,20,A,B,E,E,E
1602,20937.0,15.0,0,0,0,M,20,A,B,E,E,E
1602,20938.0,15.0,0,0,0,M,20,A,B,E,E,E
1602,20939.0,15.0,0,0,0,M,20,A,C,E,E,E
1602,20940.0,1.6,0,0,10,M,20,A,D,E,E,E
1602,20941.0,18.1,0,0,0,M,20,A,D,E,E,E
1602,20942.0,0.0,0,45,0,M,20,A,D,E,E,E
1602,20943.0,7.5,0,0,0,M,20,A,D,E,E,E
1602,20944.0,6.4,0,0,0,M,20,A,D,E,E,E
1602,20945.0,2.0,0,0,0,M,20,A,D,E,E,E
1602,20946.0,4.4,0,0,0,M,20,A,D,E,E,E
1602,20947.0,12.1,0,10,15,M,20,A,D,E,E,E
1602,20948.0,0.0,50,0,0,M,20,A,D,E,E,E
1602,20949.0,2.0,0,0,0,M,20,A,D,E,E,E
1602,20950.0,2.0,0,0,0,M,20,A,D,E,E,E
1602,20951.0,15.0,0,10,0,M,20,A,D,E,E,E
1602,20952.0,2.0,0,0,0,M,20,A,D,E,E,E
1602,20953.0,28.9,0,0,0,M,20,A,D,E,E,E
1602,20954.0,9.7,0,35,0,M,20,A,D,E,E,E
1602,20955.0,18.0,0,0,0,M,20,A,D,E,E,E
1602,20956.0,8.2,0,0,0,M,20,A,D,E,E,E
1602,20957.0,21.2,35,5,10,M,20,A,D,E,E,E
1602,20958.0,2.0,0,0,0,M,20,A,D,E,E,E
1602,20959.0,15.0,0,0,10,M,20,A,D,E,E,E
1602,20960.0,17.8,0,0,0,M,20,A,D,E,E,E
1602,20961.0,17.0,0,0,0,M,20,A,D,E,E,E
1602,20962.0,17.0,0,0,0,M,20,A,D,E,E,F
1602,20963.0,3.6,0,0,0,M,20,A,D,E,E,F
1602,20964.0,2.4,0,0,0,M,20,A,D,E,E,F
1602,20965.0,0.0,0,15,0,M,20,A,D,E,E,F
1602,20966.0,11.9,25,0,0,M,20,A,D,E,F,F
1602,20967.0,14.1,25,75,0,M,20,A,D,E,F,F
1602,20968.0,13.5,10,5,15,M,20,A,D,E,F,F
1602,20969.0,2.6,0,30,0,M,20,A,D,E,F,F
1602,20970.0,16.5,10,0,0,M,20,A,D,E,F,F
1602,20971.0,3.8,0,0,0,M,20,A,D,F,F,F
1602,20972.0,10.2,40,65,20,M,20,A,D,F,F,F
1602,20973.0,1.0,35,5,0,M,20,A,D,F,F,F
1602,20974.0,13.5,0,30,0,M,20,A,D,F,F,F
1602,20975.0,7.5,10,45,20,M,20,A,D,F,F,F
1602,20976.0,7.5,0,0,0,M,20,A,D,F,F,F
1602,20977.0,7.5,0,0,0,M,20,A,D,F,F,F
1602,20978.0,7.5,0,0,0,M,20,A,D,F,F,F
1602,20979.0,7.5,0,0,0,M,20,A,D,F,F,F
1602,20980.0,7.5,0,0,0,M,20,A,D,F,F,F
1602,20981.0,7.5,0,0,0,M,20,A,D,F,F,F
1602,20982.0,7.5,0,0,0,M,20,B,D,F,F,F
1602,20983.0,7.5,0,0,0,M,20,E,F,F,F,G
1602,20984.0,7.5,0,0,0,M,20,E,F,F,F,G
1602,20985.0,7.5,0,0,0,M,20,,,,,
1602,20986.0,7.5,0,0,0,M,20,,,,,
1602,20987.0,0.0,50,0,0,M,20,,,,,
1602,20988.0,7.5,0,0,0,M,20,,,,,
1602,20989.0,7.5,0,0,0,M,20,,,,,
1602,20990.0,7.5,0,0,0,M,20,,,,,
1602,20991.0,7.5,0,0,0,M,20,,,,,
1602,20992.0,7.5,0,0,0,M,20,,,,,
1602,20993.0,8.5,10,40,0,M,20,,,,,
1602,20994.0,7.5,0,0,0,M,20,,,,,
1602,20995.0,7.5,0,0,0,M,20,,,,,
1602,20996.0,7.5,0,0,0,M,20,,,,,
1602,20997.0,7.5,0,0,0,M,20,,,,,
1602,20998.0,7.5,0,0,0,M,20,,,,,
1602,20999.0,7.5,0,0,0,M,20,,,,,
1602,21000.0,7.5,0,0,0,M,20,,,,,
1602,21001.0,7.5,0,0,0,M,20,,,,,
1602,21002.0,7.5,0,0,0,M,20,,,,,
1602,21003.0,11.8,40,0,5,M,20,,,,,
702,21004.0,7.5,0,0,0,F,20,A,A,B,B,A
702,21005.0,0.0,0,20,0,F,20,A,A,B,C,A
702,21006.0,12.9,0,20,0,F,20,A,A,B,C,A
702,21007.0,7.5,0,0,0,F,20,A,A,C,C,A
702,21008.0,7.5,0,0,0,F,20,A,A,C,D,B
702,21009.0,4.0,0,0,0,M,20,A,A,D,D,B
702,21010.0,7.5,0,0,0,M,20,A,A,D,D,B
702,21011.0,7.5,0,0,0,M,20,A,A,D,D,C
702,21012.0,7.5,0,0,0,M,20,A,A,D,D,C
702,21013.0,7.5,0,0,0,M,20,A,B,D,D,C
702,21014.0,7.5,0,0,0,M,20,A,B,D,D,C
702,21015.0,0.0,10,10,0,M,20,,,,,
904,21016.0,7.5,0,0,0,F,20,A,A,A,A,A
904,21017.0,7.5,0,0,0,F,20,A,A,A,B,A
904,21018.0,7.5,0,0,0,F,20,A,A,A,B,A
904,21019.0,7.5,0,0,0,F,20,A,A,B,B,A
904,21020.0,7.5,0,0,0,F,20,A,A,B,B,A
904,21021.0,4.4,10,0,10,F,20,A,A,B,B,A
904,21022.0,7.5,0,0,0,F,20,A,A,B,B,A
904,21023.0,4.0,0,25,0,F,20,A,A,C,D,B
904,21024.0,16.7,20,0,0,F,20,A,B,C,D,B
904,21025.0,27.1,20,0,0,F,20,A,B,C,D,B
904,21026.0,17.8,0,0,0,F,20,A,B,D,D,B
904,21027.0,29.9,0,0,0,F,20,A,B,D,D,B
904,21028.0,17.2,0,0,10,F,20,A,B,D,D,B
904,21029.0,8.0,25,30,0,F,20,A,B,D,D,C
904,21030.0,7.5,0,50,100,F,20,A,B,D,D,C
904,21031.0,14.5,0,20,0,F,20,A,B,D,D,C
904,21032.0,26.5,0,25,0,F,20,A,B,D,D,C
904,21033.0,16.5,0,0,0,F,20,A,C,D,D,C
904,21034.0,18.6,0,0,0,F,20,A,D,D,D,C
904,21035.0,1.0,0,15,0,F,20,A,D,D,D,C
904,21036.0,23.4,0,45,0,F,20,A,D,D,D,C
904,21037.0,19.0,0,0,0,F,20,A,D,D,D,C
904,21038.0,15.3,0,10,0,F,20,A,D,D,D,D
904,21039.0,2.0,15,5,20,F,20,A,D,D,D,D
904,21040.0,30.4,0,0,0,F,20,A,D,E,D,D
904,21041.0,18.1,0,0,0,F,20,A,D,E,D,D
904,21042.0,2.0,0,0,20,F,20,A,D,E,D,D
904,21043.0,18.9,0,0,0,F,20,A,D,E,E,D
904,21044.0,10.1,0,0,0,F,20,A,D,E,E,D
904,21045.0,6.8,0,10,0,F,20,A,D,E,E,E
904,21046.0,17.0,0,0,0,F,20,A,D,E,E,E
904,21047.0,3.6,0,0,0,F,20,A,D,E,E,E
904,21048.0,6.0,0,0,0,F,20,A,D,E,E,E
904,21049.0,15.1,0,25,0,F,20,B,D,E,E,E
904,21050.0,3.6,0,0,0,F,20,B,D,E,E,E
904,21051.0,19.1,0,0,0,F,20,B,D,E,E,E
904,21052.0,11.1,20,25,10,F,20,B,D,E,E,E
904,21053.0,19.4,0,0,0,F,20,B,D,E,E,E
904,21054.0,15.8,45,45,10,F,20,B,D,F,E,E
904,21055.0,17.2,0,0,0,F,20,B,D,F,F,E
904,21056.0,8.5,0,0,0,F,20,B,D,F,F,E
904,21057.0,12.3,30,10,0,F,20,B,D,F,F,F
904,21058.0,7.5,0,0,0,F,20,B,D,F,F,F
904,21059.0,6.6,0,0,0,F,20,C,E,F,F,F
904,21060.0,3.6,0,0,10,M,20,E,F,F,F,F
904,21061.0,7.6,0,0,0,M,20,E,F,F,F,F
904,21062.0,13.5,40,45,30,M,20,E,F,F,F,F
904,21063.0,7.5,0,0,0,M,20,,,,,
904,21064.0,14.9,0,0,15,M,20,,,,,
904,21065.0,6.4,0,0,0,M,20,,,,,
904,21066.0,0.0,10,10,50,M,20,,,,,
904,21067.0,15.0,0,15,15,M,20,,,,,
904,21068.0,7.5,0,0,5,M,20,,,,,
904,21069.0,8.5,0,0,0,M,20,,,,,
904,21070.0,2.6,10,0,0,M,20,,,,,
904,21071.0,0.0,0,0,0,M,20,,,,,
904,21072.0,15.0,20,0,0,M,20,,,,,
904,21073.0,7.5,20,30,30,M,20,,,,,
904,21074.0,15.9,10,15,0,M,20,,,,,
904,21075.0,17.4,0,0,0,M,20,,,,,
904,21076.0,1.0,35,5,10,M,20,,,,,
904,21077.0,7.6,0,0,0,M,20,,,,,
904,21078.0,7.5,0,0,10,M,20,,,,,
904,21079.0,14.7,0,20,0,M,20,,,,,
904,21080.0,11.9,25,15,15,M,20,,,,,
904,21081.0,12.1,0,35,0,M,20,,,,,
904,21082.0,4.0,0,20,0,M,20,,,,,
904,21083.0,7.5,10,0,0,M,20,,,,,
904,21084.0,7.5,10,0,0,M,20,,,,,
904,21085.0,7.5,0,0,10,M,20,,,,,
904,21086.0,12.1,25,25,0,M,20,,,,,
904,21087.0,7.5,0,0,10,M,20,,,,,
2001,21088.0,9.1,0,0,0,F,20,A,A,A,A,A
2001,21089.0,18.0,0,0,0,F,20,A,A,B,C,B
2001,21090.0,14.5,20,0,20,F,20,A,A,B,C,B
2001,21091.0,14.1,0,25,0,F,20,A,A,C,C,B
2001,21092.0,30.0,10,0,0,F,20,A,A,C,C,B
2001,21093.0,21.6,55,0,10,F,20,A,A,C,C,B
2001,21094.0,1.0,0,25,0,F,20,A,B,C,C,B
2001,21095.0,7.5,0,0,0,F,20,A,D,D,D,C
2001,21096.0,7.5,0,0,0,F,20,A,D,D,D,C
2001,21097.0,20.6,0,0,0,F,20,A,D,D,D,C
2001,21098.0,0.0,20,45,0,F,20,A,D,D,D,D
2001,21099.0,19.8,0,0,0,F,20,A,D,D,D,D
2001,21100.0,7.5,0,0,0,F,20,A,D,D,D,D
2001,21101.0,11.1,0,20,30,F,20,A,D,D,D,D
2001,21102.0,7.5,0,0,0,F,20,A,D,D,D,D
2001,21103.0,19.8,0,0,0,F,20,A,D,D,D,D
2001,21104.0,7.5,0,0,0,F,20,A,D,D,D,E
2001,21105.0,7.5,0,0,0,F,20,A,D,D,E,E
2001,21106.0,10.5,30,15,20,F,20,A,D,D,E,E
2001,21107.0,9.5,0,60,0,F,20,A,D,D,E,E
2001,21108.0,7.5,0,0,0,F,20,A,D,D,E,E
2001,21109.0,16.2,55,0,50,F,20,A,D,D,E,E
2001,21110.0,7.8,0,0,0,F,20,A,D,E,E,E
2001,21111.0,7.5,0,0,0,F,20,B,D,E,E,E
2001,21112.0,7.5,0,0,0,F,20,B,D,E,E,E
2001,21113.0,19.5,0,0,0,F,20,B,D,E,E,E
2001,21114.0,0.0,0,10,0,F,20,B,D,E,E,E
2001,21115.0,9.7,0,0,0,F,20,B,D,E,E,E
2001,21116.0,0.0,0,45,20,F,20,B,D,E,E,E
2001,21117.0,7.5,0,0,0,M,20,B,D,E,F,F
2001,21118.0,7.5,0,0,0,M,20,B,D,E,F,F
2001,21119.0,7.5,0,0,0,M,20,B,D,F,F,F
2001,21120.0,7.5,0,0,0,M,20,B,D,F,F,F
2001,21121.0,0.0,0,0,0,M,20,B,D,F,F,F
2001,21122.0,0.0,0,0,0,M,20,B,D,F,F,F
2001,21123.0,0.0,0,0,0,M,20,B,D,F,F,F
2001,21124.0,15.0,0,20,20,M,20,B,F,F,F,G
2001,21125.0,0.0,0,0,0,M,20,,,,,
2001,21126.0,8.2,0,0,10,M,20,,,,,
2001,21127.0,11.0,60,60,20,M,20,,,,,
2001,21128.0,15.4,0,20,0,M,20,,,,,
2001,21129.0,7.5,0,0,0,M,20,,,,,
2001,21130.0,7.5,0,0,0,M,20,,,,,
2001,21131.0,0.0,0,35,0,M,20,,,,,
2001,21132.0,7.5,0,0,0,M,20,,,,,
2001,21133.0,20.9,0,0,0,M,20,,,,,
2001,21134.0,21.0,0,0,0,M,20,,,,,
2001,21135.0,7.5,0,0,0,M,20,,,,,
2001,21136.0,7.5,0,0,0,M,20,,,,,
702,21137.0,7.5,0,0,0,F,20,A,A,A,A,A
702,21138.0,18.9,0,0,0,F,20,A,A,A,A,A
702,21139.0,7.5,0,0,0,F,20,A,A,A,A,A
702,21140.0,7.5,0,0,0,F,20,A,A,A,B,A
702,21141.0,28.2,25,0,0,F,20,A,A,A,B,A
702,21142.0,7.5,0,0,0,F,20,A,A,A,B,A
702,21143.0,0.0,0,0,0,F,20,A,A,B,B,A
702,21144.0,31.9,0,0,0,F,20,A,A,B,B,A
702,21145.0,5.2,0,0,0,F,20,A,A,B,B,A
702,21146.0,7.5,0,0,0,F,20,A,A,B,B,A
702,21147.0,11.5,0,45,0,F,20,A,A,B,B,A
702,21148.0,7.5,0,0,0,F,20,A,A,B,B,A
702,21149.0,7.5,0,0,0,F,20,A,A,B,B,A
702,21150.0,18.0,0,0,20,F,20,A,A,B,B,A
702,21151.0,11.7,15,15,30,F,20,A,A,B,B,A
702,21152.0,3.0,0,35,10,F,20,A,A,B,B,A
702,21153.0,12.9,25,0,30,F,20,A,B,B,B,A
702,21154.0,7.5,0,0,0,F,20,A,B,B,B,A
702,21155.0,10.1,0,0,0,F,20,A,B,B,B,A
702,21156.0,20.3,50,0,30,F,20,A,B,B,B,A
702,21157.0,20.0,0,0,0,F,20,A,B,B,B,A
702,21158.0,8.5,0,20,50,F,20,A,B,B,B,A
702,21159.0,14.5,50,0,0,F,20,A,B,B,B,A
702,21160.0,19.4,0,0,0,F,20,A,B,B,B,A
702,21161.0,18.8,0,0,0,F,20,A,B,B,B,A
702,21162.0,10.1,0,0,0,F,20,A,B,B,B,A
702,21163.0,20.0,0,0,0,F,20,A,B,B,B,A
702,21164.0,8.0,0,0,0,F,20,A,B,B,B,A
702,21165.0,2.6,0,45,5,F,20,A,B,B,B,A
702,21166.0,10.1,0,0,0,F,20,A,B,B,B,A
702,21167.0,7.6,50,40,0,F,20,A,B,B,B,A
702,21168.0,10.7,50,0,20,F,20,A,B,B,B,A
702,21169.0,3.4,25,0,0,F,20,A,B,B,B,A
702,21170.0,10.1,0,0,0,F,20,A,D,B,C,A
702,21171.0,9.9,50,0,15,F,20,A,D,B,C,A
702,21172.0,3.4,0,15,0,F,20,A,D,B,C,A
702,21173.0,7.5,25,0,0,F,20,A,D,B,C,A
702,21174.0,20.2,0,0,0,F,20,A,D,B,C,A
702,21175.0,10.1,0,0,0,F,20,A,D,B,C,A
702,21176.0,18.6,0,10,0,F,20,A,D,C,C,A
702,21177.0,10.1,0,0,0,M,20,A,D,C,C,A
702,21178.0,11.8,0,45,0,M,20,A,D,C,C,A
702,21179.0,23.2,15,45,0,M,20,A,D,C,C,A
702,21180.0,4.0,50,0,0,M,20,A,D,C,C,A
702,21181.0,8.5,0,0,15,M,20,A,D,C,C,A
702,21182.0,19.8,0,0,0,M,20,A,D,C,C,B
702,21183.0,8.5,0,0,0,M,20,A,D,C,C,B
702,21184.0,8.5,0,0,0,M,20,A,D,C,C,B
702,21185.0,32.9,0,0,0,M,20,A,D,C,C,B
702,21186.0,8.5,0,0,0,M,20,A,D,C,C,B
702,21187.0,2.0,0,0,0,M,20,A,D,C,C,B
702,21188.0,21.2,0,0,0,M,20,A,D,C,C,B
702,21189.0,11.5,0,0,0,M,20,A,D,C,C,B
702,21190.0,11.8,0,35,15,M,20,A,D,C,D,B
702,21191.0,8.5,0,0,0,M,20,A,D,D,D,B
702,21192.0,20.6,0,0,0,M,20,A,D,D,D,B
702,21193.0,20.0,0,0,0,M,20,A,D,D,D,B
702,21194.0,8.5,0,0,0,M,20,A,D,D,D,B
702,21195.0,9.5,5,0,0,M,20,A,D,D,D,B
702,21196.0,7.5,20,0,0,M,20,A,D,D,D,B
702,21197.0,9.5,0,0,5,M,20,A,D,D,D,B
702,21198.0,19.4,0,0,0,M,20,A,D,D,D,B
702,21199.0,3.0,15,0,35,M,20,A,D,D,D,B
702,21200.0,1.0,0,0,0,M,20,A,D,D,D,B
702,21201.0,17.6,0,20,0,M,20,A,D,D,D,B
702,21202.0,29.7,20,0,0,M,20,A,D,D,D,B
702,21203.0,14.9,0,30,0,M,20,A,D,D,D,B
702,21204.0,6.2,55,15,35,M,37,A,D,D,D,B
2402,21205.0,0.0,0,0,0,F,20,A,D,D,D,B
2402,21206.0,7.5,0,0,0,F,20,A,D,D,D,B
2402,21207.0,0.0,0,0,0,F,20,A,D,D,D,B
2402,21208.0,12.9,0,40,20,M,20,A,D,D,D,B
2402,21209.0,2.0,0,25,35,M,20,A,D,D,D,B
2402,21210.0,0.0,0,0,0,M,20,A,D,D,D,C
2402,21211.0,0.0,0,0,0,M,20,A,D,D,D,C
2402,21212.0,0.0,0,0,0,M,20,A,D,D,D,C
2402,21213.0,7.5,0,0,0,M,20,A,D,D,D,C
2402,21214.0,7.5,0,0,0,M,20,A,D,D,D,C
2402,21215.0,29.7,0,25,0,M,20,A,D,D,D,C
2402,21216.0,0.0,0,0,0,M,20,A,D,E,D,D
2402,21217.0,0.0,0,0,0,M,20,A,D,E,E,D
2402,21218.0,7.5,0,0,0,M,20,A,D,E,E,D
2402,21219.0,10.9,60,15,0,M,20,A,D,E,E,D
2402,21220.0,33.3,0,0,0,M,20,A,D,E,E,D
2402,21221.0,9.9,0,0,0,M,20,B,D,E,F,D
2402,21222.0,16.5,0,30,0,M,20,B,F,E,F,D
2402,21223.0,0.0,0,0,0,M,20,C,F,F,F,E
2402,21224.0,0.0,0,0,0,M,20,C,F,F,F,E
2402,21225.0,11.9,0,0,0,M,20,E,F,F,F,F
2402,21226.0,0.0,0,0,0,M,20,,,,,
2402,21227.0,22.5,0,0,0,M,20,,,,,
2402,21228.0,0.0,0,0,0,M,20,,,,,
2402,21229.0,0.0,0,0,0,M,20,,,,,
2402,21230.0,0.0,0,0,0,M,20,,,,,
2402,21231.0,7.5,0,0,0,M,20,,,,,
2402,21232.0,0.0,0,0,0,M,20,,,,,
2402,21233.0,7.5,0,0,0,M,20,,,,,
2402,21234.0,0.0,0,0,0,M,20,,,,,
2402,21235.0,23.4,30,0,35,M,20,,,,,
2402,21236.0,7.5,0,0,0,M,20,,,,,
2402,21237.0,9.5,10,0,0,M,20,,,,,
2402,21238.0,0.0,0,0,0,M,20,,,,,
2402,21239.0,0.0,0,0,0,M,20,,,,,
2402,21240.0,0.0,0,0,0,M,20,,,,,
2402,21241.0,0.0,0,0,0,M,20,,,,,
2402,21242.0,0.0,0,0,0,M,20,,,,,
2402,21243.0,0.0,0,0,0,M,20,,,,,
2402,21244.0,0.0,0,0,0,M,20,,,,,
2402,21245.0,0.0,0,0,0,M,20,,,,,
2402,21246.0,0.0,0,0,0,M,20,,,,,
2001,21247.0,0.0,0,0,0,F,20,A,A,A,A,A
2001,21248.0,0.0,0,0,0,F,20,A,A,A,A,A
2001,21249.0,0.0,0,0,0,F,20,A,A,A,A,A
2001,21250.0,0.0,0,0,0,F,20,A,A,A,A,A
2001,21251.0,7.5,0,25,0,F,20,A,A,A,B,A
2001,21252.0,0.0,0,0,0,F,20,A,A,A,B,A
2001,21253.0,0.0,0,0,0,F,20,A,A,A,B,A
2001,21254.0,11.1,0,0,0,F,20,A,A,A,B,A
2001,21255.0,9.5,10,0,0,F,20,A,A,A,B,A
2001,21256.0,0.0,0,0,0,F,20,A,A,A,B,A
2001,21257.0,0.0,0,45,0,F,20,A,A,A,B,A
2001,21258.0,22.5,0,0,0,F,20,A,A,A,B,A
2001,21259.0,0.0,0,45,0,F,20,A,A,B,B,A
2001,21260.0,21.2,0,0,0,F,20,A,A,B,B,A
2001,21261.0,2.4,25,25,10,F,20,A,B,B,B,A
2001,21262.0,21.4,0,0,0,F,20,A,B,B,B,A
2001,21263.0,22.5,0,0,0,F,20,A,B,B,B,A
2001,21264.0,21.0,50,15,20,F,20,A,B,B,B,A
2001,21265.0,15.3,50,0,0,F,20,A,B,B,B,A
2001,21266.0,22.5,0,0,0,F,20,A,B,B,B,A
2001,21267.0,33.6,0,0,0,F,20,A,B,B,B,A
2001,21268.0,6.8,0,0,0,F,20,A,B,B,B,A
2001,21269.0,9.1,0,0,0,F,20,A,B,B,B,A
2001,21270.0,22.5,0,0,0,F,20,A,D,B,B,A
2001,21271.0,22.5,0,0,0,F,20,A,D,B,B,A
2001,21272.0,6.8,0,0,0,F,20,A,D,B,B,A
2001,21273.0,10.1,10,55,0,F,20,A,D,B,C,A
2001,21274.0,16.0,15,20,10,F,20,A,D,B,C,A
2001,21275.0,11.5,0,0,0,F,20,A,D,B,C,A
2001,21276.0,22.4,0,0,0,F,20,A,D,B,C,A
2001,21277.0,7.5,50,45,5,F,20,A,D,B,C,A
2001,21278.0,9.9,10,0,0,F,20,A,D,B,C,A
2001,21279.0,30.6,0,20,0,F,20,A,D,B,C,A
2001,21280.0,1.4,0,35,0,F,20,A,D,B,C,A
2001,21281.0,19.0,0,15,0,F,20,A,D,B,C,A
2001,21282.0,12.1,0,0,0,F,20,A,D,B,D,A
2001,21283.0,4.6,10,35,0,F,20,A,D,B,D,A
2001,21284.0,22.5,0,0,0,F,20,A,D,B,D,A
2001,21285.0,22.5,0,0,0,F,20,A,D,B,D,A
2001,21286.0,22.5,0,0,0,F,20,A,D,B,D,A
2001,21287.0,22.5,0,0,0,F,20,A,D,B,D,A
2001,21288.0,22.5,0,0,0,F,20,A,D,C,D,A
2001,21289.0,22.5,0,0,0,F,20,A,D,C,D,B
2001,21290.0,22.5,0,0,0,F,20,A,D,C,D,B
2001,21291.0,11.2,0,0,0,F,20,A,D,C,D,B
2001,21292.0,2.4,0,0,30,F,20,A,D,C,D,B
2001,21293.0,22.5,0,0,0,F,20,A,D,C,D,B
2001,21294.0,22.5,0,0,0,F,20,A,D,C,D,B
2001,21295.0,22.5,0,0,0,F,20,A,D,D,D,B
2001,21296.0,5.8,25,0,10,F,20,A,D,D,D,B
2001,21297.0,15.1,20,0,30,F,20,A,D,D,D,B
2001,21298.0,7.0,20,0,10,F,20,A,D,D,D,B
2001,21299.0,0.0,0,45,0,F,20,A,D,D,D,B
2001,21300.0,10.1,0,10,0,F,20,A,D,D,D,B
2001,21301.0,15.1,0,0,0,F,20,A,D,D,D,B
2001,21302.0,2.6,40,75,20,F,20,A,D,D,D,B
2001,21303.0,23.0,0,0,0,F,20,A,D,D,D,B
2001,21304.0,2.0,40,15,10,F,20,A,D,D,D,B
2001,21305.0,9.5,0,0,0,F,20,A,D,D,D,B
2001,21306.0,20.4,0,0,0,F,20,A,D,D,D,B
2001,21307.0,2.0,10,0,0,F,20,B,D,D,D,B
2001,21308.0,22.5,0,0,0,F,20,B,D,D,D,B
2001,21309.0,25.0,0,0,60,F,20,B,D,D,D,B
2001,21310.0,30.8,10,10,0,F,20,B,D,D,D,B
2001,21311.0,9.5,0,0,0,F,20,B,D,D,D,B
2001,21312.0,15.0,0,50,0,F,20,B,D,D,D,B
2001,21313.0,23.2,0,0,0,F,20,B,D,D,D,C
2001,21314.0,17.6,0,20,0,F,20,B,D,D,E,C
2001,21315.0,16.0,10,0,25,F,20,B,D,D,E,C
2001,21316.0,21.6,0,0,0,F,20,B,D,D,E,C
2001,21317.0,15.0,45,0,0,F,20,C,D,D,E,D
2001,21318.0,7.2,0,0,0,F,20,C,D,E,E,D
2001,21319.0,33.8,0,0,0,F,20,C,F,E,E,D
2001,21320.0,17.0,0,40,0,F,20,E,F,E,F,D
2001,21321.0,20.4,0,0,0,F,20,E,F,E,F,E
2001,21322.0,4.4,10,10,30,F,20,,,,,
2001,21323.0,8.6,10,0,10,F,20,,,,,
2001,21324.0,10.8,0,0,0,F,20,,,,,
2001,21325.0,2.6,30,0,0,F,20,,,,,
2001,21326.0,14.3,80,20,30,F,20,,,,,
2001,21327.0,20.4,0,0,0,F,20,,,,,
2001,21328.0,9.5,0,0,0,F,20,,,,,
2001,21329.0,18.0,0,0,15,F,20,,,,,
2001,21330.0,22.5,0,0,0,M,20,,,,,
2001,21331.0,3.2,0,50,0,M,20,,,,,
2001,21332.0,22.4,0,0,0,M,20,,,,,
2001,21333.0,18.8,20,40,40,M,20,,,,,
2001,21334.0,11.9,0,0,0,M,20,,,,,
4004,21335.0,7.5,0,0,0,F,20,A,A,A,A,A
4004,21336.0,7.5,30,0,0,F,20,A,A,A,B,A
4004,21337.0,7.5,0,0,0,F,20,A,A,A,B,A
4004,21338.0,0.0,0,5,5,F,20,A,A,A,B,A
4004,21339.0,19.6,0,0,25,F,20,A,A,A,B,A
4004,21340.0,7.5,0,0,0,F,20,A,A,B,B,A
4004,21341.0,7.5,0,0,0,F,20,A,A,B,B,A
4004,21342.0,7.5,0,0,0,F,20,A,A,B,B,A
4004,21343.0,7.5,0,0,0,F,20,A,A,B,B,A
4004,21344.0,7.5,0,20,10,F,20,A,A,B,B,B
4004,21345.0,12.1,0,0,0,F,20,A,A,B,B,B
4004,21346.0,17.4,40,0,0,F,20,A,A,B,C,B
4004,21347.0,7.5,0,0,0,M,20,A,A,B,C,B
4004,21348.0,22.2,0,0,0,M,20,A,A,B,C,B
4004,21349.0,10.0,0,0,0,M,20,A,A,B,C,B
4004,21350.0,7.5,20,10,0,M,20,A,A,B,C,B
4004,21351.0,7.5,0,0,0,M,20,A,A,B,C,B
4004,21352.0,7.5,0,0,0,M,20,A,A,C,C,B
4004,21353.0,7.5,0,0,0,M,20,A,A,C,C,B
4004,21354.0,10.1,0,0,0,M,20,A,A,C,C,B
4004,21355.0,10.0,0,0,0,M,20,A,A,C,C,B
4004,21356.0,0.0,0,0,10,M,20,A,A,C,C,B
4004,21357.0,7.5,0,25,0,M,20,A,A,C,C,C
4004,21358.0,0.0,0,0,10,M,20,A,A,C,C,C
4004,21359.0,9.5,0,5,0,M,20,A,A,C,D,C
4004,21360.0,7.5,0,0,0,M,20,A,B,C,D,C
4004,21361.0,7.5,0,0,0,M,20,A,B,C,D,C
4004,21362.0,7.5,0,0,0,M,20,A,B,D,D,C
4004,21363.0,1.0,0,0,0,M,20,A,B,D,D,C
4004,21364.0,10.1,0,0,0,M,20,A,B,D,D,C
4004,21365.0,7.5,0,0,0,M,20,A,B,D,D,C
4004,21366.0,7.5,0,0,0,M,20,A,B,D,D,C
4004,21367.0,7.5,0,0,0,M,20,A,B,D,D,C
4004,21368.0,7.5,0,0,0,M,20,A,B,D,D,D
4004,21369.0,7.5,0,0,0,M,20,A,C,D,D,D
4004,21370.0,7.5,0,0,0,M,20,A,C,D,D,D
4004,21371.0,22.5,0,5,0,M,20,A,D,D,D,D
4004,21372.0,7.5,0,0,0,M,20,A,D,D,D,D
4004,21373.0,7.5,0,0,0,M,20,A,D,D,D,D
4004,21374.0,21.9,0,0,0,M,20,A,D,D,D,D
4004,21375.0,7.5,0,0,0,M,20,A,D,D,D,D
4004,21376.0,7.5,0,0,0,M,20,A,D,D,D,D
4004,21377.0,7.5,0,0,0,M,20,A,D,D,D,D
4004,21378.0,7.5,0,0,0,M,20,A,D,D,D,D
4004,21379.0,8.4,30,60,10,M,20,A,D,D,D,D
4004,21380.0,29.1,0,25,10,M,20,A,D,D,D,D
4004,21381.0,7.5,0,0,0,M,20,A,D,D,D,D
4004,21382.0,0.0,0,0,10,M,20,A,D,D,D,D
4004,21383.0,0.0,0,0,10,M,20,A,D,D,D,D
4004,21384.0,7.5,0,0,0,M,20,A,D,D,D,D
4004,21385.0,7.5,0,0,0,M,20,A,D,D,D,E
4004,21386.0,7.5,0,0,0,M,20,A,D,D,D,E
4004,21387.0,7.5,0,0,0,M,20,A,D,D,D,E
4004,21388.0,7.5,0,0,0,M,20,A,D,D,D,E
4004,21389.0,7.8,0,0,0,M,20,A,D,D,D,E
4004,21390.0,7.5,0,0,0,M,20,A,D,D,E,E
4004,21391.0,7.5,0,0,0,M,20,A,D,D,E,E
4004,21392.0,7.5,0,0,0,M,20,A,D,D,E,E
4004,21393.0,7.5,0,0,0,M,20,A,D,D,E,E
4004,21394.0,10.5,0,65,20,M,20,A,D,D,E,E
4004,21395.0,7.5,0,0,0,M,20,A,D,D,E,E
4004,21396.0,7.5,0,0,0,M,20,A,D,D,E,E
4004,21397.0,7.5,0,0,0,M,20,A,D,D,E,E
4004,21398.0,7.4,30,45,15,M,20,A,D,E,E,E
4004,21399.0,7.5,0,0,0,M,20,A,D,E,E,E
4004,21400.0,7.5,0,0,0,M,20,A,D,E,E,E
4004,21401.0,16.3,0,30,0,M,20,A,D,E,E,E
4004,21402.0,1.0,0,0,0,M,20,A,D,E,E,E
4004,21403.0,7.5,0,0,0,M,20,A,D,E,E,E
4004,21404.0,7.5,0,0,0,M,20,A,D,E,E,E
4004,21405.0,7.5,0,0,0,M,20,A,D,E,E,E
4004,21406.0,7.5,0,0,0,M,20,A,D,E,E,E
4004,21407.0,7.5,0,0,0,M,20,A,D,E,E,E
4004,21408.0,7.5,0,0,0,M,20,A,D,E,F,E
4004,21409.0,7.5,0,0,0,M,20,A,D,E,F,F
4004,21410.0,7.5,0,0,0,M,20,A,D,E,F,F
4004,21411.0,6.0,0,10,0,M,20,A,D,E,F,F
4004,21412.0,7.5,0,0,0,M,20,A,D,E,F,F
4004,21413.0,8.2,60,20,20,M,20,A,D,E,F,F
4004,21414.0,7.5,0,0,0,M,20,B,F,E,F,F
4004,21415.0,21.0,0,0,0,M,20,B,F,F,F,F
4004,21416.0,7.5,0,0,0,M,20,B,F,F,F,F
4004,21417.0,7.5,0,0,0,M,20,B,F,F,F,F
4004,21418.0,7.5,0,0,0,M,20,C,F,F,F,F
4004,21419.0,7.5,0,0,0,M,20,E,F,F,F,F
4004,21420.0,7.5,0,0,0,M,20,,,,,
4004,21421.0,16.4,0,30,0,M,20,,,,,
4004,21422.0,7.5,0,0,0,M,20,,,,,
4004,21423.0,7.5,0,0,0,M,20,,,,,
4004,21424.0,30.0,0,30,0,M,20,,,,,
4004,21425.0,10.1,0,0,0,M,20,,,,,
4004,21426.0,23.0,0,0,0,M,20,,,,,
4004,21427.0,7.5,0,0,0,M,20,,,,,
4004,21428.0,7.5,0,0,0,M,20,,,,,
4004,21429.0,7.5,0,0,0,M,20,,,,,
4004,21430.0,3.6,0,0,0,M,20,,,,,
4004,21431.0,7.5,0,0,0,M,20,,,,,
4004,21432.0,7.5,0,0,0,M,20,,,,,
4004,21433.0,1.8,10,30,0,M,20,,,,,
5401,21434.0,10.1,0,0,0,F,20,A,A,A,A,A
5401,21435.0,0.0,0,0,25,F,20,A,A,B,B,A
5401,21436.0,7.5,0,0,0,F,20,A,A,B,B,A
5401,21437.0,7.5,0,0,0,F,20,A,A,B,B,A
5401,21438.0,22.5,5,0,0,F,20,A,A,B,B,A
5401,21439.0,22.6,0,5,0,F,20,A,A,B,B,A
5401,21440.0,1.0,35,40,0,F,20,A,A,B,B,A
5401,21441.0,21.0,0,0,15,F,20,A,A,B,B,A
5401,21442.0,22.5,0,0,0,F,20,A,A,B,B,A
5401,21443.0,22.5,0,0,0,F,20,A,A,B,C,A
5401,21444.0,22.5,0,0,0,F,20,A,A,B,C,A
5401,21445.0,10.5,0,0,0,F,20,A,A,B,C,A
5401,21446.0,27.7,35,0,10,F,20,A,A,B,C,A
5401,21447.0,10.6,0,0,0,F,20,A,A,B,C,A
5401,21448.0,22.5,0,0,0,F,20,A,A,C,C,A
5401,21449.0,16.0,35,0,0,F,20,A,A,C,D,A
5401,21450.0,0.0,0,75,10,F,20,A,B,C,D,A
5401,21451.0,22.5,0,0,0,F,20,A,B,C,D,A
5401,21452.0,21.9,0,0,0,F,20,A,B,D,D,A
5401,21453.0,22.5,0,0,0,F,20,A,B,D,D,A
5401,21454.0,22.5,0,0,0,F,20,A,B,D,D,A
5401,21455.0,22.5,0,0,0,F,20,A,B,D,D,A
5401,21456.0,2.4,85,35,20,F,20,A,B,D,D,A
5401,21457.0,21.2,0,0,0,F,20,A,B,D,D,A
5401,21458.0,6.6,0,10,0,F,20,A,B,D,D,B
5401,21459.0,22.5,0,0,0,F,20,A,B,D,D,B
5401,21460.0,22.5,0,0,0,F,20,A,B,D,D,B
5401,21461.0,22.4,0,0,0,F,20,A,B,D,D,B
5401,21462.0,2.6,0,35,0,F,20,A,D,D,D,B
5401,21463.0,4.8,90,80,30,F,20,A,D,D,D,B
5401,21464.0,23.5,0,0,0,F,20,A,D,D,D,C
5401,21465.0,16.9,0,30,0,F,20,A,D,D,D,C
5401,21466.0,12.7,50,15,10,F,20,A,D,D,D,C
5401,21467.0,0.0,0,0,0,F,20,A,D,D,D,C
5401,21468.0,2.6,10,30,25,F,20,A,D,D,E,C
5401,21469.0,20.8,0,0,10,F,20,A,D,E,E,C
5401,21470.0,29.3,0,35,0,M,20,A,D,E,E,C
5401,21471.0,9.5,20,0,0,M,20,B,D,E,E,C
5401,21472.0,21.2,0,0,0,M,20,B,D,E,E,D
5401,21473.0,22.4,0,0,0,M,20,B,D,E,E,D
5401,21474.0,22.5,0,0,0,M,20,C,D,E,E,E
5401,21475.0,22.5,0,0,0,M,20,C,D,E,E,E
5401,21476.0,22.5,0,0,0,M,20,E,D,E,F,E
5401,21477.0,0.0,0,0,0,M,20,E,D,F,F,E
5401,21478.0,22.5,0,0,0,M,20,E,D,F,F,E
5401,21479.0,0.0,0,0,0,M,20,E,D,F,F,F
5401,21480.0,21.8,0,0,0,M,20,E,F,F,F,F
5401,21481.0,6.4,55,45,0,M,20,,,,,
5401,21482.0,22.5,0,0,0,M,20,,,,,
5401,21483.0,11.1,10,55,20,M,20,,,,,
5401,21484.0,20.2,35,50,10,M,20,,,,,
5401,21485.0,12.9,0,0,0,M,20,,,,,
5401,21486.0,13.9,0,0,0,M,20,,,,,
5401,21487.0,3.4,0,0,0,M,20,,,,,
5401,21488.0,5.0,0,20,10,M,20,,,,,
5401,21489.0,5.4,40,10,0,M,20,,,,,
5401,21490.0,10.9,0,0,0,M,20,,,,,
1501,21491.0,10.8,0,0,0,F,20,A,A,B,A,A
1501,21492.0,21.0,20,0,0,F,20,A,A,B,A,A
1501,21493.0,10.3,25,0,0,F,20,A,A,B,B,A
1501,21494.0,8.4,30,0,0,F,20,A,A,B,B,A
1501,21495.0,12.9,0,0,0,F,20,A,A,B,B,A
1501,21496.0,30.6,10,0,20,F,20,A,A,B,B,A
1501,21497.0,14.0,35,0,25,F,20,A,A,C,C,B
1501,21498.0,12.9,0,0,0,F,20,A,B,C,C,B
1501,21499.0,9.5,10,0,25,F,20,A,B,C,D,B
1501,21500.0,22.0,0,15,0,F,20,A,B,D,D,B
1501,21501.0,16.5,30,0,20,F,20,A,B,D,D,B
1501,21502.0,4.8,35,20,0,F,20,A,B,D,D,B
1501,21503.0,5.6,0,20,0,F,20,A,D,D,D,B
1501,21504.0,22.4,0,0,0,F,20,A,D,D,D,B
1501,21505.0,10.1,20,0,0,F,20,A,D,D,D,B
1501,21506.0,3.2,10,25,0,F,20,A,D,D,D,B
1501,21507.0,35.0,0,0,0,F,20,A,D,D,D,B
1501,21508.0,7.5,70,10,30,M,20,A,D,D,D,B
1501,21509.0,8.5,0,0,0,M,20,A,D,D,D,B
1501,21510.0,20.1,0,100,0,M,20,A,D,D,D,C
1501,21511.0,9.5,0,0,0,M,20,B,D,D,D,C
1501,21512.0,8.5,0,0,0,M,20,B,D,D,E,E
1501,21513.0,8.5,0,0,0,M,20,B,D,D,E,E
1501,21514.0,0.0,70,60,30,M,20,E,F,D,F,E
1501,21515.0,2.0,0,0,0,M,20,,,,,
3202,21516.0,19.4,10,15,5,F,20,A,A,A,B,A
3202,21517.0,35.2,0,0,0,F,20,A,A,A,B,A
3202,21518.0,10.4,30,45,0,F,20,A,A,B,B,A
3202,21519.0,19.4,30,0,0,F,20,A,A,B,B,A
3202,21520.0,7.5,35,0,0,F,20,A,A,B,C,A
3202,21521.0,8.5,0,0,0,F,20,A,B,B,C,A
3202,21522.0,11.7,25,40,0,F,20,A,D,C,C,A
3202,21523.0,7.0,0,10,0,F,20,A,D,C,D,A
3202,21524.0,12.5,10,0,50,F,20,A,D,C,D,B
3202,21525.0,2.0,0,0,0,M,20,A,D,D,D,B
3202,21526.0,7.5,0,35,0,M,20,A,D,D,D,B
3202,21527.0,11.3,10,0,0,M,20,A,D,D,D,B
3202,21528.0,7.5,0,25,10,M,20,A,D,D,D,B
3202,21529.0,12.9,0,0,0,M,20,B,D,D,E,B
3202,21530.0,13.7,30,35,5,M,20,B,D,D,E,C
3202,21531.0,9.5,10,15,0,M,20,B,D,E,E,C
3202,21532.0,22.5,0,0,0,M,20,C,F,F,F,E
1602,21533.0,23.2,0,0,0,F,20,A,A,A,A,A
1602,21534.0,22.5,0,0,0,F,20,A,A,A,A,A
1602,21535.0,9.0,40,0,0,F,20,A,A,A,A,A
1602,21536.0,11.1,0,0,0,F,20,A,A,A,A,A
1602,21537.0,0.0,15,0,0,F,20,A,A,A,A,A
1602,21538.0,11.1,0,0,0,F,20,A,A,B,B,A
1602,21539.0,4.2,30,15,15,F,20,A,A,B,B,A
1602,21540.0,16.6,25,25,0,F,20,A,A,B,B,A
1602,21541.0,11.3,0,0,0,F,20,A,A,B,B,A
1602,21542.0,0.0,0,15,0,F,20,A,A,B,B,A
1602,21543.0,7.5,0,15,0,F,20,A,A,B,B,A
1602,21544.0,22.5,0,0,0,F,20,A,A,B,B,A
1602,21545.0,4.2,0,30,0,F,20,A,A,B,B,A
1602,21546.0,2.0,0,45,0,F,20,A,A,B,B,A
1602,21547.0,2.0,0,45,0,F,20,A,A,B,B,A
1602,21548.0,21.4,20,0,0,F,20,A,A,B,B,A
1602,21549.0,18.6,30,0,10,F,20,A,A,B,B,A
1602,21550.0,22.7,0,0,0,F,20,A,A,B,B,A
1602,21551.0,11.1,0,0,0,F,20,A,A,B,B,A
1602,21552.0,22.5,0,0,0,F,20,A,A,B,B,A
1602,21553.0,7.5,0,0,40,F,20,A,A,B,B,A
1602,21554.0,10.1,0,0,0,F,20,A,B,B,B,A
1602,21555.0,7.5,0,10,0,F,20,A,B,B,B,A
1602,21556.0,0.0,50,0,40,F,20,A,B,B,B,A
1602,21557.0,19.9,25,5,0,F,20,A,B,B,B,A
1602,21558.0,10.1,0,0,0,F,20,A,B,B,C,A
1602,21559.0,4.2,30,0,0,F,20,A,B,B,C,A
1602,21560.0,8.9,0,0,0,F,20,A,B,B,C,A
1602,21561.0,8.9,0,0,0,F,20,A,B,B,C,A
1602,21562.0,2.0,30,15,0,F,20,A,B,B,C,A
1602,21563.0,23.4,0,0,0,F,20,A,B,B,C,A
1602,21564.0,20.5,55,45,0,F,20,A,B,C,C,A
1602,21565.0,15.0,0,0,0,F,20,A,B,C,C,A
1602,21566.0,23.4,0,0,0,F,20,A,B,C,C,A
1602,21567.0,22.5,0,0,0,F,20,A,B,C,C,A
1602,21568.0,23.5,50,30,0,F,20,A,B,C,C,A
1602,21569.0,22.5,0,0,0,F,20,A,B,C,C,A
1602,21570.0,10.3,20,45,30,F,20,A,B,C,D,A
1602,21571.0,15.0,25,0,40,F,20,A,B,C,D,A
1602,21572.0,22.5,0,0,0,F,20,A,B,C,D,A
1602,21573.0,18.6,20,20,0,F,20,A,B,C,D,A
1602,21574.0,11.1,0,0,0,F,20,A,B,C,D,A
1602,21575.0,0.0,25,0,0,F,20,A,B,C,D,A
1602,21576.0,7.5,0,0,10,F,20,A,B,C,D,A
1602,21577.0,8.8,10,15,5,F,20,A,B,C,D,B
1602,21578.0,0.0,5,0,10,F,20,A,D,D,D,B
1602,21579.0,0.0,0,10,5,F,20,A,D,D,D,B
1602,21580.0,7.8,20,45,45,F,20,A,D,D,D,B
1602,21581.0,1.0,5,5,0,F,20,A,D,D,D,B
1602,21582.0,15.7,15,30,15,M,20,A,D,D,D,B
1602,21583.0,22.5,0,0,0,M,20,A,D,D,D,B
1602,21584.0,6.2,20,0,30,M,20,A,D,D,D,B
1602,21585.0,20.6,0,20,0,M,20,A,D,D,D,B
1602,21586.0,22.5,0,0,0,M,20,A,D,D,D,B
1602,21587.0,9.5,55,30,0,M,20,A,D,D,D,B
1602,21588.0,22.5,0,0,0,M,20,A,D,D,D,B
1602,21589.0,22.5,0,0,0,M,20,A,D,D,D,B
1602,21590.0,22.5,0,0,0,M,20,A,D,D,D,B
1602,21591.0,22.5,0,0,0,M,20,A,D,D,D,B
1602,21592.0,22.5,0,0,0,M,20,A,D,D,D,B
1602,21593.0,24.7,0,0,0,M,20,A,D,D,D,B
1602,21594.0,22.5,0,0,0,M,20,A,D,D,D,B
1602,21595.0,11.5,0,0,0,M,20,A,D,D,D,B
1602,21596.0,12.9,0,0,0,M,20,A,D,D,D,B
1602,21597.0,22.5,0,0,0,M,20,A,D,D,D,B
1602,21598.0,7.5,0,20,0,M,20,A,D,D,D,B
1602,21599.0,32.8,20,0,0,M,20,A,D,D,D,B
1602,21600.0,15.1,55,0,10,M,20,A,D,D,D,B
1602,21601.0,13.7,0,0,0,M,20,A,D,D,D,B
1602,21602.0,15.7,10,50,0,M,20,A,D,D,D,B
1602,21603.0,22.5,0,0,0,M,20,A,D,D,D,C
1602,21604.0,14.5,30,35,5,M,20,A,D,D,D,C
1602,21605.0,9.5,0,15,0,M,20,A,D,D,D,C
1602,21606.0,22.5,0,0,0,M,20,A,D,D,E,C
1602,21607.0,22.5,0,0,0,M,20,A,D,D,E,C
1602,21608.0,22.5,0,0,0,M,20,A,D,D,E,C
1602,21609.0,22.5,0,0,0,M,20,A,D,D,E,C
1602,21610.0,22.4,0,0,0,M,20,A,D,D,E,C
1602,21611.0,22.5,0,0,0,M,20,A,D,E,E,D
1602,21612.0,17.0,0,35,0,M,20,A,D,E,E,D
1602,21613.0,22.5,0,0,0,M,20,A,D,E,E,D
1602,21614.0,9.1,0,0,0,M,20,B,F,E,E,D
1602,21615.0,10.3,0,0,0,M,20,B,F,E,F,D
1602,21616.0,22.5,0,0,0,M,20,B,F,E,F,E
1602,21617.0,2.6,50,0,30,M,20,B,F,E,F,E
1602,21618.0,23.6,0,0,0,M,20,E,F,F,F,E
1602,21619.0,22.5,0,0,0,M,20,,,,,
1602,21620.0,22.5,0,0,0,M,20,,,,,
1602,21621.0,15.1,10,45,10,M,20,,,,,
1602,21622.0,21.0,0,15,0,M,20,,,,,
1602,21623.0,16.6,10,30,0,M,20,,,,,
1602,21624.0,9.1,0,0,0,M,20,,,,,
1602,21625.0,30.0,0,40,0,M,20,,,,,
1602,21626.0,15.0,50,0,0,M,20,,,,,
3002,21627.0,16.6,25,20,10,F,20,A,A,A,B,A
3002,21628.0,7.6,50,0,70,F,20,A,A,B,B,A
3002,21629.0,8.9,20,15,0,F,20,A,A,B,B,A
3002,21630.0,15.0,0,0,0,M,20,A,A,B,B,A
3002,21631.0,15.9,0,45,0,M,20,A,A,B,B,A
3002,21632.0,12.1,0,0,0,M,20,A,B,B,B,A
3002,21633.0,12.1,0,0,0,M,20,A,B,B,B,A
3002,21634.0,10.7,0,0,0,M,20,A,B,B,B,A
3002,21635.0,15.0,0,0,0,M,20,A,B,B,C,A
3002,21636.0,12.1,0,0,0,M,20,A,B,B,C,B
3002,21637.0,4.4,40,90,10,M,20,A,D,B,C,B
3002,21638.0,7.5,80,0,30,M,20,A,D,B,D,B
3002,21639.0,2.0,10,50,20,M,20,A,D,C,D,B
3002,21640.0,4.4,0,35,0,M,20,A,D,C,D,B
3002,21641.0,25.1,0,45,30,M,20,A,D,C,D,B
3002,21642.0,8.9,20,0,0,M,20,A,D,C,D,B
3002,21643.0,23.9,0,0,0,M,20,A,D,D,D,B
3002,21644.0,12.1,0,0,0,M,20,B,D,D,D,B
3002,21645.0,9.5,0,0,0,M,20,B,D,D,D,C
3002,21646.0,13.3,0,0,5,M,20,B,D,D,D,C
702,21647.0,14.7,0,0,0,F,20,A,D,B,C,A
702,21648.0,17.4,25,15,0,F,20,A,D,B,C,A
702,21649.0,5.4,15,45,0,F,20,A,D,B,D,B
702,21650.0,0.0,0,0,0,F,20,A,D,B,D,B
702,21651.0,3.2,0,45,0,F,20,A,D,C,D,B
702,21652.0,11.1,0,0,10,F,20,A,D,C,D,B
702,21653.0,0.0,0,0,0,F,20,A,D,C,D,B
702,21654.0,0.0,0,0,0,F,20,A,D,C,D,B
702,21655.0,12.5,0,0,0,F,20,A,D,C,D,B
702,21656.0,10.1,0,0,0,M,20,A,D,C,D,B
702,21657.0,10.1,0,0,0,M,20,A,D,C,D,B
702,21658.0,2.4,10,0,0,M,20,A,D,C,D,B
702,21659.0,10.5,0,35,50,M,20,A,D,C,D,B
702,21660.0,3.6,0,0,0,M,20,A,D,C,D,B
702,21661.0,21.4,25,0,0,M,20,A,D,C,D,B
702,21662.0,0.0,15,0,0,M,20,A,D,C,D,B
702,21663.0,7.5,0,10,15,M,20,A,D,D,D,C
702,21664.0,7.5,0,15,0,M,20,B,D,D,D,C
702,21665.0,4.8,0,0,0,M,20,B,D,D,D,C
702,21666.0,7.5,0,20,15,M,20,B,D,D,D,C
702,21667.0,0.0,0,0,0,M,20,B,D,D,D,C
702,21668.0,15.0,0,60,0,M,20,B,D,D,D,D
702,21669.0,11.7,25,0,0,M,20,B,D,D,D,D
702,21670.0,0.0,0,0,0,M,20,B,D,D,D,D
702,21671.0,20.4,0,20,0,M,20,B,D,D,E,D
702,21672.0,29.2,50,0,0,M,20,B,D,D,E,D
702,21673.0,7.0,30,20,0,M,20,B,D,E,E,D
702,21674.0,5.0,0,0,0,M,20,B,D,E,E,E
702,21675.0,13.1,10,0,0,M,20,B,D,E,F,E
702,21676.0,0.0,0,0,0,M,20,,,,,
702,21677.0,4.2,25,35,10,M,20,,,,,
3202,21678.0,11.7,40,15,40,F,20,A,A,A,B,A
3202,21679.0,18.0,0,50,0,F,20,A,A,A,B,A
3202,21680.0,14.5,0,0,0,F,20,A,A,A,B,A
3202,21681.0,23.4,0,0,0,F,20,A,A,A,B,A
3202,21682.0,0.0,0,25,0,F,20,A,A,B,B,A
3202,21683.0,11.3,0,0,0,F,20,A,A,B,B,A
3202,21684.0,7.5,0,15,0,F,20,A,A,B,C,A
3202,21685.0,8.5,10,0,0,F,20,A,B,B,C,A
3202,21686.0,26.1,0,0,0,F,20,A,C,B,C,A
3202,21687.0,25.8,0,0,0,F,20,A,D,B,C,A
3202,21688.0,0.0,0,0,0,F,20,A,D,B,D,A
3202,21689.0,10.4,25,75,0,F,20,A,D,C,D,A
3202,21690.0,0.0,0,0,0,F,20,A,D,C,D,A
3202,21691.0,10.1,10,0,20,F,20,A,D,C,D,B
3202,21692.0,12.4,0,0,0,F,20,A,D,C,D,B
3202,21693.0,7.0,10,0,40,F,20,A,D,D,D,B
3202,21694.0,10.0,0,0,0,F,20,A,D,D,D,B
3202,21695.0,10.1,0,0,0,F,20,A,D,D,D,B
3202,21696.0,0.0,0,0,0,M,20,A,D,D,D,B
3202,21697.0,15.0,20,0,50,M,20,A,D,D,D,B
3202,21698.0,11.1,10,15,0,M,20,A,D,D,D,B
3202,21699.0,0.0,0,0,0,M,20,B,D,D,D,B
3202,21700.0,24.6,0,0,0,M,20,B,D,D,D,B
3202,21701.0,7.0,30,0,20,M,20,B,D,D,D,B
3202,21702.0,15.0,0,0,0,M,20,B,D,D,D,B
3202,21703.0,3.4,0,30,15,M,20,B,D,D,E,C
3202,21704.0,23.2,10,0,0,M,20,D,D,E,E,D
3202,21705.0,15.0,0,0,0,M,20,E,D,F,E,D
3202,21706.0,15.0,0,0,0,M,20,,,,,
3202,21707.0,10.3,30,0,0,M,20,,,,,
3202,21708.0,15.0,0,0,0,M,20,,,,,
3202,21709.0,18.7,30,0,20,M,20,,,,,
3202,21710.0,15.0,0,0,0,M,20,,,,,
3202,21711.0,15.0,0,0,0,M,20,,,,,
3202,21712.0,15.0,0,0,0,M,20,,,,,
2001,21713.0,15.0,0,0,0,F,20,A,D,D,D,B
2001,21714.0,15.1,0,0,0,F,20,A,D,D,D,B
2001,21715.0,23.6,0,0,0,F,20,A,D,D,D,B
2001,21716.0,18.4,20,15,15,F,20,A,D,D,D,B
2001,21717.0,15.0,0,0,0,F,20,A,D,D,D,B
2001,21718.0,15.0,0,0,0,F,20,A,D,D,D,B
2001,21719.0,15.0,0,0,0,F,20,A,D,D,D,B
2001,21720.0,15.0,0,0,0,F,20,A,D,D,D,B
2001,21721.0,15.0,0,0,0,F,20,A,D,D,D,B
2001,21722.0,15.0,0,0,0,F,20,A,D,D,D,B
2001,21723.0,15.0,0,0,0,F,20,A,D,D,D,B
2001,21724.0,16.0,0,0,0,F,20,A,D,D,D,B
2001,21725.0,15.0,25,25,25,F,20,A,D,D,D,B
2001,21726.0,15.0,0,0,0,F,20,A,D,D,D,B
2001,21727.0,15.0,0,0,0,F,20,A,D,D,D,B
2001,21728.0,15.0,0,0,0,F,20,A,D,D,D,B
2001,21729.0,10.3,15,5,10,F,20,A,D,D,D,B
2001,21730.0,9.5,0,0,5,F,20,A,D,D,D,B
2001,21731.0,2.6,0,0,10,F,20,A,D,D,D,B
2001,21732.0,24.4,40,25,20,F,20,A,D,D,D,B
2001,21733.0,15.0,0,0,0,F,20,A,D,D,D,B
2001,21734.0,15.0,0,0,0,F,20,A,D,D,D,B
2001,21735.0,11.9,20,0,0,F,20,A,D,D,D,B
2001,21736.0,1.4,40,50,0,F,20,B,D,D,D,B
2001,21737.0,15.0,0,0,0,F,20,B,D,D,D,C
2001,21738.0,15.0,0,0,0,M,20,B,D,D,D,C
2001,21739.0,15.0,0,0,0,M,20,B,D,E,D,C
2001,21740.0,15.0,0,0,0,M,20,B,D,E,D,C
2001,21741.0,10.0,0,25,0,M,20,B,D,E,D,C
2001,21742.0,15.0,0,0,0,M,20,B,D,E,D,D
2001,21743.0,15.0,0,0,0,M,20,B,D,E,D,D
2001,21744.0,15.0,30,45,0,M,20,B,D,E,E,D
2001,21745.0,15.0,0,0,0,M,20,C,D,E,E,D
2001,21746.0,15.0,0,0,0,M,20,E,D,E,E,D
2001,21747.0,10.5,30,0,0,M,20,E,D,E,E,D
2001,21748.0,15.0,0,0,0,M,20,E,E,F,E,E
2001,21749.0,22.5,0,25,0,M,20,E,F,F,F,F
2001,21750.0,13.9,15,30,35,M,20,,,,,
2001,21751.0,13.3,65,0,20,M,20,,,,,
2001,21752.0,15.0,0,0,0,M,20,,,,,
2001,21753.0,15.0,0,0,0,M,20,,,,,
2001,21754.0,15.0,0,0,0,M,20,,,,,
2001,21755.0,15.0,0,0,0,M,20,,,,,
2001,21756.0,15.0,0,0,0,M,20,,,,,
2001,21757.0,15.0,0,0,0,M,20,,,,,
1502,21758.0,15.0,0,0,0,F,20,A,A,A,B,A
1502,21759.0,15.0,0,0,0,F,20,A,A,A,B,A
1502,21760.0,15.0,0,0,0,F,20,A,A,B,B,A
1502,21761.0,15.0,0,0,0,F,20,A,A,B,B,A
1502,21762.0,15.0,0,0,0,F,20,A,B,B,B,A
1502,21763.0,15.0,0,0,0,F,20,A,B,B,C,A
1502,21764.0,11.7,0,0,25,F,20,A,B,C,C,A
1502,21765.0,12.5,75,0,0,F,20,A,C,C,C,B
1502,21766.0,24.5,0,0,0,F,20,A,C,C,C,B
1502,21767.0,37.4,0,0,0,F,20,A,D,C,C,B
1502,21768.0,5.6,0,0,0,F,20,A,D,C,C,B
1502,21769.0,37.5,0,0,0,F,20,A,D,C,D,B
1502,21770.0,20.4,55,60,0,F,20,A,D,D,D,B
1502,21771.0,2.0,0,0,15,F,20,A,D,D,D,B
1502,21772.0,25.4,0,0,0,F,20,A,D,D,D,B
1502,21773.0,37.5,0,0,0,F,20,A,D,D,D,B
1502,21774.0,37.5,0,0,0,F,20,A,D,D,D,B
1502,21775.0,13.3,0,0,0,M,20,A,D,D,D,B
1502,21776.0,8.5,0,0,15,M,20,A,D,D,D,B
1502,21777.0,9.1,55,45,0,M,20,A,D,D,D,B
1502,21778.0,17.0,0,0,0,M,20,A,D,D,E,C
1502,21779.0,12.5,50,35,10,M,20,A,D,D,E,C
1502,21780.0,10.7,0,0,0,M,20,A,D,D,E,C
1502,21781.0,11.9,0,0,0,M,20,A,D,D,E,C
1502,21782.0,11.0,0,0,0,M,20,B,D,D,E,C
1502,21783.0,10.9,0,0,0,M,20,B,D,D,E,C
1502,21784.0,18.3,30,0,25,M,20,B,D,D,E,D
1502,21785.0,4.8,50,0,20,M,20,B,D,E,E,E
1502,21786.0,33.2,30,0,0,M,20,B,D,E,F,E
1502,21787.0,3.0,10,0,0,M,20,B,D,E,F,F
1502,21788.0,11.0,25,70,10,M,20,D,F,F,F,G
3502,21789.0,22.0,0,25,5,F,20,A,A,A,A,A
3502,21790.0,4.4,0,0,0,F,20,A,A,A,B,A
3502,21791.0,12.2,20,0,0,F,20,A,A,A,B,A
3502,21792.0,32.9,0,30,0,F,20,A,A,B,B,A
3502,21793.0,25.1,0,0,0,F,20,A,A,B,B,A
3502,21794.0,22.7,90,10,0,F,20,A,A,B,B,A
3502,21795.0,8.9,20,25,0,F,20,A,A,B,B,A
3502,21796.0,15.5,0,0,0,F,20,A,A,B,B,A
3502,21797.0,12.7,25,35,15,F,20,A,A,B,B,A
3502,21798.0,15.9,25,5,40,F,20,A,A,B,B,A
3502,21799.0,12.0,0,0,0,F,20,A,A,B,B,A
3502,21800.0,10.9,0,0,0,F,20,A,A,B,C,A
3502,21801.0,24.2,0,0,0,F,20,A,A,C,C,A
3502,21802.0,9.5,0,10,0,F,20,A,A,C,C,A
3502,21803.0,4.2,0,0,0,F,20,A,A,C,C,A
3502,21804.0,5.6,0,0,0,F,20,A,B,C,C,A
3502,21805.0,10.9,0,0,0,F,20,A,B,C,D,A
3502,21806.0,22.4,0,10,0,F,20,A,B,C,D,A
3502,21807.0,9.2,35,5,0,F,20,A,B,C,D,B
3502,21808.0,21.5,0,15,0,F,20,A,C,C,D,B
3502,21809.0,10.9,0,0,0,F,20,A,C,C,D,B
3502,21810.0,4.4,30,30,0,F,20,A,D,C,D,B
3502,21811.0,11.9,0,0,0,F,20,A,D,C,D,B
3502,21812.0,15.2,0,0,0,M,20,A,D,C,D,B
3502,21813.0,20.5,30,0,10,M,20,A,D,C,D,B
3502,21814.0,3.0,10,0,0,M,20,A,D,D,D,B
3502,21815.0,14.5,40,0,40,M,20,A,D,D,D,B
3502,21816.0,15.0,0,0,0,M,20,A,D,D,D,B
3502,21817.0,22.0,0,15,0,M,20,A,D,D,D,B
3502,21818.0,11.1,10,0,0,M,20,A,D,D,D,B
3502,21819.0,7.5,0,45,10,M,20,A,D,D,D,B
3502,21820.0,4.8,0,0,0,M,20,A,D,D,D,B
3502,21821.0,15.0,0,0,0,M,20,A,D,D,D,B
3502,21822.0,16.5,25,0,45,M,20,A,D,D,D,B
3502,21823.0,15.6,0,0,0,M,20,A,D,D,D,B
3502,21824.0,11.1,0,0,0,M,20,A,D,D,D,B
3502,21825.0,7.5,0,0,0,M,20,A,D,D,D,B
3502,21826.0,7.5,0,0,0,M,20,A,D,D,D,C
3502,21827.0,15.0,0,0,0,M,20,A,D,D,D,C
3502,21828.0,15.3,30,90,30,M,20,A,D,D,D,C
3502,21829.0,15.9,0,0,0,M,20,A,D,D,D,C
3502,21830.0,13.5,0,0,0,M,20,B,D,D,E,C
3502,21831.0,13.7,0,0,0,M,20,B,D,D,E,C
3502,21832.0,0.0,0,0,0,M,20,B,D,E,E,C
3502,21833.0,3.0,0,0,0,M,20,B,D,E,E,D
3502,21834.0,15.0,0,0,0,M,20,B,D,E,E,D
3502,21835.0,5.8,25,10,0,M,20,B,D,E,E,D
3502,21836.0,7.5,40,0,0,M,20,B,D,E,E,D
3502,21837.0,15.0,0,5,0,M,20,B,D,E,F,D
3502,21838.0,3.4,10,0,0,M,20,B,D,E,F,D
3502,21839.0,15.9,0,0,0,M,20,B,D,E,F,E
3502,21840.0,2.6,5,0,10,M,20,B,D,E,F,E
3502,21841.0,15.0,0,0,0,M,20,C,D,E,F,E
3502,21842.0,16.5,20,20,30,M,20,E,D,F,F,F
3502,21843.0,10.9,0,25,0,M,20,E,F,F,F,F
3502,21844.0,21.0,0,0,40,M,20,,,,,
3502,21845.0,0.0,30,0,0,M,20,,,,,
3502,21846.0,13.5,0,0,0,M,20,,,,,
3502,21847.0,15.0,0,0,0,M,20,,,,,
1402,21848.0,7.5,0,0,0,F,20,A,A,A,B,A
1402,21849.0,19.8,10,20,0,F,20,A,A,A,B,A
1402,21850.0,12.7,50,0,50,F,20,A,A,B,B,A
1402,21851.0,15.0,0,0,0,F,20,A,D,B,C,A
1402,21852.0,11.1,0,0,0,F,20,A,D,B,C,A
1402,21853.0,3.6,20,50,10,F,20,A,D,C,C,B
1402,21854.0,12.9,20,70,5,F,20,A,D,C,C,B
1402,21855.0,0.0,30,45,0,F,20,A,D,C,C,B
1402,21856.0,15.0,0,0,0,F,20,A,D,C,C,B
1402,21857.0,2.4,0,60,0,F,20,A,D,C,D,B
1402,21858.0,11.3,0,0,0,F,20,A,D,C,D,B
1402,21859.0,26.4,20,0,55,M,20,A,D,D,D,B
1402,21860.0,15.0,60,15,5,M,20,A,D,D,D,B
1402,21861.0,10.5,10,15,10,M,20,A,D,D,D,B
1402,21862.0,21.0,0,30,10,M,20,A,D,D,D,B
1402,21863.0,2.4,15,0,0,M,20,B,D,D,D,B
1402,21864.0,17.7,50,0,10,M,20,B,D,D,D,D
1402,21865.0,15.0,0,5,0,M,20,B,D,D,D,D
1402,21866.0,15.0,0,0,0,M,20,B,D,E,D,E
1402,21867.0,16.0,0,45,15,M,20,B,D,E,E,E
1402,21868.0,14.1,0,0,0,M,20,B,F,E,E,E
1402,21869.0,0.0,0,0,0,M,20,B,F,E,F,F
1602,21870.0,0.0,0,0,0,F,20,A,A,A,B,A
1602,21871.0,10.6,10,10,15,F,20,A,A,B,B,A
1602,21872.0,11.1,20,0,0,F,20,A,A,B,B,A
1602,21873.0,26.2,0,0,0,F,20,A,A,B,B,A
1602,21874.0,27.1,0,0,0,F,20,A,A,B,B,A
1602,21875.0,13.5,25,0,0,F,20,A,A,C,B,A
1602,21876.0,2.0,10,0,10,F,20,A,A,C,B,A
1602,21877.0,30.8,0,50,0,F,20,A,A,C,C,A
1602,21878.0,4.0,10,0,0,F,20,A,A,D,D,A
1602,21879.0,11.5,0,0,0,F,20,A,A,D,D,A
1602,21880.0,8.8,0,20,0,F,20,A,A,D,D,A
1602,21881.0,5.0,0,0,0,F,20,A,A,D,D,A
1602,21882.0,0.0,0,0,0,F,20,A,B,D,D,B
1602,21883.0,25.1,0,15,0,F,20,A,B,D,D,B
1602,21884.0,0.0,0,15,20,F,20,A,D,D,D,B
1602,21885.0,25.0,40,0,50,F,20,A,D,D,D,B
1602,21886.0,1.0,0,5,0,F,20,A,D,D,D,B
1602,21887.0,21.8,0,20,0,F,20,A,D,D,D,B
1602,21888.0,10.3,30,0,10,F,20,A,D,D,D,B
1602,21889.0,26.2,0,0,0,F,20,A,D,D,D,B
1602,21890.0,16.0,0,0,0,F,20,A,D,D,D,B
1602,21891.0,0.0,0,0,0,F,20,A,D,D,D,B
1602,21892.0,4.6,0,45,0,F,20,A,D,D,D,B
1602,21893.0,16.0,0,0,0,F,20,A,D,D,D,B
1602,21894.0,0.0,0,0,0,F,20,A,D,D,D,C
1602,21895.0,0.0,0,0,0,F,20,A,D,D,E,C
1602,21896.0,23.8,30,0,0,F,20,A,D,E,E,C
1602,21897.0,11.5,0,0,0,F,20,A,D,E,E,C
1602,21898.0,2.8,0,45,15,F,20,A,D,E,E,C
1602,21899.0,18.1,50,0,10,F,20,A,D,E,F,D
1602,21900.0,15.4,50,15,10,M,20,B,D,F,F,D
1602,21901.0,16.0,0,0,0,M,20,B,D,F,F,D
1602,21902.0,9.2,0,15,0,M,20,B,D,F,F,E
1602,21903.0,16.0,0,0,0,M,20,E,E,F,F,E
2402,21904.0,4.0,0,50,0,F,20,A,A,A,B,A
2402,21905.0,0.0,0,0,0,F,20,A,A,A,B,A
2402,21906.0,3.6,10,60,15,F,20,A,A,A,B,A
2402,21907.0,20.4,50,60,10,F,20,A,A,A,B,A
2402,21908.0,4.2,40,35,5,F,20,A,A,A,B,A
2402,21909.0,16.1,0,0,0,F,20,A,A,B,B,A
2402,21910.0,0.0,35,0,0,F,20,A,A,B,B,A
2402,21911.0,11.1,5,0,0,F,20,A,A,B,B,A
2402,21912.0,16.9,30,25,0,F,20,A,A,B,B,A
2402,21913.0,14.9,10,0,0,F,20,A,A,B,B,A
2402,21914.0,26.3,0,0,20,F,20,A,A,B,B,A
2402,21915.0,16.6,20,30,25,F,20,A,A,B,C,A
2402,21916.0,16.4,0,0,0,F,20,A,A,B,C,A
2402,21917.0,7.5,0,30,0,F,20,A,A,B,C,A
2402,21918.0,35.0,0,0,25,F,20,A,A,B,C,A
2402,21919.0,34.3,0,30,0,F,20,A,A,B,C,A
2402,21920.0,21.4,0,25,10,F,20,A,A,B,C,A
2402,21921.0,14.5,0,0,0,F,20,A,A,B,C,A
2402,21922.0,26.4,0,0,0,F,20,A,A,B,C,A
2402,21923.0,11.9,0,0,0,F,20,A,A,C,C,A
2402,21924.0,11.9,0,0,0,F,20,A,A,C,C,A
2402,21925.0,11.9,0,0,0,F,20,A,A,C,C,A
2402,21926.0,16.4,30,45,0,F,20,A,A,C,D,A
2402,21927.0,23.6,0,25,0,F,20,A,B,C,D,A
2402,21928.0,14.3,0,0,0,F,20,A,B,C,D,A
2402,21929.0,22.6,40,0,0,F,20,A,B,C,D,A
2402,21930.0,2.4,20,0,0,F,20,A,B,D,D,B
2402,21931.0,3.0,0,60,0,F,20,A,B,D,D,B
2402,21932.0,24.5,5,15,0,F,20,A,D,D,D,B
2402,21933.0,10.5,10,0,0,F,20,A,D,D,D,B
2402,21934.0,15.0,0,0,10,F,20,A,D,D,D,B
2402,21935.0,12.1,15,0,15,F,20,A,D,D,D,B
2402,21936.0,16.6,0,0,0,F,20,A,D,D,D,B
2402,21937.0,4.4,30,50,0,F,20,A,D,D,D,B
2402,21938.0,16.1,50,0,30,F,20,A,D,D,D,B
2402,21939.0,7.5,45,15,0,F,20,A,D,D,D,B
2402,21940.0,13.3,0,0,0,F,20,A,D,D,D,B
2402,21941.0,7.5,0,30,0,F,20,A,D,D,D,B
2402,21942.0,2.0,0,0,0,F,20,A,D,D,D,B
2402,21943.0,7.5,0,30,0,F,20,A,D,D,D,B
2402,21944.0,14.5,0,0,0,M,20,A,D,D,D,B
2402,21945.0,7.5,0,30,0,M,20,A,D,D,D,B
2402,21946.0,9.5,0,25,0,M,20,A,D,D,D,B
2402,21947.0,9.5,0,25,0,M,20,A,D,D,D,B
2402,21948.0,16.7,30,40,5,M,20,A,D,D,D,B
2402,21949.0,17.5,0,0,0,M,20,A,D,D,D,B
2402,21950.0,15.2,20,0,0,M,20,A,D,D,D,B
2402,21951.0,25.4,0,0,0,M,20,A,D,D,D,B
2402,21952.0,12.1,0,30,0,M,20,A,D,D,D,B
2402,21953.0,25.2,0,0,0,M,20,A,D,D,D,C
2402,21954.0,15.0,10,0,0,M,20,A,D,D,D,C
2402,21955.0,15.0,0,0,10,M,20,A,D,D,D,C
2402,21956.0,8.5,0,45,10,M,20,A,D,D,E,C
2402,21957.0,15.0,0,0,0,M,20,A,D,D,E,C
2402,21958.0,7.5,0,0,0,M,20,A,D,D,E,C
2402,21959.0,15.0,0,0,0,M,20,A,D,D,E,C
2402,21960.0,23.1,0,10,10,M,20,A,D,D,E,C
2402,21961.0,7.5,0,0,0,M,20,A,D,E,E,C
2402,21962.0,14.9,0,0,0,M,20,A,D,E,E,C
2402,21963.0,7.5,0,0,0,M,20,A,D,E,E,C
2402,21964.0,15.0,0,0,0,M,20,A,D,E,E,D
2402,21965.0,15.0,0,0,0,M,20,A,D,E,E,D
2402,21966.0,15.0,0,0,0,M,20,A,D,E,F,D
2402,21967.0,14.7,0,0,0,M,20,A,D,E,F,D
2402,21968.0,15.0,0,0,0,M,20,A,D,E,F,D
2402,21969.0,15.0,0,0,0,M,20,A,D,E,F,D
2402,21970.0,15.0,0,0,0,M,20,B,D,E,F,D
2402,21971.0,15.0,0,0,15,M,20,B,D,E,F,E
2402,21972.0,15.0,0,0,0,M,20,B,D,E,F,E
2402,21973.0,15.0,0,0,0,M,20,B,D,E,F,E
2402,21974.0,15.0,0,0,0,M,20,B,D,E,F,E
2402,21975.0,15.0,0,0,0,M,20,B,E,E,F,E
2402,21976.0,15.0,0,0,0,M,20,C,E,F,F,E
2402,21977.0,16.9,30,35,10,M,20,E,E,F,F,E
2402,21978.0,14.7,0,0,0,M,20,E,E,F,F,E
2402,21979.0,7.5,0,0,0,M,20,E,F,F,F,F
2402,21980.0,18.0,0,0,0,M,20,E,F,F,F,F
2402,21981.0,15.0,0,0,0,M,20,E,F,F,F,F
2402,21982.0,9.5,20,30,0,M,20,,,,,
2402,21983.0,28.1,0,0,0,M,20,,,,,
3002,21984.0,15.0,0,0,0,F,20,A,A,A,A,A
3002,21985.0,7.0,70,65,5,F,20,A,A,A,A,A
3002,21986.0,7.5,0,0,0,F,20,A,A,A,B,A
3002,21987.0,7.5,0,0,0,F,20,A,A,A,B,A
3002,21988.0,15.0,0,0,0,F,20,A,A,A,B,A
3002,21989.0,16.0,0,0,0,F,20,A,A,B,B,A
3002,21990.0,0.0,30,0,10,F,20,A,A,B,B,A
3002,21991.0,4.8,80,0,0,F,20,A,A,B,B,A
3002,21992.0,0.0,15,25,0,F,20,A,A,B,C,A
3002,21993.0,11.1,0,25,0,F,20,A,B,B,C,A
3002,21994.0,31.2,45,0,10,F,20,A,B,B,C,A
3002,21995.0,7.0,30,35,0,F,20,A,B,B,C,A
3002,21996.0,2.6,50,15,0,F,20,A,B,B,C,A
3002,21997.0,13.2,0,10,15,F,20,A,B,B,C,A
3002,21998.0,15.0,0,0,0,F,20,A,C,C,C,A
3002,21999.0,15.0,0,0,0,M,20,A,C,C,C,A
3002,22000.0,15.0,0,0,0,M,20,A,D,C,C,A
3002,22001.0,16.0,0,0,0,M,20,A,D,C,C,A
3002,22002.0,26.4,0,0,10,M,20,A,D,C,D,A
3002,22003.0,14.9,0,0,0,M,20,A,D,C,D,B
3002,22004.0,15.0,0,0,0,M,20,A,D,C,D,B
3002,22005.0,10.9,30,5,5,M,20,A,D,C,D,B
3002,22006.0,15.0,0,0,0,M,20,A,D,C,D,B
3002,22007.0,39.2,0,0,0,M,20,A,D,D,D,B
3002,22008.0,7.2,20,15,30,M,20,A,D,D,D,B
3002,22009.0,14.7,0,0,0,M,20,A,D,D,D,B
3002,22010.0,26.9,0,0,0,M,20,A,D,D,D,B
3002,22011.0,15.0,0,0,0,M,20,A,D,D,D,B
3002,22012.0,0.0,50,0,0,M,20,A,D,D,D,B
3002,22013.0,16.0,0,0,0,M,20,A,D,D,D,B
3002,22014.0,15.0,0,0,0,M,20,A,D,D,D,B
3002,22015.0,11.1,15,15,10,M,20,A,D,D,E,B
3002,22016.0,15.0,0,10,5,M,20,A,D,D,E,B
3002,22017.0,6.4,15,45,10,M,20,A,D,D,E,C
3002,22018.0,10.5,50,0,0,M,20,B,D,D,E,C
3002,22019.0,5.4,0,45,0,M,20,B,D,D,E,C
3002,22020.0,2.6,0,0,0,M,20,B,D,D,E,D
3002,22021.0,9.6,0,45,5,M,20,B,D,D,E,D
3002,22022.0,7.5,0,0,0,M,20,B,D,D,E,D
3002,22023.0,15.0,0,0,0,M,20,B,D,D,F,E
3002,22024.0,13.5,10,0,0,M,20,B,D,E,F,E
3002,22025.0,17.0,0,0,0,M,20,C,E,F,F,E
3002,22026.0,9.5,10,30,10,M,20,E,E,F,F,F
3002,22027.0,2.6,0,0,0,M,20,,,,,
5401,22028.0,15.0,0,0,0,F,20,A,A,A,A,A
5401,22029.0,15.0,0,0,0,F,20,A,A,A,A,A
5401,22030.0,15.0,0,0,0,F,20,A,A,B,B,A
5401,22031.0,15.0,0,0,0,F,20,A,A,B,B,A
5401,22032.0,15.0,0,0,0,F,20,A,A,B,B,A
5401,22033.0,14.4,80,10,0,F,20,A,A,B,C,A
5401,22034.0,6.6,40,20,10,F,20,A,A,C,C,A
5401,22035.0,1.4,5,25,0,F,20,A,B,C,C,B
5401,22036.0,15.0,0,15,0,F,20,A,B,D,C,B
5401,22037.0,7.5,0,0,0,F,20,A,B,D,D,B
5401,22038.0,14.9,0,0,0,F,20,A,B,D,D,B
5401,22039.0,27.1,0,0,0,F,20,A,D,D,D,B
5401,22040.0,16.6,0,0,0,F,20,A,D,D,D,B
5401,22041.0,12.7,0,0,0,F,20,A,D,D,D,B
5401,22042.0,9.9,20,20,10,F,20,A,D,D,D,B
5401,22043.0,7.5,0,0,65,F,20,A,D,D,D,B
5401,22044.0,15.1,0,0,0,M,20,A,D,D,D,B
5401,22045.0,6.4,0,0,0,M,20,A,D,D,D,B
5401,22046.0,27.0,10,0,0,M,20,A,D,D,D,C
5401,22047.0,15.1,0,0,0,M,20,B,D,E,D,D
5401,22048.0,6.0,0,45,0,M,20,B,D,E,E,D
5401,22049.0,20.2,0,25,15,M,20,B,D,E,E,D
5401,22050.0,8.5,25,0,40,M,20,B,D,E,E,D
5401,22051.0,12.9,0,0,0,M,20,B,D,E,E,E
5401,22052.0,7.5,0,35,0,M,20,B,F,F,F,E
5401,22053.0,1.0,0,0,0,M,20,D,F,F,F,E
5401,22054.0,20.8,40,10,0,M,20,E,F,F,F,F
3502,22055.0,13.9,20,0,5,F,20,A,A,B,B,A
3502,22056.0,25.1,25,0,0,F,20,A,A,B,B,A
3502,22057.0,7.5,0,35,0,F,20,A,A,B,B,A
3502,22058.0,14.1,0,0,0,F,20,A,A,B,B,A
3502,22059.0,6.4,50,20,5,F,20,A,A,B,C,A
3502,22060.0,16.0,0,0,10,F,20,A,A,B,C,A
3502,22061.0,26.1,0,0,0,F,20,A,A,B,C,A
3502,22062.0,32.5,30,15,0,F,20,A,A,B,C,A
3502,22063.0,10.7,30,5,10,F,20,A,A,B,C,A
3502,22064.0,22.5,30,10,0,F,20,A,B,B,C,A
3502,22065.0,1.0,25,0,10,F,20,A,B,C,C,A
3502,22066.0,14.1,0,0,0,F,20,A,B,C,C,A
3502,22067.0,4.0,90,35,40,F,20,A,B,C,C,A
3502,22068.0,15.3,0,0,0,F,20,A,B,C,C,A
3502,22069.0,14.9,30,20,40,F,20,A,B,C,C,A
3502,22070.0,0.0,0,0,10,F,20,A,B,C,D,A
3502,22071.0,8.2,30,30,0,F,20,A,B,C,D,A
3502,22072.0,11.9,20,15,0,F,20,A,B,C,D,A
3502,22073.0,1.6,20,0,10,F,20,A,B,C,D,A
3502,22074.0,10.9,35,0,10,M,20,A,C,C,D,A
3502,22075.0,6.8,55,80,10,M,20,A,C,C,D,A
3502,22076.0,6.8,40,10,20,M,20,A,D,C,D,B
3502,22077.0,16.0,30,45,10,M,20,A,D,C,D,B
3502,22078.0,4.0,0,5,10,M,20,A,D,C,D,B
3502,22079.0,24.9,10,15,0,M,20,A,D,C,D,B
3502,22080.0,11.5,0,40,0,M,20,A,D,C,D,B
3502,22081.0,15.5,15,60,15,M,20,A,D,D,D,B
3502,22082.0,13.1,10,0,20,M,20,A,D,D,D,B
3502,22083.0,4.6,0,5,10,M,20,A,D,D,D,B
3502,22084.0,1.6,0,0,0,M,20,A,D,D,D,B
3502,22085.0,5.0,0,0,0,M,20,A,D,D,D,B
3502,22086.0,14.0,0,10,0,M,20,A,D,D,D,B
3502,22087.0,25.4,30,15,50,M,20,A,D,D,D,B
3502,22088.0,5.8,40,35,80,M,20,A,D,D,E,C
3502,22089.0,8.2,0,0,0,M,20,A,D,D,E,C
3502,22090.0,18.2,65,0,0,M,20,A,D,D,E,C
3502,22091.0,11.7,0,0,10,M,20,A,D,D,E,C
3502,22092.0,11.9,25,5,10,M,20,A,D,D,E,C
3502,22093.0,16.2,80,5,0,M,20,A,D,D,E,C
3502,22094.0,25.2,0,25,0,M,20,A,D,D,E,C
3502,22095.0,14.9,15,0,5,M,20,A,D,D,E,C
3502,22096.0,10.3,20,30,0,M,20,A,D,D,E,C
3502,22097.0,13.7,0,15,0,M,20,A,D,D,E,C
3502,22098.0,26.5,0,0,0,M,20,A,D,D,E,C
3502,22099.0,11.7,40,0,0,M,20,A,D,D,E,C
3502,22100.0,13.9,30,30,40,M,20,A,D,E,E,C
3502,22101.0,21.2,0,40,10,M,20,B,D,E,E,C
3502,22102.0,14.7,40,15,40,M,20,B,D,E,E,C
3502,22103.0,5.8,50,5,25,M,20,B,D,E,E,C
3502,22104.0,7.5,75,0,0,M,20,B,D,E,F,D
3502,22105.0,12.1,0,15,0,M,20,C,D,E,F,D
3502,22106.0,14.3,10,0,15,M,20,E,D,E,F,D
3502,22107.0,8.9,0,30,0,M,20,E,F,F,F,E
3502,22108.0,27.1,0,0,0,M,20,E,F,F,F,E
3502,22109.0,23.4,0,20,0,M,20,,,,,
3502,22110.0,6.6,0,0,0,M,20,,,,,
3502,22111.0,3.4,0,0,0,M,20,,,,,
3502,22112.0,16.7,0,0,0,M,20,,,,,
3502,22113.0,0.0,0,0,0,M,20,,,,,
3502,22114.0,8.6,0,0,0,M,20,,,,,
3502,22115.0,10.2,30,30,0,M,20,,,,,
3502,22116.0,15.0,0,0,0,M,20,,,,,
3502,22117.0,0.0,0,0,0,M,20,,,,,
3502,22118.0,0.0,0,0,0,M,20,,,,,
3502,22119.0,15.0,0,0,0,M,20,,,,,
3502,22120.0,15.0,50,0,45,M,20,,,,,
3502,22121.0,15.0,0,0,0,M,20,,,,,
2402,22122.0,3.6,0,0,0,F,20,A,A,A,A,A
2402,22123.0,22.5,50,0,70,F,20,A,A,A,A,A
2402,22124.0,0.0,70,50,0,F,20,A,A,A,A,A
2402,22125.0,15.0,0,0,20,F,20,A,A,A,A,A
2402,22126.0,15.0,0,0,0,F,20,A,A,B,B,A
2402,22127.0,7.5,10,60,0,F,20,A,A,B,B,A
2402,22128.0,14.5,0,0,25,F,20,A,A,B,B,A
2402,22129.0,17.8,0,30,30,F,20,A,A,B,B,A
2402,22130.0,26.7,0,0,0,F,20,A,A,B,B,A
2402,22131.0,0.0,0,0,0,F,20,A,A,B,B,A
2402,22132.0,0.0,0,25,0,F,20,A,A,B,B,A
2402,22133.0,0.0,0,0,0,F,20,A,A,B,B,A
2402,22134.0,11.5,50,0,0,F,20,A,A,B,C,A
2402,22135.0,17.4,0,0,0,F,20,A,A,B,C,A
2402,22136.0,9.9,0,0,0,F,20,A,B,B,C,A
2402,22137.0,16.0,0,0,0,F,20,A,B,B,C,B
2402,22138.0,15.0,0,0,0,F,20,A,B,C,C,B
2402,22139.0,11.4,40,60,25,F,20,A,B,C,C,B
2402,22140.0,15.0,0,0,0,F,20,A,B,C,C,B
2402,22141.0,0.0,0,0,0,F,20,A,B,C,D,B
2402,22142.0,12.4,0,0,15,F,20,A,B,C,D,B
2402,22143.0,13.3,0,0,25,F,20,A,B,C,D,B
2402,22144.0,27.9,0,0,0,F,20,A,C,C,D,B
2402,22145.0,18.0,0,0,0,F,20,A,C,C,D,B
2402,22146.0,15.0,20,0,0,F,20,A,D,D,D,B
2402,22147.0,15.0,20,0,0,F,20,A,D,D,D,B
2402,22148.0,4.2,20,0,0,F,20,A,D,D,D,B
2402,22149.0,0.0,0,0,0,F,20,A,D,D,D,B
2402,22150.0,0.0,0,0,0,F,20,A,D,D,D,B
2402,22151.0,0.0,0,0,0,F,20,A,D,D,D,B
2402,22152.0,0.0,0,0,0,F,20,A,D,D,D,B
2402,22153.0,15.0,0,0,0,F,20,A,D,D,D,B
2402,22154.0,0.0,0,0,0,F,20,A,D,D,D,B
2402,22155.0,0.0,0,0,0,F,20,A,D,D,D,B
2402,22156.0,15.0,0,0,0,F,20,A,D,D,D,B
2402,22157.0,0.0,0,0,0,F,20,A,D,D,D,B
2402,22158.0,0.0,0,0,0,F,20,A,D,D,D,B
2402,22159.0,22.5,0,45,0,F,20,A,D,D,D,B
2402,22160.0,15.0,0,0,0,M,20,A,D,E,E,C
2402,22161.0,0.0,0,0,0,M,20,A,D,E,E,D
2402,22162.0,0.0,0,0,0,M,20,A,D,E,E,D
2402,22163.0,0.0,0,0,0,M,20,B,D,E,E,D
2402,22164.0,3.6,0,0,0,M,20,B,D,E,E,D
2402,22165.0,16.0,0,0,0,M,20,B,D,E,E,D
2402,22166.0,0.0,0,0,0,M,20,B,D,E,E,E
2402,22167.0,14.1,0,15,0,M,20,B,F,F,F,E
2402,22168.0,0.0,0,0,0,M,20,C,F,F,F,E
2402,22169.0,19.2,0,0,0,M,20,E,F,F,F,F
2402,22170.0,0.0,0,0,0,M,20,,,,,
2402,22171.0,0.0,0,0,0,M,20,,,,,
2402,22172.0,0.0,0,0,0,M,20,,,,,
2402,22173.0,0.0,0,0,0,M,20,,,,,
2402,22174.0,0.0,0,0,0,M,20,,,,,
2402,22175.0,15.0,0,0,0,M,20,,,,,
2402,22176.0,0.0,0,0,0,M,20,,,,,
2402,22177.0,0.0,0,0,0,M,20,,,,,
2402,22178.0,0.0,0,0,0,M,20,,,,,
2402,22179.0,0.0,0,0,0,M,20,,,,,
2402,22180.0,16.0,0,0,0,M,20,,,,,
2402,22181.0,0.0,0,0,0,M,20,,,,,
2402,22182.0,15.0,15,5,0,M,20,,,,,
2402,22183.0,9.1,20,0,40,M,20,,,,,
2402,22184.0,9.2,45,75,15,M,20,,,,,
2402,22185.0,6.0,0,0,10,M,20,,,,,
2402,22186.0,17.0,40,45,70,M,20,,,,,
2402,22187.0,7.5,0,0,0,M,20,,,,,
2402,22188.0,7.5,0,0,0,M,20,,,,,
2402,22189.0,7.5,0,0,0,M,20,,,,,
2402,22190.0,17.5,0,0,0,M,20,,,,,
2402,22191.0,7.5,0,0,0,M,20,,,,,
2402,22192.0,7.5,0,0,0,M,20,,,,,
2402,22193.0,7.5,0,0,0,M,20,,,,,
2402,22194.0,20.7,20,0,40,M,20,,,,,
2402,22195.0,7.5,0,0,0,M,20,,,,,
2402,22196.0,7.5,0,0,0,M,20,,,,,
2402,22197.0,16.4,0,0,0,M,20,,,,,
2402,22198.0,19.3,0,0,0,M,20,,,,,
2402,22199.0,7.5,0,0,0,M,20,,,,,
2402,22200.0,0.0,10,0,40,M,20,,,,,
2402,22201.0,7.5,0,0,0,M,20,,,,,
2402,22202.0,7.5,0,0,0,M,20,,,,,
2402,22203.0,7.5,0,0,0,M,20,,,,,
2402,22204.0,7.5,0,0,0,M,20,,,,,
2402,22205.0,7.5,0,0,0,M,20,,,,,
2402,22206.0,7.5,0,0,0,M,20,,,,,
2402,22207.0,7.5,30,0,45,M,20,,,,,
2402,22208.0,7.5,50,0,30,M,20,,,,,
2402,22209.0,7.5,0,0,0,M,20,,,,,
2402,22210.0,7.5,0,0,0,M,20,,,,,
2402,22211.0,7.5,0,0,0,M,20,,,,,
2402,22212.0,7.5,0,0,0,M,20,,,,,
3002,22213.0,13.9,0,0,0,F,20,A,A,A,A,A
3002,22214.0,6.4,0,50,0,F,20,A,A,A,A,A
3002,22215.0,9.5,0,50,10,F,20,A,A,A,A,A
3002,22216.0,6.4,0,10,0,F,20,A,A,A,A,A
3002,22217.0,7.5,0,0,0,F,20,A,A,A,A,A
3002,22218.0,7.5,0,0,0,F,20,A,A,A,A,A
3002,22219.0,0.0,0,0,0,F,20,A,A,A,B,A
3002,22220.0,7.5,0,0,0,F,20,A,A,B,B,A
3002,22221.0,7.5,0,0,0,F,20,A,A,B,B,A
3002,22222.0,7.5,0,0,0,F,20,A,A,B,B,A
3002,22223.0,7.5,0,0,0,F,20,A,A,B,B,A
3002,22224.0,17.6,0,0,0,F,20,A,B,B,B,A
3002,22225.0,16.8,50,90,20,F,20,A,B,B,B,A
3002,22226.0,7.5,0,0,0,F,20,A,B,B,B,A
3002,22227.0,9.1,10,0,0,F,20,A,B,B,B,A
3002,22228.0,27.4,30,25,35,F,20,A,B,B,C,A
3002,22229.0,0.0,0,0,0,F,20,A,B,B,C,A
3002,22230.0,7.5,0,0,0,F,20,A,B,B,C,A
3002,22231.0,12.7,50,60,0,F,20,A,B,B,C,A
3002,22232.0,0.0,0,0,0,F,20,A,C,B,C,A
3002,22233.0,7.5,0,0,0,F,20,A,C,B,C,A
3002,22234.0,7.5,0,0,0,F,20,A,C,B,C,A
3002,22235.0,7.5,0,0,0,F,20,A,D,B,C,A
3002,22236.0,7.5,0,0,0,F,20,A,D,B,C,A
3002,22237.0,7.5,0,0,0,F,20,A,D,C,C,A
3002,22238.0,7.5,0,0,0,F,20,A,D,C,C,A
3002,22239.0,7.5,0,0,0,F,20,A,D,C,C,A
3002,22240.0,7.5,0,0,0,F,20,A,D,C,C,A
3002,22241.0,7.5,0,0,0,F,20,A,D,C,C,A
3002,22242.0,14.3,15,0,0,M,20,A,D,C,D,A
3002,22243.0,7.5,0,0,0,M,20,A,D,C,D,B
3002,22244.0,7.5,0,0,0,M,20,A,D,C,D,B
3002,22245.0,7.5,0,0,0,M,20,A,D,D,D,B
3002,22246.0,7.5,0,0,0,M,20,A,D,D,D,B
3002,22247.0,7.5,0,0,0,M,20,A,D,D,D,B
3002,22248.0,17.0,10,0,0,M,20,A,D,D,D,B
3002,22249.0,7.5,0,0,0,M,20,A,D,D,D,B
3002,22250.0,17.5,25,55,0,M,20,A,D,D,D,B
3002,22251.0,7.5,0,0,0,M,20,A,D,D,D,B
3002,22252.0,7.5,0,0,0,M,20,A,D,D,D,B
3002,22253.0,7.5,0,0,0,M,20,A,D,D,D,B
3002,22254.0,7.5,0,0,0,M,20,A,D,D,D,B
3002,22255.0,7.5,0,0,0,M,20,A,D,D,D,B
3002,22256.0,7.5,0,0,0,M,20,A,D,D,D,B
3002,22257.0,3.0,20,0,10,M,20,A,D,D,D,B
3002,22258.0,7.5,0,0,0,M,20,A,D,D,D,B
3002,22259.0,7.5,0,0,0,M,20,A,D,D,D,B
3002,22260.0,7.5,0,0,0,M,20,A,D,D,D,B
3002,22261.0,7.5,0,0,0,M,20,A,D,D,D,B
3002,22262.0,7.5,0,0,0,M,20,A,D,D,D,B
3002,22263.0,7.5,0,0,0,M,20,A,D,D,D,B
3002,22264.0,0.0,30,0,20,M,20,A,D,D,D,B
3002,22265.0,7.5,0,0,0,M,20,B,D,D,D,B
3002,22266.0,7.5,0,0,0,M,20,B,D,D,D,B
3002,22267.0,0.0,10,30,10,M,20,B,D,D,D,B
3002,22268.0,18.4,0,0,0,M,20,B,D,D,D,B
3002,22269.0,7.5,0,0,0,M,20,B,D,D,D,B
3002,22270.0,7.5,0,0,0,M,20,B,D,D,D,C
3202,22271.0,9.5,30,0,0,F,20,A,A,A,A,A
3202,22272.0,7.5,0,0,0,F,20,A,A,B,B,A
3202,22273.0,7.4,0,0,0,F,20,A,A,B,B,A
3202,22274.0,7.5,0,0,0,F,20,A,A,B,B,A
3202,22275.0,7.5,0,0,0,F,20,A,A,B,B,A
3202,22276.0,7.5,0,0,0,F,20,A,B,B,B,A
3202,22277.0,7.5,0,0,0,F,20,A,B,B,B,A
3202,22278.0,9.5,10,20,30,F,20,A,B,B,B,A
3202,22279.0,7.5,0,0,0,F,20,A,B,B,C,A
3202,22280.0,7.5,0,0,0,F,20,A,B,B,C,A
3202,22281.0,7.5,0,0,0,F,20,A,D,C,D,A
3202,22282.0,22.2,10,25,15,F,20,A,D,C,D,A
3202,22283.0,7.5,0,0,0,F,20,A,D,C,D,B
3202,22284.0,7.5,50,5,20,M,20,A,D,C,D,B
3202,22285.0,7.5,0,0,0,M,20,A,D,C,D,B
3202,22286.0,7.5,0,0,0,M,20,A,D,C,D,B
3202,22287.0,15.3,50,30,0,M,20,,,,,
3202,22288.0,7.5,0,0,0,M,20,,,,,
3202,22289.0,7.5,0,0,0,M,20,,,,,
5401,22290.0,7.5,0,0,0,F,20,A,A,A,C,A
5401,22291.0,7.5,0,0,0,F,20,A,A,B,C,B
5401,22292.0,23.5,20,15,5,F,20,A,A,B,D,B
5401,22293.0,7.5,0,0,0,F,20,A,A,C,D,B
5401,22294.0,7.5,0,0,0,F,20,A,B,C,D,B
5401,22295.0,7.5,0,0,0,F,20,A,D,D,D,B
5401,22296.0,7.5,0,0,0,F,20,A,D,D,D,B
5401,22297.0,7.5,20,40,15,F,20,A,D,D,D,C
5401,22298.0,7.5,0,0,0,F,20,A,D,D,D,D
5401,22299.0,7.5,0,0,0,F,20,A,D,D,D,D
4004,22300.0,7.5,0,0,0,M,20,A,A,B,D,B
4004,22301.0,7.5,0,0,0,M,20,A,A,C,D,B
4004,22302.0,7.5,0,0,0,M,20,A,A,C,D,B
4004,22303.0,7.5,0,0,0,M,20,A,A,C,D,B
4004,22304.0,7.5,0,0,0,M,20,A,A,C,D,B
4004,22305.0,7.5,0,0,0,M,20,A,A,C,D,B
4004,22306.0,7.5,0,0,0,M,20,A,A,D,D,B
4004,22307.0,7.5,0,0,0,M,20,A,A,D,D,B
4004,22308.0,7.5,0,0,0,M,20,A,A,D,D,B
4004,22309.0,7.5,0,0,0,M,20,A,A,D,D,B
4004,22310.0,7.5,0,0,0,M,20,A,A,D,D,B
4004,22311.0,7.5,0,0,0,M,20,A,B,D,D,B
4004,22312.0,7.5,0,0,0,M,20,A,B,D,D,B
4004,22313.0,8.5,20,30,15,M,20,A,B,D,D,B
4004,22314.0,7.5,0,0,0,M,20,A,B,D,D,C
4004,22315.0,7.5,0,0,0,M,20,A,D,D,D,C
4004,22316.0,0.0,0,0,0,M,20,A,D,D,D,C
4004,22317.0,7.5,0,0,0,M,20,A,D,D,E,C
4004,22318.0,4.4,0,0,0,M,20,A,D,D,E,C
4004,22319.0,18.0,0,0,0,M,20,A,D,D,E,D
4004,22320.0,13.1,30,0,10,M,20,A,D,D,E,D
4004,22321.0,1.6,0,20,0,M,20,A,D,E,E,D
4004,22322.0,1.0,0,0,0,M,20,A,D,E,E,E
4004,22323.0,17.0,0,0,0,M,20,A,D,E,E,E
4004,22324.0,10.1,50,10,0,M,20,A,D,E,E,E
4004,22325.0,12.7,30,0,25,M,20,A,D,E,E,E
4004,22326.0,17.0,0,0,0,M,20,A,D,E,E,E
4004,22327.0,4.6,0,0,0,M,20,A,D,E,F,E
4004,22328.0,35.6,0,35,0,M,20,A,D,E,F,E
4004,22329.0,17.0,0,0,0,M,20,A,D,E,F,E
4004,22330.0,17.0,0,0,0,M,20,A,D,E,F,E
4004,22331.0,15.5,10,15,0,M,20,A,D,E,F,F
4004,22332.0,20.0,0,0,0,M,20,B,D,F,F,F
4004,22333.0,7.8,10,0,0,M,20,B,D,F,F,F
4004,22334.0,28.9,0,0,0,M,20,B,E,F,F,F
4004,22335.0,3.4,0,0,30,M,20,E,F,F,F,G
1501,22336.0,35.2,25,15,0,F,20,A,A,A,B,A
1501,22337.0,8.0,0,0,0,F,20,A,A,A,B,A
1501,22338.0,24.0,0,35,5,F,20,A,A,A,B,A
1501,22339.0,4.4,10,15,0,F,20,A,A,B,B,A
1501,22340.0,30.0,0,0,0,F,20,A,A,B,C,A
1501,22341.0,7.5,0,45,0,F,20,A,A,B,C,A
1501,22342.0,9.5,0,0,0,F,20,A,A,B,D,A
1501,22343.0,17.1,0,0,25,F,20,A,B,B,D,A
1501,22344.0,6.8,30,50,0,F,20,A,B,B,D,A
1501,22345.0,30.0,0,0,0,F,20,A,B,C,D,A
1501,22346.0,13.5,90,0,20,F,20,A,B,D,D,B
1501,22347.0,3.2,100,0,5,F,20,A,B,D,D,B
1501,22348.0,14.5,0,0,0,F,20,A,D,D,D,B
1501,22349.0,1.0,0,0,0,F,20,A,D,D,D,B
1501,22350.0,7.5,0,45,0,F,20,A,D,D,D,B
1501,22351.0,17.0,0,0,0,F,20,A,D,D,D,B
1501,22352.0,13.7,0,20,0,F,20,A,D,D,D,B
1501,22353.0,1.0,0,0,0,M,20,A,D,D,D,B
1501,22354.0,14.3,0,0,0,M,20,A,D,D,D,B
1501,22355.0,23.6,25,20,0,M,20,A,D,D,D,B
1501,22356.0,16.1,75,0,0,M,20,A,D,D,D,B
1501,22357.0,12.5,50,50,0,M,20,A,D,D,D,C
1501,22358.0,1.0,0,0,0,M,20,A,D,D,E,C
1501,22359.0,7.5,0,45,0,M,20,A,D,D,E,C
1501,22360.0,14.1,0,10,0,M,20,A,D,E,F,C
1501,22361.0,18.8,0,0,0,M,20,B,D,E,F,C
1501,22362.0,30.0,0,0,0,M,20,E,F,E,F,F
1501,22363.0,11.3,10,30,10,M,20,,,,,
1601,22364.0,29.9,0,0,0,F,20,A,A,B,B,A
1601,22365.0,17.0,0,0,0,F,20,A,A,C,B,A
1601,22366.0,3.2,20,0,10,F,20,A,A,C,C,A
1601,22367.0,17.0,15,0,0,F,20,A,A,C,C,A
1601,22368.0,4.0,20,60,20,F,20,A,A,C,C,A
1601,22369.0,3.2,30,0,0,F,20,A,A,C,C,B
1601,22370.0,15.0,0,0,0,F,20,A,A,C,D,B
1601,22371.0,12.3,0,25,0,F,20,A,A,D,D,B
1601,22372.0,15.0,0,0,0,F,20,A,B,D,D,B
1601,22373.0,7.0,0,40,20,F,20,A,B,D,D,B
1601,22374.0,24.5,10,20,10,F,20,A,B,D,D,B
1601,22375.0,11.3,30,20,5,F,20,A,D,D,D,B
1601,22376.0,15.0,0,0,0,M,20,A,D,D,D,C
1601,22377.0,4.8,0,0,0,M,20,A,D,D,D,C
1601,22378.0,15.7,70,20,0,M,20,A,D,D,E,C
1601,22379.0,14.3,0,20,0,M,20,A,D,E,E,D
1601,22380.0,15.0,0,0,0,M,20,A,D,E,E,E
2402,22381.0,17.1,0,0,0,F,20,A,A,D,D,B
2402,22382.0,15.0,0,0,0,F,20,A,A,D,D,B
2402,22383.0,15.0,0,0,0,F,20,A,A,D,D,B
2402,22384.0,5.0,0,0,0,F,20,A,A,D,D,C
2402,22385.0,15.0,0,0,0,M,20,A,A,D,D,C
2402,22386.0,3.8,20,5,5,M,20,A,A,D,D,C
2402,22387.0,7.5,5,0,0,M,20,A,A,E,E,C
2402,22388.0,33.6,25,30,0,M,20,A,A,E,E,C
2402,22389.0,3.6,30,0,0,M,26,A,B,E,E,C
904,22390.0,15.0,0,0,0,F,20,A,A,B,B,A
904,22391.0,15.0,0,0,0,F,20,A,A,B,B,A
904,22392.0,15.0,0,0,0,F,20,A,A,B,B,A
904,22393.0,12.3,0,15,0,F,20,A,A,B,B,A
904,22394.0,15.0,0,0,0,F,20,A,A,B,B,A
904,22395.0,15.0,0,0,0,F,20,A,A,B,B,A
904,22396.0,10.4,0,30,0,F,20,A,A,B,B,A
904,22397.0,15.0,0,0,0,F,20,A,A,B,B,A
904,22398.0,15.0,0,0,0,F,20,A,A,B,C,A
904,22399.0,15.0,0,0,0,F,20,A,A,B,C,B
904,22400.0,15.0,0,15,0,F,20,A,A,B,C,B
904,22401.0,15.0,0,0,0,F,20,A,A,B,C,B
904,22402.0,15.0,0,0,0,F,20,A,A,B,C,B
904,22403.0,17.3,0,0,0,F,20,A,A,C,C,B
904,22404.0,4.8,0,0,0,F,20,A,A,C,C,B
904,22405.0,2.4,40,0,0,F,20,A,A,C,D,B
904,22406.0,10.5,0,30,0,F,20,A,B,C,D,B
904,22407.0,7.5,5,0,0,M,20,C,D,E,F,D
904,22408.0,15.0,0,0,0,M,20,C,D,E,F,D
904,22409.0,6.0,10,0,5,M,20,D,D,E,F,E
904,22410.0,14.7,30,0,0,M,20,E,D,E,F,E
904,22411.0,16.3,30,60,5,M,20,E,D,E,F,E
904,22412.0,16.4,10,0,10,M,20,E,F,E,F,E
904,22413.0,3.6,20,0,10,M,20,E,F,E,F,E
904,22414.0,16.5,40,45,10,M,20,,,,,
904,22415.0,11.1,35,20,0,M,20,,,,,
904,22416.0,7.5,0,0,5,M,20,,,,,
4004,22417.0,13.3,0,20,0,M,20,A,A,C,D,C
4004,22418.0,15.0,0,0,10,M,20,A,A,C,D,C
4004,22419.0,30.9,0,0,0,M,20,A,A,C,D,C
4004,22420.0,15.0,80,80,20,M,20,A,A,C,D,D
4004,22421.0,7.5,0,10,0,M,20,A,A,C,D,D
4004,22422.0,12.3,0,20,0,M,20,A,A,D,D,D
4004,22423.0,18.6,0,35,30,M,20,A,A,D,D,D
4004,22424.0,11.7,30,15,10,M,20,A,A,D,D,D
4004,22425.0,10.3,0,0,0,M,20,A,A,D,D,D
4004,22426.0,15.0,25,0,0,M,20,A,A,D,D,D
4004,22427.0,13.9,0,0,15,M,20,A,A,D,D,D
4004,22428.0,8.1,0,5,0,M,20,A,D,D,E,E
4004,22429.0,8.5,0,0,0,M,20,A,D,D,E,E
4004,22430.0,19.6,0,0,0,M,20,A,D,D,E,E
4004,22431.0,1.0,25,5,20,M,20,A,D,E,E,E
4004,22432.0,31.2,0,0,0,M,20,A,D,E,E,E
4004,22433.0,10.7,30,20,10,M,20,A,D,E,E,F
4004,22434.0,8.6,50,0,10,M,20,A,F,E,F,F
4004,22435.0,5.2,0,0,0,M,20,B,F,F,F,F
4004,22436.0,30.1,80,0,0,M,20,B,F,F,F,F
3202,22437.0,16.1,25,0,0,M,20,,,,,
4004,22438.0,17.7,0,0,0,F,20,A,A,A,B,A
4004,22439.0,8.5,0,45,0,F,20,A,A,A,B,A
4004,22440.0,8.5,0,0,0,F,20,A,A,B,B,A
4004,22441.0,16.3,25,0,0,F,20,A,A,B,B,A
4004,22442.0,15.1,0,0,0,F,20,A,A,B,B,B
4004,22443.0,15.1,0,0,0,F,20,A,A,B,C,B
4004,22444.0,8.2,0,45,0,F,20,A,A,B,C,B
4004,22445.0,2.0,45,0,0,F,20,A,A,B,C,B
4004,22446.0,7.5,0,0,0,M,20,A,A,D,D,C
4004,22447.0,8.9,0,0,0,M,20,A,A,D,D,C
4004,22448.0,5.0,30,70,0,M,20,A,A,D,D,C
4004,22449.0,7.5,0,0,0,M,20,A,A,D,D,C
4004,22450.0,7.5,0,0,0,M,20,A,A,D,D,C
4004,22451.0,30.0,0,0,0,M,20,A,A,D,D,C
4004,22452.0,7.5,0,0,0,M,20,A,A,D,D,C
4004,22453.0,7.5,0,0,0,M,20,A,A,D,D,C
4004,22454.0,8.9,50,25,0,M,20,A,A,D,D,C
4004,22455.0,10.7,0,0,0,M,20,A,A,D,D,C
4004,22456.0,31.4,0,0,0,M,20,A,A,D,D,C
4004,22457.0,5.8,0,0,0,M,20,A,A,D,D,C
4004,22458.0,10.1,0,35,0,M,20,A,A,D,E,D
4004,22459.0,30.0,0,0,0,M,20,A,A,D,E,D
4004,22460.0,18.2,0,0,0,M,20,A,A,D,E,D
4004,22461.0,17.9,0,0,0,M,20,A,A,D,E,D
4004,22462.0,30.0,0,0,0,M,20,A,A,D,E,D
4004,22463.0,9.1,0,0,0,M,20,A,A,D,E,E
4004,22464.0,18.6,0,0,10,M,20,A,A,D,E,E
4004,22465.0,8.5,0,0,5,M,20,A,A,D,E,E
4004,22466.0,1.4,10,0,40,M,20,A,A,D,E,E
4004,22467.0,4.0,35,0,0,M,20,A,B,E,E,E
4004,22468.0,14.7,35,0,0,M,20,A,B,E,E,E
4004,22469.0,12.8,50,0,0,M,20,A,C,E,E,E
4004,22470.0,11.7,30,70,30,M,20,A,C,E,E,E
4004,22471.0,18.0,0,0,0,M,20,A,C,E,E,E
4004,22472.0,19.2,50,0,30,M,20,A,C,E,E,E
4004,22473.0,1.4,50,0,0,M,20,A,C,E,E,E
4004,22474.0,17.5,25,0,0,M,20,A,C,E,E,E
4004,22475.0,30.0,0,0,0,M,20,A,C,E,E,E
4004,22476.0,7.5,0,0,0,M,20,A,D,E,E,F
4004,22477.0,11.9,0,25,0,M,20,A,D,E,E,F
4004,22478.0,9.7,10,30,0,M,20,A,D,E,E,F
4004,22479.0,13.3,0,15,0,M,20,A,D,E,E,F
4004,22480.0,2.0,0,0,0,M,20,A,D,E,E,F
1602,22481.0,3.2,10,0,0,F,20,A,A,C,D,B
1602,22482.0,11.7,0,0,30,F,20,A,A,C,D,B
1602,22483.0,17.6,20,0,0,F,20,A,A,C,D,B
1602,22484.0,15.0,0,35,0,F,20,A,A,C,D,B
1602,22485.0,30.0,0,0,0,F,20,A,A,C,D,B
1602,22486.0,4.4,30,5,0,F,20,A,A,C,D,B
1602,22487.0,10.5,0,20,15,F,20,A,A,C,D,B
1602,22488.0,30.5,0,0,0,F,20,A,A,C,D,B
1602,22489.0,7.5,30,0,0,F,20,A,A,D,D,B
1602,22490.0,9.5,0,0,0,F,20,A,A,D,D,B
1602,22491.0,5.0,0,0,0,F,20,A,A,D,D,B
1602,22492.0,2.6,0,0,0,F,20,A,A,D,D,B
1602,22493.0,31.6,0,0,0,F,20,A,A,D,D,B
1602,22494.0,0.0,0,0,0,F,20,A,A,D,D,B
1602,22495.0,2.8,0,45,0,F,20,A,A,D,D,C
1602,22496.0,29.8,0,0,0,F,20,A,A,D,D,C
1602,22497.0,6.0,40,0,0,F,20,A,A,D,D,C
1602,22498.0,14.5,30,60,25,F,20,A,A,D,D,C
1602,22499.0,6.4,20,0,0,F,20,A,A,D,D,C
1602,22500.0,14.5,5,25,10,F,20,A,A,D,E,C
1602,22501.0,26.5,30,5,0,F,20,A,A,D,E,C
1602,22502.0,13.3,25,0,30,F,20,A,A,D,E,C
1602,22503.0,13.5,70,50,0,F,20,A,B,D,E,D
1602,22504.0,23.4,10,45,0,F,20,A,B,E,E,D
1602,22505.0,24.2,0,40,0,F,20,A,B,E,E,D
1602,22506.0,0.0,0,0,0,F,20,A,C,E,E,D
1602,22507.0,19.3,10,65,0,M,20,A,C,E,E,D
1602,22508.0,9.4,0,0,0,M,20,A,D,E,E,D
1602,22509.0,31.5,0,0,0,M,20,A,D,E,E,D
1602,22510.0,18.6,0,0,0,M,20,A,D,E,E,D
1602,22511.0,8.4,75,35,30,M,20,A,D,E,E,E
1602,22512.0,9.5,0,0,0,M,20,A,D,E,E,E
1602,22513.0,20.8,75,0,0,M,20,A,D,F,E,E
1602,22514.0,27.7,10,0,0,M,20,B,D,F,F,F
1602,22515.0,3.6,10,0,30,M,20,E,E,F,F,F
1602,22516.0,8.4,50,0,30,M,20,,,,,
1602,22517.0,2.4,0,0,0,M,20,,,,,
1602,22518.0,7.5,15,0,0,M,20,,,,,
1602,22519.0,15.7,0,0,10,M,20,,,,,
1602,22520.0,29.1,0,0,0,M,20,,,,,
1402,22521.0,20.6,0,0,0,M,20,A,A,D,D,B
1402,22522.0,6.2,0,0,0,M,20,A,A,D,D,B
1402,22523.0,30.3,0,0,0,M,20,A,A,D,D,B
1402,22524.0,18.6,0,0,0,M,20,A,A,D,D,B
1402,22525.0,18.4,0,0,0,M,20,A,A,D,D,B
1402,22526.0,20.4,30,35,10,M,20,A,A,D,D,B
1402,22527.0,23.5,15,30,10,M,20,A,B,D,D,B
1402,22528.0,18.0,10,60,20,M,20,A,B,D,D,C
1402,22529.0,5.0,20,0,10,M,20,A,B,D,D,C
1402,22530.0,7.5,0,15,0,M,20,A,B,E,E,C
1402,22531.0,20.6,0,0,0,M,20,A,D,E,E,D
1402,22532.0,9.5,0,0,0,M,20,A,D,E,E,D
702,22533.0,7.5,15,0,0,F,20,A,A,B,B,A
702,22534.0,17.5,0,0,0,F,20,A,A,B,B,B
702,22535.0,2.4,15,20,15,F,20,A,A,B,B,B
702,22536.0,1.4,10,0,0,F,20,A,A,B,B,B
702,22537.0,19.0,0,0,0,F,20,A,A,C,C,B
702,22538.0,16.9,15,0,0,F,20,A,A,C,C,B
702,22539.0,21.0,0,0,0,F,20,A,A,C,D,B
702,22540.0,9.9,0,0,0,F,20,A,A,D,D,B
702,22541.0,6.6,0,0,0,F,20,A,A,D,D,B
702,22542.0,27.8,0,20,0,F,20,A,A,D,D,B
702,22543.0,0.0,0,20,0,F,20,A,A,D,D,B
702,22544.0,15.0,0,0,10,F,20,A,A,D,D,B
702,22545.0,2.4,30,0,20,F,20,A,A,D,D,C
702,22546.0,4.2,20,20,0,F,20,A,A,D,D,C
702,22547.0,7.4,25,0,0,M,20,A,A,D,D,C
702,22548.0,16.3,30,0,0,M,20,A,B,D,D,C
702,22549.0,30.9,0,0,0,M,20,A,D,E,E,E
702,22550.0,28.9,25,0,0,M,20,A,D,F,E,E
702,22551.0,18.3,25,0,0,M,20,A,D,F,F,F
702,22552.0,11.5,0,0,0,M,20,A,F,F,F,F
702,22553.0,30.9,0,0,0,M,20,,,,,
5401,22554.0,15.0,25,15,0,F,20,A,A,A,B,A
5401,22555.0,6.4,0,0,0,F,20,A,A,B,B,A
5401,22556.0,21.3,20,40,0,F,20,A,A,B,B,A
5401,22557.0,8.5,0,0,0,F,20,A,A,B,B,A
5401,22558.0,19.4,30,15,40,F,20,A,A,B,B,A
5401,22559.0,7.5,0,60,0,F,20,A,A,B,B,A
5401,22560.0,24.6,50,0,0,F,20,A,A,B,B,A
5401,22561.0,12.7,10,5,40,F,20,A,A,B,C,A
5401,22562.0,26.0,40,0,0,F,20,A,A,B,C,A
5401,22563.0,11.2,0,45,20,F,20,A,A,B,C,A
5401,22564.0,27.1,40,45,20,F,20,A,A,B,C,A
5401,22565.0,7.5,25,0,0,F,20,A,A,B,C,A
5401,22566.0,18.7,0,0,0,F,20,A,A,B,C,A
5401,22567.0,17.8,0,0,0,F,20,A,A,B,C,A
5401,22568.0,15.0,0,0,0,F,20,A,A,B,C,A
5401,22569.0,8.5,0,0,10,F,20,A,A,C,C,A
5401,22570.0,15.0,0,40,0,F,20,A,A,C,C,A
5401,22571.0,16.4,0,0,0,F,20,A,A,C,C,A
5401,22572.0,17.6,0,0,0,F,20,A,A,C,C,A
5401,22573.0,15.0,0,10,0,F,20,A,A,C,D,A
5401,22574.0,16.6,0,0,0,F,20,A,A,C,D,A
5401,22575.0,8.9,70,0,10,F,20,A,A,C,D,A
5401,22576.0,21.0,0,0,0,F,20,A,A,C,D,A
5401,22577.0,26.5,40,0,0,F,20,A,A,D,D,C
5401,22578.0,19.4,0,0,0,F,20,A,A,D,D,C
5401,22579.0,7.0,0,0,0,F,20,A,A,D,D,C
5401,22580.0,30.0,0,0,0,F,20,A,A,D,D,C
5401,22581.0,19.4,0,0,0,F,20,A,A,D,D,C
5401,22582.0,3.4,0,0,0,F,20,A,A,D,E,C
5401,22583.0,3.2,0,0,0,F,20,A,A,D,E,C
5401,22584.0,16.3,0,20,0,F,20,A,A,D,E,C
5401,22585.0,19.4,0,0,0,F,20,A,A,D,E,C
5401,22586.0,11.9,0,0,0,F,20,A,A,D,E,C
5401,22587.0,10.4,0,0,0,F,20,A,A,D,E,C
5401,22588.0,11.7,0,0,0,F,20,A,A,D,E,C
5401,22589.0,11.9,0,0,0,F,20,A,A,D,E,C
5401,22590.0,10.1,0,0,0,F,20,A,A,D,E,D
5401,22591.0,18.8,30,0,0,F,20,A,A,D,E,D
5401,22592.0,2.6,10,0,40,M,20,A,B,E,E,D
5401,22593.0,15.3,40,0,0,M,20,A,B,E,E,D
5401,22594.0,30.1,0,0,0,M,20,A,B,E,E,D
5401,22595.0,30.0,0,0,0,M,20,A,B,E,E,D
5401,22596.0,10.4,0,0,0,M,20,A,B,E,E,D
5401,22597.0,7.4,5,0,15,M,20,A,B,E,E,D
5401,22598.0,30.0,0,0,0,M,20,A,B,E,E,E
5401,22599.0,25.5,0,30,0,M,20,A,C,E,E,E
5401,22600.0,12.5,0,30,0,M,34,A,C,E,E,E
5401,22601.0,30.0,0,0,0,M,20,A,D,E,F,E
5401,22602.0,9.5,0,0,5,M,20,A,D,E,F,E
5401,22603.0,22.5,0,40,10,M,20,A,D,E,F,E
5401,22604.0,19.9,10,0,0,M,20,A,D,E,F,E
5401,22605.0,10.1,0,30,15,M,20,A,D,E,F,E
5401,22606.0,32.1,0,0,0,M,20,A,D,E,F,F
5401,22607.0,30.0,0,0,0,M,20,A,D,E,F,F
5401,22608.0,10.7,20,45,5,M,20,A,D,E,F,F
5401,22609.0,13.1,10,15,0,M,20,A,D,E,F,F
5401,22610.0,30.0,0,0,0,M,20,B,D,F,F,F
5401,22611.0,8.5,0,55,0,M,20,B,D,F,F,F
5401,22612.0,30.0,0,0,0,M,20,E,D,F,F,F
5401,22613.0,2.6,0,45,5,M,20,E,D,F,F,F
5401,22614.0,2.6,40,0,10,M,20,E,D,F,F,F
5401,22615.0,30.6,0,0,0,M,20,E,F,F,F,G
5401,22616.0,17.0,0,0,0,M,20,E,F,F,F,G
5401,22617.0,12.5,30,0,0,M,20,,,,,
5401,22618.0,19.4,0,0,0,M,20,,,,,
5401,22619.0,21.5,35,10,30,M,20,,,,,
5401,22620.0,18.4,0,0,0,M,20,,,,,
5401,22621.0,31.6,0,0,0,M,20,,,,,
5401,22622.0,5.4,0,25,0,M,20,,,,,
5401,22623.0,7.5,0,0,0,M,20,,,,,
5401,22624.0,9.5,0,0,10,M,20,,,,,
3502,22625.0,4.4,55,30,0,F,20,A,A,A,B,A
3502,22626.0,10.7,0,0,0,F,20,A,A,B,B,A
3502,22627.0,10.7,0,0,0,F,20,A,A,B,B,A
3502,22628.0,7.5,0,0,0,F,20,A,A,B,B,A
3502,22629.0,30.0,20,0,0,F,20,A,A,B,C,A
3502,22630.0,9.1,0,0,0,F,20,A,A,B,C,A
3502,22631.0,7.5,0,0,0,F,20,A,A,C,C,B
3502,22632.0,7.5,0,0,0,F,20,A,A,C,C,B
3502,22633.0,7.5,0,0,0,F,20,A,A,C,C,B
3502,22634.0,7.5,0,0,0,F,20,A,A,C,C,B
3502,22635.0,15.0,0,30,0,F,20,A,A,C,C,B
3502,22636.0,7.5,0,0,0,F,20,A,A,C,D,B
3502,22637.0,7.5,0,0,0,F,20,A,A,D,D,B
3502,22638.0,7.5,0,0,0,F,20,A,A,D,D,B
3502,22639.0,7.5,0,0,0,F,20,A,A,D,D,B
3502,22640.0,0.0,0,20,20,M,20,A,A,D,D,B
3502,22641.0,7.5,0,0,0,M,20,A,A,D,D,B
3502,22642.0,16.5,5,0,0,M,20,A,A,D,D,B
3502,22643.0,26.4,25,0,0,M,20,A,A,D,D,B
3502,22644.0,7.5,0,0,0,M,20,A,A,D,D,C
3502,22645.0,7.5,0,0,0,M,20,A,A,D,D,C
3502,22646.0,7.5,0,0,0,M,20,A,A,D,D,C
3502,22647.0,19.6,0,0,0,M,20,A,B,D,D,C
3502,22648.0,7.5,0,0,0,M,20,A,B,D,D,C
3502,22649.0,15.0,30,0,0,M,20,A,B,D,E,C
3502,22650.0,7.5,0,0,0,M,20,A,B,D,E,C
3502,22651.0,15.0,50,0,0,M,20,A,B,E,E,C
3502,22652.0,10.5,0,0,0,M,20,A,B,E,E,C
3502,22653.0,6.0,20,0,10,M,20,A,D,E,E,D
3502,22654.0,15.5,0,20,0,M,20,A,D,E,E,D
3502,22655.0,7.5,0,0,0,M,20,B,D,E,F,E
3502,22656.0,7.5,0,0,0,M,20,B,D,E,F,E
3502,22657.0,7.5,0,0,0,M,20,C,D,E,F,E
3502,22658.0,7.5,20,55,20,M,20,C,D,F,F,F
3502,22659.0,18.3,0,0,0,M,20,E,D,F,F,F
3502,22660.0,7.5,20,0,0,M,20,,,,,
3502,22661.0,11.1,0,20,20,M,20,,,,,
702,22662.0,30.0,0,0,10,F,20,A,A,A,B,A
702,22663.0,19.8,0,0,0,F,20,A,A,B,B,B
702,22664.0,14.3,0,20,0,F,20,A,A,B,B,B
702,22665.0,7.5,20,0,0,F,20,A,A,B,B,B
702,22666.0,19.8,0,40,30,F,20,A,A,B,C,B
702,22667.0,9.2,0,0,0,F,20,A,A,B,C,B
702,22668.0,10.8,0,0,0,F,20,A,A,B,C,B
702,22669.0,21.6,0,60,0,F,20,A,A,C,C,B
702,22670.0,7.5,0,0,0,F,20,A,A,C,C,B
702,22671.0,7.5,0,0,0,F,20,A,A,C,D,B
702,22672.0,7.5,0,0,0,F,20,A,A,D,D,C
702,22673.0,7.5,0,0,0,F,20,A,A,D,D,C
702,22674.0,7.5,0,0,0,M,20,A,A,D,D,C
702,22675.0,42.4,10,0,0,M,20,A,A,D,D,C
702,22676.0,7.5,0,0,0,M,20,A,A,D,D,C
702,22677.0,7.5,0,0,20,M,20,A,A,D,D,C
702,22678.0,7.5,0,0,20,M,20,A,A,D,D,C
702,22679.0,10.1,0,0,5,M,20,A,A,D,D,D
1602,22680.0,12.0,0,35,0,F,20,A,A,B,C,A
1602,22681.0,9.5,10,0,0,F,20,A,A,B,C,A
1602,22682.0,13.5,10,15,0,F,20,A,A,B,C,A
1602,22683.0,7.5,0,0,0,F,20,A,A,C,C,B
1602,22684.0,7.5,0,0,0,F,20,A,A,C,C,B
1602,22685.0,2.6,0,20,0,F,20,A,A,C,C,B
1602,22686.0,25.8,0,30,0,F,20,A,A,C,C,B
1602,22687.0,0.0,25,0,0,F,20,A,A,C,C,B
1602,22688.0,17.4,0,0,30,F,20,A,A,C,C,B
1602,22689.0,18.9,25,0,0,F,20,A,A,D,D,B
1602,22690.0,11.9,20,15,30,F,20,A,A,D,D,B
1602,22691.0,7.5,20,0,0,F,20,A,A,D,D,B
1602,22692.0,8.2,50,0,40,F,20,A,A,D,D,B
1602,22693.0,14.1,30,0,20,F,20,A,A,D,D,B
1602,22694.0,7.5,0,0,0,F,20,A,B,D,D,B
1602,22695.0,7.5,0,0,0,F,20,A,B,D,D,B
1602,22696.0,3.2,0,0,0,F,20,A,B,D,D,B
1602,22697.0,6.2,50,45,10,F,20,A,B,D,D,B
1602,22698.0,16.3,40,45,25,F,20,A,B,D,D,B
1602,22699.0,6.8,35,50,15,F,20,A,C,D,D,B
1602,22700.0,16.5,70,30,10,F,20,A,C,D,D,C
1602,22701.0,7.5,0,0,0,M,20,A,C,D,E,C
1602,22702.0,17.1,0,0,0,M,20,A,D,D,E,C
1602,22703.0,17.1,0,0,0,M,20,A,D,D,E,C
1602,22704.0,10.7,0,0,0,M,20,A,D,D,E,C
1602,22705.0,12.3,75,45,0,M,20,A,D,D,E,C
1602,22706.0,24.4,60,0,0,M,20,,,,,
1602,22707.0,0.0,0,0,0,M,20,,,,,
1602,22708.0,0.0,0,0,0,M,20,,,,,
3502,22709.0,0.0,0,0,0,F,20,A,A,A,A,A
3502,22710.0,0.0,0,0,0,F,20,A,A,A,A,A
3502,22711.0,0.0,0,0,0,F,20,A,A,B,B,A
3502,22712.0,0.0,0,0,0,F,20,A,A,B,C,B
3502,22713.0,23.0,0,0,0,F,20,A,A,B,D,B
3502,22714.0,25.7,0,0,40,F,20,A,A,C,D,B
3502,22715.0,0.0,0,0,0,F,20,A,A,C,D,B
3502,22716.0,0.0,0,0,0,M,20,A,A,D,D,B
3502,22717.0,0.0,0,0,0,M,20,A,A,D,D,B
3502,22718.0,23.6,15,40,10,M,20,A,A,D,D,B
3502,22719.0,31.9,0,0,0,M,20,A,B,D,E,B
3502,22720.0,11.2,0,0,0,M,20,A,D,D,E,C
3502,22721.0,0.0,0,0,0,M,20,A,D,D,E,C
3502,22722.0,32.0,0,0,0,M,20,A,D,D,E,C
3502,22723.0,7.6,0,0,0,M,20,A,D,D,E,C
1402,22724.0,7.5,25,0,0,F,20,A,A,B,B,A
1402,22725.0,13.3,20,35,5,F,20,A,A,B,C,B
1402,22726.0,0.0,0,0,0,F,20,A,A,C,D,B
1402,22727.0,11.1,0,0,0,M,20,A,B,D,E,C
1402,22728.0,23.8,30,15,20,M,20,A,D,D,E,C
1402,22729.0,0.0,0,0,0,M,20,A,D,D,F,C
1402,22730.0,13.1,20,30,10,M,20,A,D,D,F,C
1402,22731.0,2.6,35,0,0,M,20,B,D,F,F,C
702,22732.0,0.0,0,0,0,F,20,A,A,A,A,A
702,22733.0,7.0,0,60,20,F,20,A,A,B,A,A
702,22734.0,0.0,0,0,0,F,20,A,A,B,A,A
702,22735.0,12.7,0,0,0,F,20,A,A,B,B,A
702,22736.0,0.0,0,0,0,F,20,A,A,B,B,A
702,22737.0,0.0,0,0,0,F,20,A,A,B,B,A
702,22738.0,0.0,0,0,0,F,20,A,A,B,B,A
702,22739.0,17.5,0,0,25,F,20,A,A,B,B,A
702,22740.0,17.6,0,0,0,F,20,A,A,B,B,A
702,22741.0,16.3,0,0,15,F,20,A,A,B,B,A
702,22742.0,0.0,0,0,0,F,20,A,A,B,B,A
702,22743.0,0.0,0,0,0,F,20,A,A,B,C,A
702,22744.0,0.0,0,0,0,F,20,A,A,B,C,A
702,22745.0,0.0,0,0,0,F,20,A,A,B,C,A
702,22746.0,22.3,0,0,0,M,20,A,A,B,C,B
702,22747.0,18.4,20,5,0,M,20,A,A,B,C,B
702,22748.0,0.0,0,0,0,M,20,A,B,C,C,B
702,22749.0,18.7,0,0,0,M,20,A,B,C,C,B
702,22750.0,0.0,0,0,0,M,20,A,B,C,D,B
702,22751.0,0.0,0,0,0,M,20,A,B,C,D,B
702,22752.0,6.4,20,0,10,M,20,A,B,C,D,B
702,22753.0,11.1,50,20,5,M,20,A,D,D,D,B
702,22754.0,0.0,0,0,0,M,20,A,D,D,E,C
702,22755.0,17.6,0,30,0,M,20,A,D,D,E,D
702,22756.0,15.0,0,0,0,M,20,A,D,E,E,D
702,22757.0,0.0,0,0,0,M,20,A,D,E,F,E
2001,22758.0,0.0,45,0,0,F,20,A,A,A,B,A
2001,22759.0,0.0,0,0,0,F,20,A,A,A,B,A
2001,22760.0,0.0,0,0,0,F,20,A,A,A,B,A
2001,22761.0,0.0,0,0,0,F,20,A,A,A,B,A
2001,22762.0,0.0,0,0,0,F,20,A,A,B,B,A
2001,22763.0,0.0,0,0,0,F,20,A,A,B,B,A
2001,22764.0,25.8,0,50,0,F,20,A,A,B,B,A
2001,22765.0,0.0,0,0,0,F,20,A,A,B,B,A
2001,22766.0,32.9,0,60,15,F,20,A,A,B,B,A
2001,22767.0,9.7,0,0,0,F,20,A,A,B,B,A
2001,22768.0,0.0,0,0,0,F,20,A,A,B,B,A
2001,22769.0,0.0,0,0,0,F,20,A,A,B,B,A
2001,22770.0,0.0,0,0,0,F,20,A,A,B,B,A
2001,22771.0,7.5,0,15,10,F,20,A,A,B,B,A
2001,22772.0,40.9,25,0,0,F,20,A,A,B,B,A
2001,22773.0,0.0,0,0,0,F,20,A,A,B,B,B
2001,22774.0,0.0,0,0,0,F,20,A,B,C,C,B
2001,22775.0,22.2,20,45,10,F,20,A,B,C,D,B
2001,22776.0,0.0,0,0,0,F,20,A,B,C,D,B
2001,22777.0,0.0,0,0,0,F,20,A,B,C,D,B
1502,22778.0,0.0,0,0,0,F,20,A,A,B,B,A
1502,22779.0,1.0,25,35,10,F,20,A,A,B,B,B
1502,22780.0,1.6,20,40,5,F,20,A,A,B,B,B
1502,22781.0,0.0,0,0,0,F,20,A,A,B,C,B
1502,22782.0,16.0,0,0,40,F,20,A,A,B,C,B
1502,22783.0,10.9,0,0,0,F,20,A,A,C,C,B
1502,22784.0,0.0,0,0,0,F,20,A,B,C,D,B
1502,22785.0,0.0,0,0,0,F,20,A,B,D,D,B
1502,22786.0,0.0,0,0,0,F,20,A,B,D,D,B
1502,22787.0,11.5,25,15,30,F,20,A,C,D,D,B
1502,22788.0,0.0,0,0,0,F,20,A,C,D,D,B
1502,22789.0,0.0,0,0,0,F,20,A,D,D,D,B
1502,22790.0,0.0,0,0,0,F,20,A,D,D,E,C
1502,22791.0,8.8,30,60,0,M,20,A,D,D,E,C
1502,22792.0,17.3,30,60,0,M,20,A,D,D,E,C
1502,22793.0,0.0,0,0,0,M,20,A,D,D,E,C
1502,22794.0,12.1,10,15,15,M,20,A,D,D,E,D
1502,22795.0,11.9,0,10,20,M,20,A,D,E,F,D
1502,22796.0,17.0,0,0,15,M,20,B,D,E,F,D
1502,22797.0,8.2,0,0,0,M,20,B,D,F,F,E
1502,22798.0,12.2,40,0,30,M,20,B,F,F,F,F
4004,22799.0,30.3,25,0,0,F,20,A,A,B,A,A
4004,22800.0,31.9,0,0,0,F,20,A,A,B,B,A
4004,22801.0,3.8,0,40,10,F,20,A,A,B,C,B
4004,22802.0,22.5,0,0,0,F,20,A,A,B,C,B
4004,22803.0,18.0,0,0,0,M,20,A,A,C,D,B
4004,22804.0,11.3,0,45,0,M,20,A,A,C,D,C
4004,22805.0,8.4,10,10,0,M,20,A,A,C,D,C
4004,22806.0,20.3,0,0,0,M,20,A,A,C,D,C
4004,22807.0,14.3,15,0,40,M,20,A,A,C,D,C
4004,22808.0,23.5,0,0,0,M,20,A,A,C,D,C
4004,22809.0,24.5,55,0,0,M,20,A,A,D,D,C
4004,22810.0,22.5,0,0,0,M,20,A,A,D,D,C
4004,22811.0,8.5,0,0,20,M,20,A,A,D,D,D
4004,22812.0,4.6,0,0,0,M,20,A,A,D,E,D
4004,22813.0,12.5,0,35,0,M,20,A,A,D,E,D
4004,22814.0,2.0,0,0,0,M,20,A,A,D,E,D
4004,22815.0,5.0,0,20,0,M,20,A,A,D,E,D
4004,22816.0,11.3,0,0,0,M,20,A,B,D,E,D
4004,22817.0,0.0,0,30,0,M,20,A,B,E,E,D
4004,22818.0,3.2,50,5,0,M,20,A,D,E,F,E
4004,22819.0,17.0,15,0,20,M,20,A,D,E,F,E
4004,22820.0,22.5,0,0,0,M,20,A,D,E,F,E
4004,22821.0,26.0,50,0,0,M,20,A,D,F,F,E
4004,22822.0,22.5,0,0,0,M,20,A,D,F,F,F
4004,22823.0,22.5,0,0,0,M,20,A,D,F,F,F
4004,22824.0,22.5,0,0,0,M,20,A,D,F,F,F
4004,22825.0,27.5,35,5,0,M,20,B,F,F,F,G
3502,22826.0,18.8,15,0,10,F,20,A,A,A,B,A
3502,22827.0,22.5,0,0,0,F,20,A,A,A,B,A
3502,22828.0,12.1,50,20,0,F,20,A,A,B,B,B
3502,22829.0,4.4,0,0,0,F,20,A,A,B,B,B
3502,22830.0,16.4,40,0,0,F,20,A,A,B,B,B
3502,22831.0,8.5,15,5,0,F,20,A,A,C,C,B
3502,22832.0,21.5,35,45,0,F,20,A,A,D,D,B
3502,22833.0,22.5,0,0,0,F,20,A,A,D,D,B
3502,22834.0,0.0,30,0,0,F,20,A,A,D,D,C
3502,22835.0,13.5,0,30,0,F,20,A,A,D,D,C
3502,22836.0,16.7,0,0,40,F,20,A,A,D,E,C
3502,22837.0,22.5,0,0,0,F,20,A,A,D,E,D
3502,22838.0,22.5,0,0,0,F,20,A,A,D,E,D
3502,22839.0,21.8,0,0,0,F,20,A,B,E,E,D
3502,22840.0,22.5,0,0,0,M,20,B,D,F,F,F
3502,22841.0,15.0,0,20,0,M,20,,,,,
3502,22842.0,9.5,20,10,0,M,20,,,,,
3502,22843.0,15.3,75,30,0,M,20,,,,,
3502,22844.0,10.7,0,50,0,M,20,,,,,
3502,22845.0,25.8,25,25,0,M,20,,,,,
3502,22846.0,15.0,25,5,20,M,20,,,,,
3502,22847.0,22.5,0,0,0,M,20,,,,,
3502,22848.0,17.2,0,35,0,M,20,,,,,
3502,22849.0,15.0,25,15,10,M,20,,,,,
3502,22850.0,22.5,0,0,0,M,20,,,,,
3502,22851.0,17.5,60,40,0,M,20,,,,,
3502,22852.0,22.5,0,0,0,M,20,,,,,
3502,22853.0,33.9,0,0,0,M,20,,,,,
702,22854.0,18.0,0,0,0,F,20,A,A,B,B,B
702,22855.0,15.0,50,0,0,F,20,A,A,B,B,B
702,22856.0,0.0,0,30,0,F,20,A,A,C,C,B
702,22857.0,12.5,10,25,0,F,20,A,A,D,C,B
702,22858.0,13.5,25,10,25,F,20,A,A,D,C,B
702,22859.0,22.5,0,0,0,F,20,A,A,D,D,B
702,22860.0,17.0,55,50,5,F,20,A,A,D,D,C
702,22861.0,18.0,0,0,0,F,20,A,A,D,D,C
702,22862.0,17.0,10,15,10,F,20,A,A,D,D,C
702,22863.0,15.0,0,0,50,F,20,A,A,D,D,C
702,22864.0,14.5,30,15,10,F,20,A,A,D,D,C
702,22865.0,32.4,0,0,0,F,20,A,A,D,D,C
702,22866.0,13.5,0,0,30,M,20,A,A,D,D,D
1501,22867.0,10.5,15,55,10,F,20,A,A,D,E,C
1501,22868.0,22.5,0,0,0,F,20,A,B,D,E,C
1501,22869.0,22.5,0,0,0,F,20,A,B,D,E,C
1501,22870.0,7.5,20,0,80,F,20,A,C,D,E,D
1501,22871.0,11.3,0,75,0,F,20,A,C,D,E,D
1501,22872.0,22.5,0,0,0,M,20,,,,,
1501,22873.0,2.0,10,35,20,M,20,,,,,
1501,22874.0,4.8,0,0,0,M,20,,,,,
1501,22875.0,8.5,0,0,0,M,20,,,,,
1501,22876.0,14.7,35,0,20,M,20,,,,,
1501,22877.0,7.5,0,0,0,M,20,,,,,
1501,22878.0,14.3,25,0,40,M,20,,,,,
1501,22879.0,11.8,0,0,0,M,20,,,,,
1402,22880.0,6.4,0,50,30,F,20,A,A,A,B,A
1402,22881.0,9.9,10,5,0,F,20,A,A,B,B,A
1402,22882.0,8.4,0,0,0,M,20,A,A,B,C,A
1402,22883.0,30.0,20,0,0,M,20,A,A,B,C,B
1402,22884.0,4.2,0,0,0,M,20,A,A,B,C,B
1402,22885.0,14.5,0,50,0,M,20,A,A,C,C,B
1402,22886.0,9.6,25,0,0,M,20,A,A,D,D,B
1402,22887.0,16.5,30,5,10,M,20,A,A,D,D,C
1402,22888.0,17.0,25,0,15,M,20,A,A,D,D,C
1402,22889.0,14.3,25,10,0,M,20,A,A,D,D,C
1402,22890.0,20.8,0,0,0,M,20,A,A,D,D,C
1402,22891.0,21.0,0,0,0,M,20,A,A,D,D,C
1402,22892.0,8.4,0,0,0,M,20,A,B,D,D,C
1402,22893.0,20.2,25,0,0,M,20,A,D,E,D,C
1402,22894.0,10.1,10,45,0,M,20,A,D,E,E,C
1402,22895.0,7.5,0,0,30,M,20,A,D,E,E,D
3002,22896.0,5.0,0,0,0,F,20,A,A,A,A,A
3002,22897.0,4.4,30,20,0,F,20,A,A,A,B,A
3002,22898.0,0.0,0,0,5,F,20,A,A,A,B,B
3002,22899.0,15.0,0,0,55,F,20,A,A,B,B,B
3002,22900.0,12.9,0,35,0,F,20,A,A,B,B,B
3002,22901.0,0.0,0,5,0,F,20,A,A,B,B,B
3002,22902.0,7.5,30,0,0,F,20,A,A,B,C,B
3002,22903.0,7.5,45,60,0,F,20,A,A,B,C,B
3002,22904.0,9.5,10,70,10,F,20,A,A,C,C,B
3002,22905.0,11.9,0,0,0,F,20,A,A,C,C,B
3002,22906.0,22.6,0,15,50,F,20,A,A,C,C,B
3002,22907.0,18.4,0,0,0,F,20,A,A,C,C,B
3002,22908.0,0.0,0,5,0,M,20,A,A,D,D,B
3002,22909.0,18.6,0,0,0,M,20,A,A,D,D,C
3002,22910.0,17.0,0,10,0,M,20,A,B,D,D,C
3002,22911.0,4.8,0,0,0,M,20,B,D,E,F,D
3002,22912.0,23.4,25,30,0,M,20,C,D,E,F,D
3002,22913.0,7.5,40,65,0,M,35,D,D,E,F,E
3002,22914.0,19.3,0,0,25,M,20,,,,,
3002,22915.0,13.6,0,0,40,M,20,,,,,
3002,22916.0,11.9,0,0,0,M,20,,,,,
1602,22917.0,22.0,0,0,0,F,20,A,A,C,D,B
1602,22918.0,7.5,0,20,10,F,20,A,A,C,D,B
1602,22919.0,8.5,0,0,0,F,20,A,A,C,D,B
1602,22920.0,11.9,30,45,0,F,20,A,A,C,D,B
1602,22921.0,7.5,55,40,10,F,20,A,A,C,D,B
1602,22922.0,7.5,0,0,30,F,20,A,A,C,D,B
1602,22923.0,10.9,0,0,0,F,20,A,A,D,D,C
1602,22924.0,27.0,15,30,5,F,20,A,A,D,D,C
1602,22925.0,22.5,0,0,0,F,20,A,A,D,D,C
1602,22926.0,23.5,0,0,0,F,20,A,A,D,E,C
1602,22927.0,14.5,0,30,0,F,20,A,A,D,E,C
1602,22928.0,9.0,0,0,0,M,20,A,A,D,E,C
1602,22929.0,22.5,0,0,0,M,20,A,A,D,E,C
1602,22930.0,10.9,0,0,0,M,20,A,A,D,E,D
1602,22931.0,18.2,0,20,0,M,20,A,A,D,E,D
1602,22932.0,15.0,0,25,0,M,20,A,A,D,E,D
1602,22933.0,21.4,0,0,0,M,20,A,B,E,E,D
1602,22934.0,9.0,0,0,0,M,20,A,B,E,E,D
1602,22935.0,19.0,0,0,0,M,20,A,B,E,F,D
1602,22936.0,15.9,10,30,10,M,20,A,D,E,F,E
1602,22937.0,21.2,0,0,0,M,20,A,D,E,F,E
1602,22938.0,10.5,25,15,15,M,20,A,D,E,F,E
1602,22939.0,9.1,0,0,0,M,20,A,D,E,F,E
1602,22940.0,7.5,0,0,50,M,20,A,D,E,F,F
1602,22941.0,22.5,40,0,40,M,20,A,D,F,F,F
1602,22942.0,22.5,0,0,0,M,20,A,F,F,F,F
1602,22943.0,13.9,0,0,0,M,20,A,F,F,F,G
5402,22944.0,17.2,0,20,0,F,20,A,A,A,B,A
5402,22945.0,10.5,30,0,0,F,20,A,A,C,D,B
5402,22946.0,18.8,0,0,0,F,20,A,A,C,D,C
5402,22947.0,13.3,35,20,10,F,20,A,A,C,D,C
5402,22948.0,12.7,50,0,20,F,20,A,A,D,D,C
5402,22949.0,1.0,0,0,0,F,20,A,A,D,D,C
5402,22950.0,30.0,30,0,0,F,20,A,A,D,D,C
5402,22951.0,10.1,15,0,0,F,20,A,A,D,D,C
5402,22952.0,14.5,0,30,0,F,20,A,A,E,D,C
5402,22953.0,1.0,0,0,0,F,20,A,A,E,E,C
5402,22954.0,15.0,0,0,0,F,20,A,B,E,E,D
5402,22955.0,18.7,0,25,0,F,20,A,B,E,E,D
5402,22956.0,5.4,0,0,0,F,20,A,B,E,F,D
5402,22957.0,10.0,15,0,0,F,20,A,B,F,F,E
5402,22958.0,9.9,25,0,0,F,20,C,D,F,F,E
5402,22959.0,7.2,0,0,0,F,20,E,D,F,F,F
5402,22960.0,17.3,10,0,30,M,20,,,,,
5402,22961.0,1.0,0,0,0,M,20,,,,,
2402,22962.0,11.5,15,45,20,F,20,A,A,B,A,A
2402,22963.0,8.5,10,15,0,F,20,A,A,B,B,A
2402,22964.0,9.1,0,0,0,F,20,A,A,B,B,A
2402,22965.0,1.0,0,0,0,F,20,A,A,B,B,A
2402,22966.0,16.3,0,15,0,F,20,A,A,B,B,A
2402,22967.0,16.0,30,0,20,F,20,A,A,B,B,A
2402,22968.0,16.0,0,50,0,F,20,A,A,B,B,A
2402,22969.0,22.5,30,50,0,F,20,A,A,B,B,A
2402,22970.0,22.0,0,5,5,F,20,A,A,C,C,B
2402,22971.0,6.4,30,0,10,F,20,A,A,C,C,B
2402,22972.0,12.1,35,30,10,F,20,A,A,C,C,B
2402,22973.0,7.5,0,0,0,F,20,A,A,C,C,B
2402,22974.0,22.8,0,0,0,F,20,A,A,C,C,B
2402,22975.0,2.4,15,40,15,F,20,A,A,C,C,B
2402,22976.0,7.5,0,25,0,F,20,A,A,C,C,B
2402,22977.0,7.5,0,0,0,F,20,A,A,C,D,B
2402,22978.0,24.2,75,0,0,F,20,A,A,D,D,B
2402,22979.0,1.6,0,0,0,F,20,A,A,D,D,B
2402,22980.0,2.6,60,0,10,F,20,A,A,D,D,B
2402,22981.0,7.5,0,0,0,F,20,A,A,D,D,B
2402,22982.0,7.5,0,0,0,F,20,A,A,D,D,B
2402,22983.0,5.6,80,50,65,F,20,A,A,D,D,B
2402,22984.0,5.8,0,0,0,F,20,A,A,D,D,B
2402,22985.0,9.5,0,0,0,F,20,A,A,D,D,B
2402,22986.0,7.5,0,0,0,F,20,A,A,D,D,B
2402,22987.0,7.5,0,0,0,F,20,A,A,D,D,B
2402,22988.0,7.5,0,0,0,F,20,A,A,D,D,B
2402,22989.0,9.5,20,0,0,F,20,A,A,D,D,B
2402,22990.0,1.4,0,0,0,F,20,A,A,D,D,B
2402,22991.0,5.6,0,0,0,M,20,A,A,D,D,C
2402,22992.0,7.5,0,0,0,M,20,A,A,D,D,C
2402,22993.0,19.2,0,0,0,M,20,A,A,D,D,C
2402,22994.0,22.5,0,35,30,M,20,A,A,D,D,C
2402,22995.0,12.3,20,10,25,M,20,A,A,D,D,C
2402,22996.0,20.6,10,0,10,M,20,A,A,D,D,C
2402,22997.0,17.0,0,0,15,M,20,A,A,D,D,C
2402,22998.0,0.0,0,0,10,M,20,A,A,D,D,C
2402,22999.0,9.5,0,0,0,M,20,A,A,D,E,C
2402,23000.0,7.5,0,0,0,M,20,A,A,E,E,C
2402,23001.0,23.0,0,0,0,M,20,A,A,E,E,C
2402,23002.0,8.6,35,35,30,M,20,A,A,E,E,C
2402,23003.0,24.2,70,0,0,M,20,A,B,E,E,C
2402,23004.0,7.5,0,0,0,M,20,A,B,E,E,D
2402,23005.0,11.3,0,0,0,M,20,A,B,E,E,D
2402,23006.0,7.5,0,0,0,M,20,A,B,E,E,D
2402,23007.0,27.5,50,0,0,M,20,A,B,E,E,D
2402,23008.0,19.2,0,0,0,M,20,A,B,E,E,D
2402,23009.0,9.4,0,0,0,M,20,A,C,E,F,D
2402,23010.0,14.1,0,40,10,M,20,A,D,E,F,D
2402,23011.0,30.0,0,25,0,M,20,A,D,E,F,E
2402,23012.0,11.9,30,60,0,M,20,A,D,E,F,E
2402,23013.0,19.4,0,0,0,M,20,A,D,E,F,E
2402,23014.0,11.1,0,0,0,M,20,A,D,E,F,E
2402,23015.0,7.5,5,15,15,M,20,A,D,E,F,E
2402,23016.0,14.9,35,0,0,M,20,A,D,E,F,E
2402,23017.0,7.5,0,0,0,M,20,A,D,E,F,E
2402,23018.0,7.5,0,0,0,M,20,A,D,E,F,E
2402,23019.0,19.0,0,0,25,M,20,A,D,F,F,E
2402,23020.0,9.5,0,0,0,M,20,A,D,F,F,E
2402,23021.0,7.5,0,0,0,M,20,B,D,F,F,F
2402,23022.0,7.5,0,0,0,M,20,C,D,F,F,F
2402,23023.0,7.5,0,0,0,M,20,E,D,F,F,F
2402,23024.0,7.5,0,0,0,M,20,,,,,
2402,23025.0,7.5,0,0,0,M,20,,,,,
2402,23026.0,19.1,0,0,0,M,20,,,,,
2402,23027.0,7.5,35,0,0,M,20,,,,,
2402,23028.0,17.0,0,15,30,M,20,,,,,
2402,23029.0,12.1,5,0,0,M,20,,,,,
2402,23030.0,14.9,15,25,20,M,20,,,,,
2402,23031.0,7.5,10,10,15,M,20,,,,,
2402,23032.0,17.0,15,30,0,M,20,,,,,
2402,23033.0,23.8,0,0,0,M,20,,,,,
2402,23034.0,0.0,0,10,0,M,20,,,,,
2402,23035.0,9.5,0,0,0,M,20,,,,,
2402,23036.0,5.6,0,0,0,M,20,,,,,
2402,23037.0,3.8,0,60,0,M,20,,,,,
2402,23038.0,9.5,0,0,0,M,20,,,,,
2402,23039.0,0.0,70,15,0,M,20,,,,,
2402,23040.0,10.1,40,45,5,M,20,,,,,
2402,23041.0,7.5,35,0,0,M,20,,,,,
2402,23042.0,17.0,20,0,25,M,20,,,,,
2402,23043.0,7.5,0,0,0,M,20,,,,,
2402,23044.0,13.3,40,30,0,M,20,,,,,
2402,23045.0,7.5,0,0,0,M,20,,,,,
4004,23046.0,19.2,0,0,0,M,20,A,A,D,D,B
4004,23047.0,5.8,30,45,15,M,20,A,A,D,D,B
4004,23048.0,7.5,0,0,0,M,20,A,A,D,D,B
4004,23049.0,9.5,35,30,0,M,20,A,A,D,D,B
4004,23050.0,0.0,0,10,0,M,20,A,A,D,D,C
4004,23051.0,0.0,30,15,40,M,20,A,A,D,E,C
4004,23052.0,7.5,0,0,0,M,20,A,A,D,E,C
4004,23053.0,9.5,0,0,0,M,20,A,A,E,E,C
4004,23054.0,21.0,25,0,0,M,20,A,A,E,E,C
4004,23055.0,31.0,0,10,0,M,20,A,A,E,E,D
4004,23056.0,23.3,0,45,15,M,20,A,A,E,E,D
4004,23057.0,15.1,80,20,15,M,20,A,A,E,E,D
4004,23058.0,19.4,0,0,0,M,20,A,A,E,E,D
4004,23059.0,7.5,0,0,0,M,20,A,A,E,E,D
4004,23060.0,4.8,0,30,0,M,20,A,A,E,E,D
4004,23061.0,0.0,10,0,0,M,20,A,A,E,E,D
4004,23062.0,11.8,50,0,30,M,20,A,A,E,E,E
4004,23063.0,0.0,0,0,10,M,20,A,C,E,E,E
4004,23064.0,7.5,15,0,20,M,20,A,D,E,F,E
4004,23065.0,18.4,15,0,20,M,20,A,D,E,F,F
4004,23066.0,21.6,0,0,0,M,20,A,D,E,F,F
4004,23067.0,14.5,55,0,0,M,20,A,F,F,F,F
4004,23068.0,11.9,0,0,5,M,20,A,F,F,F,F
4004,23069.0,28.3,20,5,20,M,20,,,,,
3202,23070.0,19.6,0,15,0,F,20,A,A,B,B,A
3202,23071.0,7.5,0,0,0,F,20,A,A,B,B,B
3202,23072.0,14.6,10,60,50,F,20,A,A,B,B,B
3202,23073.0,0.0,0,0,10,F,20,A,A,B,C,B
3202,23074.0,12.5,0,0,0,F,20,A,A,B,C,B
3202,23075.0,1.6,0,0,0,F,20,A,A,B,C,B
3202,23076.0,17.0,50,65,5,F,20,A,A,B,C,B
3202,23077.0,12.7,0,0,0,F,20,A,A,C,C,B
3202,23078.0,7.0,10,0,30,M,20,A,A,C,D,B
3202,23079.0,0.0,0,0,10,M,20,A,A,C,D,B
3202,23080.0,2.0,0,0,0,M,20,A,A,C,D,B
3202,23081.0,10.9,15,0,0,M,20,A,A,C,D,B
3202,23082.0,17.9,0,20,0,M,20,A,A,C,E,C
3202,23083.0,2.0,0,0,0,M,20,A,A,D,E,C
3202,23084.0,17.4,0,30,0,M,20,A,A,D,E,C
3202,23085.0,18.0,75,25,0,M,20,A,A,D,E,C
3202,23086.0,19.8,30,0,0,M,20,A,A,D,E,C
3202,23087.0,22.2,0,0,0,M,20,A,B,D,E,C
3202,23088.0,4.0,70,45,20,M,20,B,B,D,E,C
3202,23089.0,3.6,0,0,0,M,20,C,C,D,E,D
3202,23090.0,21.0,0,0,0,M,20,E,C,E,F,D
3202,23091.0,7.5,0,40,0,M,20,E,D,E,F,D
3202,23092.0,17.1,0,25,0,M,20,E,D,F,F,E
3202,23093.0,22.0,0,0,0,M,20,E,F,F,F,E
4301,23094.0,8.5,5,5,20,F,20,A,A,A,A,A
4301,23095.0,24.1,0,0,0,F,20,A,A,C,C,B
4301,23096.0,10.9,15,0,0,F,20,A,A,D,C,B
4301,23097.0,15.0,30,30,0,M,20,A,A,D,D,B
4301,23098.0,17.5,30,0,0,M,20,A,B,E,D,D
4301,23099.0,33.4,0,0,0,M,20,A,B,E,E,D
4301,23100.0,0.0,0,0,0,M,20,A,C,E,E,E
4301,23101.0,11.5,0,0,0,M,20,B,D,E,E,E
4301,23102.0,0.0,0,0,0,M,20,B,D,E,E,F
4301,23103.0,34.9,0,0,0,M,20,B,D,E,F,F
4301,23104.0,0.0,0,0,0,M,20,B,F,F,F,F
3202,23105.0,16.0,30,0,25,M,20,,,,,
2001,23106.0,27.3,0,50,0,F,20,A,A,A,A,A
2001,23107.0,7.5,0,30,50,F,20,A,A,A,B,A
2001,23108.0,20.8,0,0,0,F,20,A,A,D,D,D
2001,23109.0,0.0,0,0,0,F,20,A,A,D,D,D
2001,23110.0,30.9,30,0,0,F,20,A,A,D,D,D
2001,23111.0,18.6,20,15,0,F,20,A,A,D,D,D
2001,23112.0,7.5,70,30,10,F,20,A,A,D,D,D
2001,23113.0,6.4,20,15,10,F,20,A,A,D,D,D
2001,23114.0,15.5,55,30,30,F,20,A,A,D,D,D
2001,23115.0,15.0,0,30,0,F,20,A,A,D,D,D
2001,23116.0,5.0,35,10,10,F,20,A,A,D,D,D
2001,23117.0,12.8,50,90,10,F,20,A,A,D,D,D
2001,23118.0,7.5,20,15,5,F,20,A,A,D,D,D
2001,23119.0,19.4,25,0,0,F,20,A,A,D,D,D
2001,23120.0,7.5,20,0,20,F,20,A,A,D,D,D
2001,23121.0,18.6,0,25,0,F,20,A,A,D,D,D
2001,23122.0,13.1,0,0,0,F,20,A,A,D,E,D
2001,23123.0,0.0,0,0,0,F,20,A,A,D,E,D
2001,23124.0,16.0,30,5,20,F,20,A,A,D,E,D
2001,23125.0,8.5,30,0,0,F,20,A,A,D,E,D
2001,23126.0,20.7,20,0,5,F,20,A,A,D,E,E
2001,23127.0,8.1,10,0,0,F,20,A,A,D,E,E
2001,23128.0,9.9,0,0,0,F,20,B,A,D,E,E
2001,23129.0,8.0,20,10,5,F,20,B,A,D,E,E
2001,23130.0,16.0,10,45,0,F,20,B,A,D,E,E
2001,23131.0,2.0,40,30,5,F,20,B,B,E,F,E
2001,23132.0,7.5,0,40,0,F,20,B,B,E,F,E
2001,23133.0,10.5,40,50,0,F,20,B,B,E,F,E
2001,23134.0,22.5,0,0,10,F,20,B,C,E,F,E
2001,23135.0,11.5,40,45,0,F,20,B,C,E,F,E
2001,23136.0,8.4,0,20,10,F,20,B,D,E,F,E
2001,23137.0,2.0,0,0,0,F,20,B,D,E,F,E
2001,23138.0,7.5,0,0,0,F,20,B,D,E,F,E
2001,23139.0,6.4,0,0,0,F,20,B,D,E,F,E
2001,23140.0,22.5,0,0,0,F,20,B,D,E,F,F
2001,23141.0,18.7,25,0,0,F,20,B,D,E,F,F
2001,23142.0,4.6,20,0,40,F,20,B,D,F,F,F
2001,23143.0,9.4,30,45,25,F,20,D,F,F,F,F
2001,23144.0,13.5,50,15,10,M,20,E,F,F,F,F
3502,23145.0,22.5,0,0,0,F,20,A,A,A,B,A
3502,23146.0,22.5,0,0,0,F,20,A,A,B,B,A
3502,23147.0,32.8,0,0,20,F,20,A,A,B,B,B
3502,23148.0,7.5,50,0,65,F,20,A,A,B,B,B
3502,23149.0,5.4,30,0,25,F,20,A,A,B,C,B
3502,23150.0,15.0,0,0,0,F,20,A,A,B,C,B
3502,23151.0,22.5,0,0,0,F,20,A,A,B,C,B
3502,23152.0,5.6,0,20,10,F,20,A,A,C,C,B
3502,23153.0,16.5,20,35,0,M,20,A,A,C,C,B
3502,23154.0,22.5,0,0,0,M,20,A,A,C,D,B
3502,23155.0,7.5,50,0,65,M,20,A,A,C,D,B
3502,23156.0,8.5,0,0,0,M,20,A,A,C,D,B
3502,23157.0,2.2,0,0,0,M,20,A,A,C,D,B
3502,23158.0,22.5,0,0,0,M,20,A,A,C,D,B
3502,23159.0,22.5,0,0,0,M,20,A,A,C,D,B
3502,23160.0,22.5,0,0,0,M,20,A,B,D,D,C
3502,23161.0,22.5,0,0,0,M,20,A,D,D,D,C
3502,23162.0,22.5,0,0,0,M,20,A,D,D,D,C
3502,23163.0,10.1,0,0,0,M,20,,,,,
702,23164.0,17.2,20,20,10,F,20,A,A,A,A,B
702,23165.0,18.1,20,5,20,F,20,A,A,B,B,B
702,23166.0,15.0,0,0,0,F,20,A,A,B,B,B
702,23167.0,7.8,40,0,0,F,20,A,A,B,B,B
702,23168.0,15.0,0,0,0,F,20,A,A,B,B,B
702,23169.0,22.5,0,0,0,F,20,A,A,C,C,B
702,23170.0,22.5,0,0,0,F,20,A,A,C,C,C
702,23171.0,17.0,0,20,0,F,20,A,A,C,C,C
702,23172.0,30.9,0,25,0,F,20,A,A,C,C,C
702,23173.0,22.5,0,0,0,F,20,A,A,C,C,C
702,23174.0,8.5,10,0,25,M,20,A,A,D,C,C
702,23175.0,22.5,0,0,0,M,20,A,A,D,D,C
702,23176.0,8.2,100,80,5,M,20,A,A,D,D,D
702,23177.0,4.2,0,0,0,M,20,A,A,D,D,D
702,23178.0,15.0,0,0,0,M,20,A,A,D,E,D
702,23179.0,15.0,0,0,0,M,20,A,A,D,E,D
702,23180.0,20.0,0,0,0,M,20,A,A,D,E,D
702,23181.0,26.5,0,0,0,M,20,A,D,E,F,E
1601,23182.0,15.0,0,0,0,F,20,A,A,B,B,A
1601,23183.0,22.5,0,0,0,F,20,A,A,B,B,A
1601,23184.0,22.5,0,0,0,F,20,A,A,C,D,B
1601,23185.0,22.5,0,0,0,F,20,A,A,C,D,B
1601,23186.0,22.5,0,0,0,F,20,A,A,C,D,B
1601,23187.0,18.9,0,25,0,F,20,A,A,D,D,C
1601,23188.0,10.1,0,0,0,F,20,A,A,D,D,C
1601,23189.0,22.5,0,0,0,F,20,A,A,D,D,C
1601,23190.0,17.2,10,0,40,F,20,A,A,D,E,D
1601,23191.0,13.9,20,0,50,F,20,A,A,D,E,D
1601,23192.0,18.6,15,25,0,F,20,A,A,E,E,D
1601,23193.0,9.1,20,10,0,F,20,A,A,E,E,E
1601,23194.0,21.4,25,50,20,F,20,A,A,F,E,E
1601,23195.0,12.3,10,0,0,M,20,A,A,F,F,E
1601,23196.0,28.2,30,10,10,M,20,A,A,F,F,E
1601,23197.0,29.2,25,0,0,M,20,A,A,F,F,E
1601,23198.0,13.1,0,45,0,M,20,A,A,F,F,F
1601,23199.0,6.4,0,0,0,M,20,A,A,F,F,F
4004,23200.0,22.5,0,0,0,F,20,A,A,B,C,B
4004,23201.0,6.6,30,45,15,M,20,A,A,B,D,D
4004,23202.0,19.1,5,15,15,M,20,A,A,C,D,D
4004,23203.0,22.5,0,0,0,M,20,A,A,C,D,D
4004,23204.0,15.0,0,0,0,M,20,A,A,D,D,D
4004,23205.0,20.0,0,0,0,M,20,A,A,D,D,E
4004,23206.0,8.5,0,0,0,M,20,A,A,D,D,E
4004,23207.0,18.0,25,5,15,M,20,A,A,D,D,E
4004,23208.0,13.9,10,30,0,M,20,A,A,D,D,E
4004,23209.0,22.5,0,0,0,M,20,A,A,D,E,E
4004,23210.0,22.5,0,0,0,M,20,A,A,D,E,E
4004,23211.0,20.0,0,0,0,M,20,A,A,E,E,E
4004,23212.0,14.9,0,50,0,M,20,A,A,E,E,E
4004,23213.0,18.6,10,0,30,M,20,A,A,E,E,E
4004,23214.0,10.3,10,0,10,M,20,A,A,E,E,E
4004,23215.0,22.5,0,0,0,M,20,A,A,E,E,F
4004,23216.0,22.5,0,0,0,M,20,A,A,E,E,F
4004,23217.0,7.2,0,70,15,M,20,A,A,E,E,F
4004,23218.0,8.5,30,45,0,M,20,A,A,E,E,F
4004,23219.0,4.2,75,30,0,M,20,A,A,E,E,F
4004,23220.0,22.5,0,0,0,M,20,A,A,E,E,F
4004,23221.0,22.6,0,0,0,M,20,A,A,E,E,F
4004,23222.0,10.1,0,0,0,M,20,A,A,E,E,F
4004,23223.0,11.3,10,5,0,M,20,A,B,F,F,F
4004,23224.0,22.5,0,0,0,M,20,A,C,F,F,F
4004,23225.0,22.5,0,0,0,M,20,A,C,F,F,G
4004,23226.0,22.5,0,0,0,M,20,A,C,F,F,G
4004,23227.0,22.5,0,0,0,M,20,A,C,F,F,G
4004,23228.0,22.5,0,0,0,M,20,A,D,F,F,G
4004,23229.0,22.5,0,0,0,M,20,A,F,F,F,G
4004,23230.0,22.5,0,0,0,M,20,,,,,
4004,23231.0,10.3,20,0,0,M,20,,,,,
4004,23232.0,27.4,10,35,10,M,20,,,,,
4004,23233.0,16.0,0,0,30,M,20,,,,,
3202,23234.0,8.8,0,0,0,F,20,A,A,B,B,A
3202,23235.0,8.8,0,0,0,F,20,A,A,B,B,A
3202,23236.0,17.6,0,50,0,F,20,A,A,B,D,B
3202,23237.0,1.0,0,40,0,F,20,A,A,D,D,B
3202,23238.0,17.3,30,0,20,M,20,A,B,D,D,B
3202,23239.0,25.1,0,0,0,M,20,A,B,D,D,B
3202,23240.0,27.8,50,30,50,M,20,A,D,D,D,B
3202,23241.0,16.7,0,15,25,M,20,A,D,D,D,B
3202,23242.0,5.6,20,10,25,M,20,A,D,D,E,C
3202,23243.0,33.2,0,0,10,M,20,C,D,E,F,D
2001,23244.0,10.5,0,0,0,F,20,A,A,B,B,A
2001,23245.0,22.9,0,0,0,F,20,A,A,B,B,A
2001,23246.0,10.5,0,0,0,F,20,A,B,C,C,A
2001,23247.0,10.5,0,0,0,F,20,A,D,C,C,A
2001,23248.0,22.8,0,0,0,F,20,A,D,C,D,A
2001,23249.0,2.6,55,0,0,F,20,A,D,C,D,A
2001,23250.0,23.9,0,0,0,F,20,A,D,D,D,B
2001,23251.0,10.1,0,55,15,F,20,A,D,D,D,B
2001,23252.0,11.5,0,60,0,F,20,B,D,D,D,B
2001,23253.0,10.5,0,0,0,F,20,B,D,D,E,B
2001,23254.0,12.3,0,0,0,F,20,B,D,D,E,B
2001,23255.0,11.5,50,35,5,F,20,B,D,D,E,B
2001,23256.0,12.7,10,0,0,F,20,B,D,D,E,C
2001,23257.0,8.4,0,15,0,F,20,E,F,F,F,D
2001,23258.0,11.4,100,0,65,F,20,,,,,
2402,23259.0,20.4,0,0,0,F,20,A,A,A,B,A
2402,23260.0,35.7,0,0,0,F,20,A,A,B,B,A
2402,23261.0,14.7,55,0,0,F,20,A,A,B,B,A
2402,23262.0,22.7,0,0,0,F,20,A,A,B,B,A
2402,23263.0,12.7,10,0,0,F,20,A,A,B,B,A
2402,23264.0,2.6,0,0,0,F,20,A,A,B,B,A
2402,23265.0,19.4,20,0,15,F,20,A,A,B,B,A
2402,23266.0,23.0,0,15,0,F,20,A,A,B,C,A
2402,23267.0,24.9,0,0,0,F,20,A,A,B,C,A
2402,23268.0,20.4,50,35,20,F,20,A,A,B,C,A
2402,23269.0,17.6,50,0,0,F,20,A,A,B,C,A
2402,23270.0,12.3,40,45,0,F,20,A,A,B,C,A
2402,23271.0,7.0,0,0,0,F,20,A,A,B,C,A
2402,23272.0,18.5,55,30,15,F,20,A,A,C,C,A
2402,23273.0,24.3,55,15,0,F,20,A,A,C,D,A
2402,23274.0,17.0,15,35,5,F,20,A,A,C,D,A
2402,23275.0,2.0,0,5,0,F,20,A,A,C,D,A
2402,23276.0,10.6,60,45,65,F,20,A,A,C,D,A
2402,23277.0,12.9,30,30,20,F,20,A,A,C,D,A
2402,23278.0,16.7,20,15,20,F,20,A,A,C,D,B
2402,23279.0,10.6,0,0,0,F,20,A,A,C,D,B
2402,23280.0,30.8,0,15,10,F,20,A,A,C,D,B
2402,23281.0,25.2,10,30,15,F,20,A,A,C,D,B
2402,23282.0,18.8,15,10,15,F,20,A,A,C,D,B
2402,23283.0,26.5,15,30,20,F,20,A,A,C,D,B
2402,23284.0,22.5,20,35,35,F,20,A,A,C,D,B
2402,23285.0,2.6,0,30,0,F,20,A,A,C,D,B
2402,23286.0,15.0,0,35,0,F,20,A,B,C,D,B
2402,23287.0,22.8,0,0,0,M,20,A,B,C,D,B
2402,23288.0,19.0,0,10,0,M,20,A,B,D,D,B
2402,23289.0,7.5,10,65,0,M,20,A,B,D,D,B
2402,23290.0,15.0,0,65,0,M,20,A,B,D,D,B
2402,23291.0,19.9,20,0,0,M,20,A,B,D,D,B
2402,23292.0,7.2,10,10,25,M,20,A,B,D,D,B
2402,23293.0,8.9,20,0,15,M,20,A,B,D,D,B
2402,23294.0,28.6,20,30,0,M,20,A,B,D,D,B
2402,23295.0,14.9,10,35,20,M,20,A,B,D,D,B
2402,23296.0,9.5,15,5,10,M,20,A,B,D,D,B
2402,23297.0,13.3,0,5,0,M,20,A,C,D,D,B
2402,23298.0,10.6,35,60,0,M,20,A,D,D,D,B
2402,23299.0,15.0,30,5,30,M,20,A,D,D,D,B
2402,23300.0,25.0,0,25,40,M,20,A,D,D,E,B
2402,23301.0,7.5,0,0,0,M,20,A,D,D,E,B
2402,23302.0,7.5,0,0,0,M,20,A,D,D,E,C
2402,23303.0,7.5,0,0,0,M,20,A,D,E,E,C
2402,23304.0,7.5,0,0,0,M,20,A,D,E,E,C
2402,23305.0,7.5,0,0,0,M,20,A,D,E,E,C
2402,23306.0,19.8,15,5,15,M,20,A,D,E,E,D
2402,23307.0,30.3,40,0,0,M,20,A,D,E,E,D
2402,23308.0,7.5,0,0,0,M,20,A,D,E,E,D
2402,23309.0,7.5,0,0,0,M,20,A,D,E,E,D
2402,23310.0,6.0,0,20,0,M,20,A,D,E,E,E
2402,23311.0,7.5,0,0,0,M,20,B,D,E,F,E
702,23312.0,10.9,0,0,0,M,20,A,A,C,D,A
702,23313.0,7.5,0,0,0,M,20,A,A,C,D,A
702,23314.0,7.4,0,0,0,M,20,A,B,C,D,B
702,23315.0,7.5,0,0,0,M,20,A,B,D,D,B
702,23316.0,7.5,0,0,0,M,20,A,B,D,D,B
702,23317.0,7.5,0,0,0,M,20,A,B,D,D,B
702,23318.0,7.5,0,0,0,M,20,A,C,D,D,B
702,23319.0,7.5,0,0,0,M,20,A,D,D,D,B
702,23320.0,7.5,0,0,0,M,20,B,D,D,E,B
702,23321.0,18.4,0,15,0,M,20,B,D,D,E,B
702,23322.0,7.5,0,0,0,M,20,B,D,E,F,B
702,23323.0,7.5,0,0,0,M,20,B,D,E,F,C
702,23324.0,29.7,10,25,10,M,20,B,D,F,F,D
702,23325.0,9.1,0,25,0,M,20,C,D,F,F,E
702,23326.0,7.5,0,0,0,M,20,,,,,
702,23327.0,20.0,0,0,5,M,20,,,,,
702,23328.0,0.6,0,45,0,M,20,,,,,
702,23329.0,14.4,65,45,40,M,20,,,,,
702,23330.0,7.5,0,0,0,M,20,,,,,
1402,23331.0,7.5,0,0,0,F,20,A,A,B,B,B
1402,23332.0,34.0,0,0,0,F,20,A,A,B,B,B
1402,23333.0,7.5,0,0,0,F,20,A,D,C,D,C
1402,23334.0,11.1,0,0,0,F,20,A,D,D,D,C
1402,23335.0,0.0,20,0,0,M,20,A,D,D,E,C
1402,23336.0,19.4,10,25,5,M,20,A,D,D,E,C
1402,23337.0,7.5,0,0,0,M,20,A,D,D,E,E
1402,23338.0,15.6,0,0,0,M,20,A,F,F,F,E
1402,23339.0,37.5,0,0,0,M,20,A,F,F,F,E
1402,23340.0,15.9,0,40,0,M,20,,,,,
4004,23341.0,10.1,0,80,0,F,20,A,A,B,C,A
4004,23342.0,7.5,0,0,0,F,20,A,A,C,D,B
4004,23343.0,7.5,0,0,0,F,20,A,A,C,D,B
4004,23344.0,7.5,55,20,15,F,20,A,A,C,D,B
4004,23345.0,26.4,25,0,40,F,20,A,A,D,D,B
4004,23346.0,7.5,0,0,0,F,20,A,A,D,D,B
4004,23347.0,23.2,0,0,0,F,20,A,A,D,D,B
4004,23348.0,23.4,0,0,0,F,20,A,A,D,D,B
4004,23349.0,7.5,0,0,0,F,20,A,A,D,D,C
4004,23350.0,7.5,25,0,20,M,20,A,A,D,D,C
4004,23351.0,19.8,35,0,0,M,20,A,A,D,D,C
4004,23352.0,7.5,0,0,0,M,20,A,A,D,D,C
4004,23353.0,15.3,100,30,10,M,20,A,A,D,D,C
4004,23354.0,11.1,10,0,10,M,20,A,A,D,D,C
4004,23355.0,0.0,0,0,20,M,20,A,A,D,D,C
4004,23356.0,25.2,0,0,0,M,20,A,A,D,D,C
4004,23357.0,22.5,20,0,0,M,20,A,A,D,D,D
4004,23358.0,12.7,20,60,5,M,20,A,A,D,E,D
4004,23359.0,2.6,0,5,0,M,20,A,A,D,E,D
4004,23360.0,4.2,0,60,10,M,20,A,A,D,E,D
4004,23361.0,22.5,20,0,0,M,20,A,A,D,E,D
4004,23362.0,7.5,0,0,0,M,20,A,A,E,E,D
4004,23363.0,8.5,30,0,10,M,20,A,A,E,E,D
4004,23364.0,21.4,50,30,20,M,20,A,A,E,E,D
4004,23365.0,7.5,0,0,0,M,20,A,A,E,E,D
4004,23366.0,3.2,20,45,10,M,20,A,A,E,E,E
4004,23367.0,8.4,50,0,0,M,20,A,A,E,E,E
4004,23368.0,7.5,0,0,0,M,20,A,A,E,E,E
4004,23369.0,7.5,0,0,0,M,20,A,A,E,E,E
4004,23370.0,15.4,0,35,0,M,20,A,A,E,E,E
4004,23371.0,17.6,0,45,65,M,20,A,A,E,E,E
4004,23372.0,7.5,0,0,0,M,20,A,A,E,E,E
4004,23373.0,7.5,0,0,0,M,20,A,A,E,E,E
4004,23374.0,7.5,0,0,0,M,20,A,A,E,E,E
4004,23375.0,28.8,0,20,20,M,20,A,A,E,E,E
4004,23376.0,7.5,0,0,0,M,20,A,A,E,E,E
4004,23377.0,7.5,0,0,0,M,20,A,D,E,F,F
4004,23378.0,7.5,0,0,0,M,20,A,D,E,F,F
4004,23379.0,7.5,0,0,0,M,20,A,D,E,F,F
4004,23380.0,12.3,35,20,0,M,20,A,D,E,F,F
4004,23381.0,7.5,0,0,0,M,20,A,D,E,F,F
4004,23382.0,7.5,0,0,0,M,20,A,D,E,F,F
4004,23383.0,7.5,0,0,0,M,20,A,D,E,F,F
4004,23384.0,7.5,0,0,0,M,20,A,D,F,F,F
4004,23385.0,7.5,0,0,0,M,20,A,D,F,F,F
4004,23386.0,7.5,0,0,0,M,20,A,D,F,F,F
4004,23387.0,7.5,0,0,0,M,20,A,D,F,F,F
4004,23388.0,3.6,25,0,0,M,20,A,D,F,F,F
4004,23389.0,18.0,0,20,0,M,20,A,D,F,F,F
4004,23390.0,7.5,0,0,0,M,20,A,D,F,F,F
4004,23391.0,7.5,0,0,0,M,20,A,D,F,F,F
4004,23392.0,8.5,10,30,0,M,20,A,F,F,F,F
4004,23393.0,7.5,0,0,0,M,20,,,,,
1502,23394.0,7.5,0,0,0,F,20,A,A,C,C,B
1502,23395.0,34.0,0,0,0,F,20,A,A,C,C,B
1502,23396.0,7.5,0,0,0,F,20,A,A,D,D,B
1502,23397.0,7.5,0,0,0,F,20,A,B,D,D,B
1502,23398.0,17.7,15,15,20,F,20,A,D,D,D,B
1502,23399.0,7.5,20,25,0,F,20,A,D,D,D,B
1502,23400.0,11.3,0,0,20,M,20,A,D,D,D,B
1502,23401.0,7.8,25,0,20,M,20,A,D,D,D,C
1502,23402.0,7.5,0,0,0,M,20,A,D,D,D,C
1502,23403.0,7.5,0,0,0,M,20,A,D,D,D,C
1502,23404.0,7.5,0,0,0,M,20,A,D,E,E,C
1502,23405.0,7.5,0,0,0,M,20,B,D,E,F,E
1502,23406.0,7.5,0,0,0,M,20,B,D,F,F,E
1502,23407.0,7.5,0,0,0,M,20,B,D,F,F,F
1502,23408.0,7.5,0,0,0,M,20,,,,,
1602,23409.0,8.5,0,0,40,F,20,A,A,A,B,A
1602,23410.0,7.5,0,0,0,F,20,A,B,D,D,B
1602,23411.0,7.5,0,0,0,F,20,A,B,D,D,B
1602,23412.0,7.5,0,0,0,F,20,A,D,E,D,B
1602,23413.0,7.5,0,0,0,F,20,A,D,E,E,C
1602,23414.0,7.5,0,0,0,F,20,A,D,E,E,D
1602,23415.0,7.5,0,0,0,M,20,A,D,E,E,D
1602,23416.0,7.5,0,0,0,M,20,A,D,F,E,E
1602,23417.0,3.0,0,0,0,M,20,,,,,
1602,23418.0,17.0,0,0,0,M,20,,,,,
3001,23419.0,7.5,0,0,0,F,20,A,A,A,A,A
3001,23420.0,7.5,0,0,0,F,20,A,A,B,B,A
3001,23421.0,7.5,0,0,0,F,20,A,A,B,B,A
3001,23422.0,34.0,0,0,0,M,20,A,A,B,B,B
3001,23423.0,7.5,0,0,0,M,20,A,A,C,C,B
3001,23424.0,7.5,0,35,10,M,20,A,A,C,C,B
3001,23425.0,24.5,5,0,0,M,20,A,A,D,D,B
3001,23426.0,1.6,10,0,0,M,20,A,A,D,D,C
3001,23427.0,19.8,25,0,10,M,20,A,A,D,D,C
3001,23428.0,11.1,20,0,0,M,20,A,A,D,E,C
3001,23429.0,20.1,10,80,20,M,20,A,A,D,E,D
3001,23430.0,10.7,15,10,0,M,20,E,F,F,F,D
3001,23431.0,0.0,30,35,30,M,20,,,,,
2402,23432.0,3.6,0,0,0,F,20,A,A,B,B,A
2402,23433.0,1.0,0,0,0,F,20,A,A,B,B,A
2402,23434.0,22.5,0,0,0,F,20,A,A,B,B,B
2402,23435.0,22.5,0,0,0,F,20,A,A,B,B,B
2402,23436.0,13.2,40,0,45,F,20,A,A,B,B,B
2402,23437.0,5.8,0,10,0,M,20,A,A,B,C,B
2402,23438.0,17.2,0,0,0,M,20,A,A,C,D,B
2402,23439.0,22.5,0,0,0,M,20,A,A,C,D,B
2402,23440.0,22.5,0,0,0,M,20,A,B,C,D,B
2402,23441.0,14.5,0,0,0,M,20,A,D,D,D,C
2402,23442.0,11.2,0,0,0,M,20,A,D,D,D,C
2402,23443.0,31.9,0,20,0,M,20,A,D,D,E,E
702,23444.0,18.1,0,20,0,F,20,A,A,B,B,A
702,23445.0,23.5,0,0,0,F,20,A,A,B,B,B
702,23446.0,31.0,0,40,0,F,20,A,A,B,B,B
702,23447.0,32.7,0,25,0,M,20,B,A,C,C,B
702,23448.0,21.0,0,25,0,M,20,B,A,C,C,B
702,23449.0,16.7,60,0,0,M,20,B,A,C,C,B
702,23450.0,10.9,15,0,10,M,20,B,A,D,C,B
702,23451.0,6.4,75,25,0,M,20,B,B,D,D,B
702,23452.0,22.5,0,0,0,M,20,C,B,D,E,C
702,23453.0,12.4,0,15,50,M,20,D,F,E,E,C
904,23454.0,19.2,0,30,0,F,20,A,A,B,B,A
904,23455.0,5.2,75,30,0,F,20,A,A,B,B,A
904,23456.0,47.8,0,0,0,F,20,A,A,B,B,A
904,23457.0,0.0,15,55,30,F,20,A,A,B,B,A
904,23458.0,10.1,10,20,0,F,20,A,A,B,C,A
904,23459.0,3.6,0,0,0,F,20,A,A,C,C,A
904,23460.0,16.3,0,0,0,F,20,A,A,C,C,A
904,23461.0,23.8,0,0,0,F,20,A,A,C,C,B
904,23462.0,23.8,0,0,0,F,20,A,A,C,C,B
904,23463.0,45.7,0,15,0,F,20,A,A,C,D,B
904,23464.0,23.8,0,0,0,F,20,A,A,C,D,B
904,23465.0,11.5,0,0,0,F,20,A,A,D,D,B
904,23466.0,7.5,0,0,15,F,20,A,A,D,D,B
904,23467.0,33.9,10,0,10,F,20,A,A,D,D,B
904,23468.0,12.3,10,60,20,F,20,B,A,D,D,B
904,23469.0,19.6,25,5,10,F,20,B,A,D,D,C
904,23470.0,16.1,0,0,0,F,20,B,A,E,D,C
904,23471.0,10.3,0,0,30,M,20,B,A,E,D,C
904,23472.0,13.1,50,10,25,M,20,E,A,E,E,D
904,23473.0,14.7,30,45,0,M,20,E,B,E,E,D
904,23474.0,2.2,10,0,0,M,20,E,B,E,E,D
904,23475.0,15.4,20,45,5,M,20,E,D,E,E,D
904,23476.0,12.5,0,15,0,M,20,E,D,F,E,E
904,23477.0,11.1,20,5,0,M,20,,,,,
904,23478.0,22.5,0,0,0,M,20,,,,,
2501,23479.0,4.6,0,20,0,F,20,A,A,A,A,A
2501,23480.0,13.5,10,0,0,F,20,A,A,B,A,A
2501,23481.0,13.5,0,0,10,F,20,A,A,B,B,A
2501,23482.0,0.0,50,45,5,F,20,A,A,B,B,A
2501,23483.0,13.3,0,0,0,F,20,A,A,C,B,A
2501,23484.0,9.5,20,15,0,F,20,A,A,C,C,A
2501,23485.0,2.4,0,35,0,M,20,,,,,
905,23486.0,7.8,0,0,0,F,20,A,A,B,B,A
905,23487.0,9.5,0,0,0,F,20,A,A,B,B,A
905,23488.0,16.0,10,15,40,F,20,A,A,B,C,A
905,23489.0,11.3,0,0,0,M,20,B,D,F,F,E
905,23490.0,11.2,0,0,0,M,20,,,,,
906,23491.0,9.6,0,25,0,F,20,A,A,A,A,A
906,23492.0,23.0,0,60,15,F,20,A,A,A,B,A
906,23493.0,14.5,30,45,0,F,20,A,A,A,B,A
906,23494.0,21.8,90,0,10,F,20,A,A,B,B,A
906,23495.0,16.0,0,0,0,F,20,A,A,B,B,A
906,23496.0,21.4,90,0,15,F,20,A,A,B,B,B
906,23497.0,1.6,0,0,0,F,20,A,A,B,B,B
906,23498.0,11.5,0,0,0,M,20,B,A,D,D,C
906,23499.0,5.4,15,0,0,M,20,E,D,E,F,E
2402,23500.0,12.1,25,0,0,F,20,A,A,A,B,A
2402,23501.0,8.9,30,0,10,F,20,A,A,A,B,A
2402,23502.0,9.1,15,5,20,F,20,A,A,B,B,A
2402,23503.0,0.0,20,0,5,F,20,A,A,B,C,B
2402,23504.0,17.6,20,5,30,F,20,A,A,C,C,B
2402,23505.0,19.7,20,75,20,F,20,A,A,C,C,B
2402,23506.0,6.6,20,25,10,F,20,A,A,C,C,B
2402,23507.0,0.0,25,0,0,F,20,A,A,C,C,B
2402,23508.0,11.1,25,0,0,F,20,A,A,C,C,B
2402,23509.0,10.1,0,0,0,F,20,A,A,C,D,B
2402,23510.0,18.6,0,20,0,F,20,A,A,C,D,C
2402,23511.0,10.1,0,25,0,F,20,A,A,C,D,C
2402,23512.0,7.5,0,0,0,F,20,A,A,C,D,C
2402,23513.0,15.0,0,0,0,F,20,A,A,D,D,C
2402,23514.0,23.0,10,0,10,F,20,A,A,D,D,C
2402,23515.0,15.0,0,0,0,M,20,A,A,D,D,C
2402,23516.0,15.0,0,0,0,M,20,C,D,D,F,E
2402,23517.0,15.0,0,0,0,M,20,C,F,F,F,F
2402,23518.0,15.0,0,0,0,M,20,,,,,
1602,23519.0,11.7,0,0,0,F,20,A,A,B,B,A
1602,23520.0,15.0,0,0,0,F,20,A,A,B,B,A
1602,23521.0,15.0,0,0,0,F,20,A,A,B,B,A
1602,23522.0,15.0,0,0,0,F,20,A,A,C,B,A
1602,23523.0,13.5,10,10,0,F,20,A,A,C,B,B
1602,23524.0,16.5,0,0,0,F,20,A,A,C,B,B
1602,23525.0,16.1,20,45,0,F,20,A,A,C,B,B
1602,23526.0,7.5,0,0,0,F,20,A,A,C,C,B
1602,23527.0,9.5,0,15,0,F,20,A,A,C,C,B
1602,23528.0,32.0,0,20,0,F,20,A,A,C,D,B
1602,23529.0,3.8,0,0,0,F,20,A,A,C,D,B
1602,23530.0,15.0,0,0,0,F,20,A,A,C,D,B
1602,23531.0,15.0,0,0,0,F,20,A,A,D,D,D
1602,23532.0,11.7,0,0,0,F,20,A,A,D,E,D
1602,23533.0,13.6,0,0,0,F,20,A,A,D,E,D
1602,23534.0,15.0,0,0,0,F,20,A,B,D,E,D
1602,23535.0,14.7,35,10,0,M,20,A,D,D,E,D
1602,23536.0,8.4,20,15,10,M,20,B,D,E,F,E
1602,23537.0,8.2,0,0,0,M,20,E,F,E,F,F
1602,23538.0,14.7,0,45,0,M,20,,,,,
1602,23539.0,13.1,30,0,0,M,20,,,,,
1602,23540.0,13.5,0,0,0,M,20,,,,,
1602,23541.0,15.0,0,0,0,M,20,,,,,
1602,23542.0,15.0,0,0,0,M,20,,,,,
4004,23543.0,15.0,0,0,0,M,20,A,A,B,B,B
4004,23544.0,7.5,0,0,0,M,20,A,A,B,B,C
4004,23545.0,15.0,0,0,0,M,20,A,A,B,C,C
4004,23546.0,22.5,0,0,10,M,20,A,A,D,D,D
4004,23547.0,15.0,0,0,0,M,20,A,A,D,D,E
4004,23548.0,16.5,0,0,0,M,20,A,A,D,D,E
4004,23549.0,15.0,0,0,0,M,20,A,A,D,D,E
4004,23550.0,15.0,0,0,0,M,20,A,A,D,D,E
4004,23551.0,15.0,0,0,0,M,20,A,A,D,D,E
4004,23552.0,11.7,25,65,5,M,20,A,A,D,D,E
4004,23553.0,15.0,0,0,0,M,20,A,A,D,D,E
4004,23554.0,9.5,0,15,0,M,20,A,A,D,D,E
4004,23555.0,7.5,0,0,0,M,20,A,A,D,D,E
4004,23556.0,18.6,0,20,0,M,20,A,A,D,D,E
4004,23557.0,15.0,0,0,0,M,20,A,A,E,E,E
4004,23558.0,15.0,0,0,0,M,20,E,F,F,F,F
4004,23559.0,15.0,0,0,0,M,20,E,F,F,F,G
4004,23560.0,15.0,0,0,0,M,20,,,,,
4004,23561.0,15.0,0,0,0,M,20,,,,,
702,23562.0,7.5,0,50,0,F,20,A,A,B,B,B
702,23563.0,15.0,0,0,0,F,20,A,A,B,B,B
702,23564.0,15.0,0,0,0,M,20,,,,,
2402,23565.0,15.0,0,0,0,F,20,A,A,A,A,A
2402,23566.0,15.0,0,0,0,F,20,A,A,B,B,A
2402,23567.0,15.0,0,0,0,F,20,A,A,B,B,A
2402,23568.0,15.0,0,0,0,F,20,A,A,B,B,B
2402,23569.0,15.0,0,0,0,F,20,A,A,B,B,B
2402,23570.0,15.0,0,0,0,F,20,A,A,B,B,B
2402,23571.0,15.0,0,0,0,F,20,A,A,B,B,C
2402,23572.0,15.0,0,0,0,F,20,A,A,B,C,C
2402,23573.0,21.8,5,5,20,F,20,A,A,C,C,C
2402,23574.0,15.0,0,0,0,F,20,A,A,D,D,D
2402,23575.0,17.3,0,30,0,M,20,A,A,D,D,D
2402,23576.0,15.0,0,0,0,M,20,A,A,D,D,D
2402,23577.0,15.0,0,0,0,M,20,,,,,
2402,23578.0,15.0,0,0,0,M,20,,,,,
2402,23579.0,15.0,0,0,0,M,20,,,,,
2402,23580.0,7.5,15,35,0,M,20,,,,,
2402,23581.0,15.0,0,0,0,M,20,,,,,
3202,23582.0,11.9,0,0,0,F,20,A,A,B,C,B
3202,23583.0,7.5,0,0,0,F,20,A,A,B,C,B
3202,23584.0,15.0,0,0,0,F,20,A,A,B,C,B
3202,23585.0,11.9,0,0,0,F,20,A,A,B,C,B
5402,23586.0,15.0,0,0,0,F,20,A,A,A,D,B
5402,23587.0,15.0,0,0,0,F,20,A,A,C,D,B
5402,23588.0,15.0,0,0,0,M,20,A,A,D,E,B
5402,23589.0,18.6,40,0,10,M,20,A,A,D,E,C
3502,23590.0,15.0,0,0,0,F,20,A,A,A,A,A
3502,23591.0,15.0,0,0,0,F,20,A,A,B,B,A
3502,23592.0,15.0,0,0,0,F,20,A,A,B,B,A
3502,23593.0,15.0,0,0,0,F,20,A,A,B,B,B
3502,23594.0,11.1,20,60,20,F,20,A,A,B,B,B
3502,23595.0,15.0,0,0,0,F,20,A,A,B,B,B
3502,23596.0,15.0,0,0,0,F,20,A,A,B,B,B
3502,23597.0,15.0,0,0,0,F,20,A,A,C,C,B
3502,23598.0,11.9,0,0,0,F,20,A,A,C,C,B
3502,23599.0,15.0,0,0,0,F,20,A,A,C,C,B
3502,23600.0,9.8,0,0,0,F,20,A,A,C,C,B
3502,23601.0,25.1,0,0,0,F,20,A,A,C,D,B
3502,23602.0,17.9,30,0,25,F,20,A,A,C,D,C
3502,23603.0,15.0,0,0,0,F,20,A,A,C,D,C
3502,23604.0,15.0,0,0,0,F,20,A,A,C,D,C
3502,23605.0,15.0,0,0,0,F,20,A,A,C,D,C
3502,23606.0,15.0,0,0,0,F,20,A,A,C,D,C
3502,23607.0,15.0,0,0,0,F,20,A,A,D,D,C
3502,23608.0,7.2,60,10,0,F,20,A,A,D,D,C
3502,23609.0,15.0,0,0,0,F,20,A,A,D,D,C
3502,23610.0,15.0,0,0,0,F,20,A,A,D,D,C
3502,23611.0,15.0,0,0,0,F,20,B,A,D,D,C
3502,23612.0,4.0,0,0,0,M,20,B,A,D,D,C
3502,23613.0,15.0,0,0,0,M,20,E,D,F,F,E
3502,23614.0,15.0,0,0,0,M,20,,,,,
3502,23615.0,15.0,0,0,0,M,20,,,,,
3502,23616.0,15.0,0,0,0,M,20,,,,,
3502,23617.0,15.0,0,0,0,M,20,,,,,
3502,23618.0,8.5,0,45,0,M,20,,,,,
3502,23619.0,15.0,0,0,0,M,20,,,,,
3502,23620.0,9.0,50,45,20,M,20,,,,,
3502,23621.0,15.0,0,0,0,M,20,,,,,
3502,23622.0,21.6,30,0,0,M,20,,,,,
3502,23623.0,7.5,25,20,5,M,20,,,,,
3502,23624.0,17.0,30,20,10,M,20,,,,,
3502,23625.0,15.0,0,0,0,M,20,,,,,
3502,23626.0,15.0,0,0,0,M,20,,,,,
3502,23627.0,13.1,15,0,0,M,20,,,,,
3502,23628.0,15.0,0,0,0,M,20,,,,,
3502,23629.0,15.0,0,0,0,M,20,,,,,
3502,23630.0,2.6,10,0,0,M,20,,,,,
3502,23631.0,15.0,0,0,0,M,20,,,,,
3502,23632.0,15.0,0,0,0,M,20,,,,,
3502,23633.0,15.0,0,0,0,M,20,,,,,
3502,23634.0,15.0,0,0,0,M,20,,,,,
4006,23635.0,15.0,0,0,0,F,20,A,A,A,B,B
4006,23636.0,15.0,0,0,0,F,20,A,A,B,B,B
4006,23637.0,7.5,50,0,0,F,20,A,A,B,B,B
4006,23638.0,15.0,0,0,0,M,20,A,A,B,C,B
4006,23639.0,15.0,0,0,0,M,20,A,A,B,C,C
4006,23640.0,15.0,0,0,0,M,20,A,A,B,D,D
4006,23641.0,11.1,30,30,40,M,20,A,A,B,D,D
4006,23642.0,11.1,30,0,0,M,20,A,A,C,D,D
4006,23643.0,0.0,0,0,0,M,20,A,A,D,D,D
4006,23644.0,19.5,50,65,5,M,20,A,A,D,D,E
4006,23645.0,14.7,0,50,0,M,20,A,A,D,D,E
4006,23646.0,42.9,40,0,0,M,20,A,A,D,D,E
4006,23647.0,4.8,10,0,0,M,20,A,A,D,D,E
4006,23648.0,14.5,0,35,15,M,20,A,A,D,D,E
4006,23649.0,19.4,0,0,0,M,20,A,A,E,D,E
4006,23650.0,0.0,0,0,0,M,20,A,A,E,E,F
4006,23651.0,40.8,20,15,20,M,20,A,A,E,E,F
4006,23652.0,19.0,20,85,20,M,20,A,A,E,E,F
4006,23653.0,48.7,0,0,0,M,20,B,A,E,E,F
2001,23654.0,0.0,0,0,0,F,20,A,A,B,B,A
2001,23655.0,0.0,0,0,0,F,20,A,A,B,B,A
2001,23656.0,0.0,0,0,0,F,20,A,A,B,C,A
2001,23657.0,0.0,0,0,0,F,20,A,A,B,C,A
2001,23658.0,0.0,0,0,0,F,20,A,B,B,C,A
2001,23659.0,0.0,0,0,0,F,20,A,B,C,D,B
2001,23660.0,0.0,0,0,0,F,20,A,D,C,D,B
2001,23661.0,0.0,0,0,0,F,20,B,D,D,E,B
2001,23662.0,0.0,0,0,0,F,20,B,D,E,E,B
2001,23663.0,0.0,0,0,0,F,20,C,D,E,E,C
2001,23664.0,0.0,0,0,0,F,20,C,D,E,E,F
2001,23665.0,0.0,0,0,0,F,20,E,D,F,F,F
2001,23666.0,0.0,0,0,0,F,20,,,,,
2001,23667.0,0.0,0,0,0,M,20,,,,,
2001,23668.0,0.0,0,0,0,M,20,,,,,
2001,23669.0,0.0,0,0,0,M,20,,,,,
3502,23670.0,0.0,0,0,0,F,20,A,A,A,B,A
3502,23671.0,0.0,0,0,0,F,20,A,B,B,D,B
3502,23672.0,0.0,0,0,0,F,20,A,B,C,D,B
3502,23673.0,0.0,0,0,0,F,20,A,C,C,D,B
3502,23674.0,0.0,0,0,0,F,20,A,D,D,D,B
3502,23675.0,0.0,0,0,0,F,20,A,D,D,D,B
3502,23676.0,0.0,0,0,0,F,20,A,D,D,D,B
3502,23677.0,0.0,0,0,0,F,20,A,D,D,D,C
3502,23678.0,0.0,0,0,0,M,20,A,D,D,E,D
3502,23679.0,0.0,0,0,0,M,20,A,D,D,E,D
3502,23680.0,0.0,0,0,0,M,20,A,D,D,E,D
3502,23681.0,0.0,0,0,0,M,20,B,D,D,F,D
3502,23682.0,0.0,0,0,0,M,20,B,D,E,F,E
3502,23683.0,0.0,0,0,0,M,20,B,D,E,F,E
3502,23684.0,0.0,0,0,0,M,20,E,F,F,F,E
3502,23685.0,0.0,0,0,0,M,20,,,,,
3502,23686.0,0.0,0,0,0,M,20,,,,,
3502,23687.0,0.0,0,0,0,M,20,,,,,
3502,23688.0,0.0,0,0,0,M,20,,,,,
3502,23689.0,0.0,0,0,0,M,20,,,,,
3502,23690.0,0.0,0,0,0,M,20,,,,,
3502,23691.0,0.0,0,0,0,M,20,,,,,
3502,23692.0,0.0,0,0,0,M,20,,,,,
3502,23693.0,0.0,0,0,0,M,20,,,,,
2001,23694.0,0.0,0,0,0,F,20,A,A,A,A,A
2001,23695.0,0.0,0,0,0,F,20,A,A,A,B,A
2001,23696.0,0.0,0,0,0,F,20,A,A,A,B,A
2001,23697.0,0.0,0,0,0,F,20,A,A,B,B,A
2001,23698.0,0.0,0,0,0,F,20,A,B,B,B,B
2001,23699.0,0.0,0,0,0,F,20,A,B,B,C,B
2001,23700.0,0.0,0,0,0,F,20,A,D,B,D,B
2001,23701.0,0.0,0,0,0,F,20,A,D,B,D,B
2001,23702.0,0.0,0,0,0,F,20,A,D,B,D,B
2001,23703.0,0.0,0,0,0,F,20,A,D,B,D,B
2001,23704.0,0.0,0,0,0,F,20,B,D,B,D,B
2001,23705.0,0.0,0,0,0,F,20,B,D,B,D,B
2001,23706.0,0.0,0,0,0,F,20,B,D,B,D,B
2001,23707.0,0.0,0,0,0,F,20,C,D,C,E,B
2001,23708.0,0.0,0,0,0,F,20,C,D,C,E,B
2001,23709.0,0.0,0,0,0,F,20,C,D,C,E,B
2001,23710.0,0.0,0,0,0,F,20,C,D,D,E,B
2001,23711.0,0.0,0,0,0,F,20,E,F,D,F,C
2001,23712.0,0.0,0,0,0,F,20,,,,,
2001,23713.0,0.0,0,0,0,M,20,,,,,
2001,23714.0,0.0,0,0,0,M,20,,,,,
3002,23715.0,0.0,0,0,0,F,20,A,A,A,A,A
3002,23716.0,0.0,0,0,0,F,20,A,A,A,B,A
3002,23717.0,0.0,0,0,0,F,20,A,A,A,B,A
3002,23718.0,0.0,0,0,0,F,20,A,B,B,B,A
3002,23719.0,0.0,0,0,0,F,20,A,B,B,B,A
3002,23720.0,0.0,0,0,0,F,20,A,B,B,B,B
3002,23721.0,0.0,0,0,0,M,20,A,D,B,B,B
3002,23722.0,0.0,0,0,0,M,20,A,D,B,B,B
3002,23723.0,0.0,0,0,0,M,20,A,D,B,C,B
3002,23724.0,0.0,0,0,0,M,20,A,D,C,C,B
3002,23725.0,0.0,0,0,0,M,20,A,D,D,C,B
3002,23726.0,0.0,0,0,0,M,20,A,D,D,C,B
3002,23727.0,0.0,0,0,0,M,20,B,D,D,D,C
3002,23728.0,0.0,0,0,0,M,20,,,,,
3002,23729.0,0.0,0,0,0,M,20,,,,,
2402,23730.0,0.0,0,0,0,F,20,A,A,B,B,A
2402,23731.0,0.0,0,0,0,F,20,A,A,B,B,A
2402,23732.0,0.0,0,0,0,F,20,A,A,B,B,A
2402,23733.0,0.0,0,0,0,F,20,A,A,B,B,A
2402,23734.0,0.0,0,0,0,F,20,A,A,B,B,A
2402,23735.0,0.0,0,0,0,F,20,A,B,B,C,B
2402,23736.0,0.0,0,0,0,F,20,A,B,B,C,B
2402,23737.0,0.0,0,0,0,F,20,A,B,B,D,B
2402,23738.0,0.0,0,0,0,F,20,A,B,C,D,B
2402,23739.0,0.0,0,0,0,F,20,A,D,C,D,B
2402,23740.0,0.0,0,0,0,F,20,A,D,D,D,B
2402,23741.0,0.0,0,0,0,F,20,A,D,D,D,B
2402,23742.0,0.0,0,0,0,M,20,A,D,D,D,C
2402,23743.0,0.0,0,0,0,M,20,A,D,D,D,C
2402,23744.0,0.0,0,0,0,M,20,A,D,D,D,C
2402,23745.0,0.0,0,0,0,M,20,B,D,D,E,C
2402,23746.0,0.0,0,0,0,M,20,B,D,E,E,D
2402,23747.0,0.0,0,0,0,M,20,B,D,E,E,D
2402,23748.0,0.0,0,0,0,M,20,E,F,E,E,D
2402,23749.0,0.0,0,0,0,M,20,E,F,E,F,E
2402,23750.0,0.0,0,0,0,M,20,,,,,
2402,23751.0,0.0,0,0,0,M,20,,,,,
2402,23752.0,0.0,0,0,0,M,20,,,,,
2402,23753.0,0.0,0,0,0,M,20,,,,,
2402,23754.0,0.0,0,0,0,M,20,,,,,
702,23755.0,0.0,0,0,0,F,20,A,A,B,B,A
702,23756.0,0.0,0,0,0,M,20,A,D,C,C,B
702,23757.0,0.0,0,0,0,M,20,A,D,C,D,C
702,23758.0,0.0,0,0,0,M,20,A,D,C,D,D
702,23759.0,0.0,0,0,0,M,20,A,D,D,D,D
702,23760.0,0.0,0,0,0,M,20,B,D,D,D,D
702,23761.0,0.0,0,0,0,M,20,B,D,E,D,E
702,23762.0,0.0,0,0,0,M,20,E,F,E,F,F
1402,23763.0,0.0,0,0,0,F,20,A,A,A,B,A
1402,23764.0,0.0,0,0,0,F,20,A,A,B,C,A
1402,23765.0,0.0,0,0,0,F,20,A,B,B,D,A
1402,23766.0,0.0,0,0,0,F,20,A,B,C,D,B
1402,23767.0,0.0,0,0,0,M,20,A,D,E,E,E
1402,23768.0,0.0,0,0,0,M,20,B,D,F,E,F
1602,23769.0,0.0,0,0,0,F,20,A,A,B,B,A
1602,23770.0,0.0,0,0,0,F,20,A,A,B,C,A
1602,23771.0,0.0,0,0,0,F,20,A,A,B,C,A
1602,23772.0,0.0,0,0,0,F,20,A,A,B,D,A
1602,23773.0,0.0,0,0,0,F,20,A,A,B,D,A
1602,23774.0,0.0,0,0,0,F,20,A,A,C,D,A
1602,23775.0,0.0,0,0,0,F,20,A,A,C,D,A
1602,23776.0,0.0,0,0,0,F,20,A,A,C,D,A
1602,23777.0,0.0,0,0,0,F,20,A,A,D,D,A
1602,23778.0,0.0,0,0,0,F,20,A,A,D,D,A
1602,23779.0,0.0,0,0,0,F,20,A,A,D,D,A
1602,23780.0,0.0,0,0,0,F,20,A,B,D,D,A
1602,23781.0,0.0,0,0,0,F,20,A,B,D,D,A
1602,23782.0,0.0,0,0,0,M,20,A,C,D,D,A
1602,23783.0,0.0,0,0,0,M,20,A,D,D,D,B
1602,23784.0,0.0,0,0,0,M,20,A,D,D,D,B
1602,23785.0,0.0,0,0,0,M,20,A,D,D,E,B
1602,23786.0,0.0,0,0,0,M,20,A,D,D,E,B
1602,23787.0,0.0,0,0,0,M,20,A,D,D,E,B
1602,23788.0,0.0,0,0,0,M,20,A,D,D,E,B
1602,23789.0,0.0,0,0,0,M,20,A,D,D,E,C
1602,23790.0,0.0,0,0,0,M,20,A,D,D,E,C
1602,23791.0,0.0,0,0,0,M,20,A,D,E,F,D
1602,23792.0,0.0,0,0,0,M,20,A,D,E,F,D
1602,23793.0,0.0,0,0,0,M,20,A,D,E,F,E
1602,23794.0,0.0,0,0,0,M,20,A,D,E,F,E
1602,23795.0,0.0,0,0,0,M,20,B,F,F,F,F
1602,23796.0,0.0,0,0,0,F,20,A,A,A,A,A
1602,23797.0,0.0,0,0,0,F,20,A,A,B,B,A
1602,23798.0,0.0,0,0,0,F,20,A,A,B,D,A
1602,23799.0,0.0,0,0,0,F,20,A,A,B,D,A
1602,23800.0,0.0,0,0,0,F,20,A,A,B,D,B
1602,23801.0,0.0,0,0,0,F,20,A,B,C,D,B
1602,23802.0,0.0,0,0,0,F,20,A,B,C,E,B
1602,23803.0,0.0,0,0,0,F,20,A,D,D,E,B
1602,23804.0,0.0,0,0,0,F,20,A,D,D,E,B
1602,23805.0,0.0,0,0,0,F,20,,,,,
1602,23806.0,0.0,0,0,0,F,20,,,,,
1602,23807.0,0.0,0,0,0,M,20,,,,,
1602,23808.0,0.0,0,0,0,M,20,,,,,
1602,23809.0,0.0,0,0,0,M,20,,,,,
1602,23810.0,0.0,0,0,0,M,20,,,,,
1602,23811.0,0.0,0,0,0,M,20,,,,,
1602,23812.0,0.0,0,0,0,M,20,,,,,
702,23813.0,0.0,0,0,0,F,20,A,A,A,A,A
702,23814.0,0.0,0,0,0,F,20,A,A,A,A,A
702,23815.0,0.0,0,0,0,F,20,A,B,B,A,B
702,23816.0,0.0,0,0,0,F,20,A,B,B,B,B
702,23817.0,0.0,0,0,0,F,20,A,B,B,B,B
702,23818.0,0.0,0,0,0,F,20,A,C,B,B,B
702,23819.0,0.0,0,0,0,F,20,A,D,B,D,B
702,23820.0,0.0,0,0,0,F,20,A,D,C,D,B
702,23821.0,0.0,0,0,0,M,20,A,D,D,D,B
702,23822.0,0.0,0,0,0,M,20,A,D,D,D,B
702,23823.0,0.0,0,0,0,M,20,A,D,D,E,C
702,23824.0,0.0,0,0,0,M,20,A,D,D,E,C
702,23825.0,0.0,0,0,0,M,20,B,D,E,F,D
702,23826.0,0.0,0,0,0,M,20,B,D,E,F,E
4004,23827.0,0.0,0,0,0,F,20,A,A,A,B,A
4004,23828.0,0.0,0,0,0,F,20,A,A,B,B,A
4004,23829.0,0.0,0,0,0,F,20,A,A,B,C,B
4004,23830.0,0.0,0,0,0,M,20,A,A,B,C,B
4004,23831.0,0.0,0,0,0,M,20,A,A,B,D,B
4004,23832.0,0.0,0,0,0,M,20,A,A,C,D,C
4004,23833.0,0.0,0,0,0,M,20,A,A,D,D,C
4004,23834.0,0.0,0,0,0,M,20,A,A,D,D,C
4004,23835.0,0.0,0,0,0,M,20,A,A,D,D,C
4004,23836.0,0.0,0,0,0,M,20,A,A,D,D,C
4004,23837.0,0.0,0,0,0,M,20,A,A,D,D,C
4004,23838.0,0.0,0,0,0,M,20,A,B,D,D,D
4004,23839.0,0.0,0,0,0,M,20,A,B,D,D,D
4004,23840.0,0.0,0,0,0,M,20,A,B,D,D,D
4004,23841.0,0.0,0,0,0,M,20,A,B,D,E,D
4004,23842.0,0.0,0,0,0,M,20,A,C,D,E,E
4004,23843.0,0.0,0,0,0,M,20,A,C,E,E,E
4004,23844.0,0.0,0,0,0,M,20,A,D,E,E,E
4004,23845.0,0.0,0,0,0,M,20,A,D,E,E,E
4004,23846.0,0.0,0,0,0,M,20,A,D,E,E,E
4004,23847.0,0.0,0,0,0,M,20,A,D,E,E,E
4004,23848.0,0.0,0,0,0,M,20,A,D,E,E,E
4004,23849.0,0.0,0,0,0,M,20,A,D,E,E,E
4004,23850.0,0.0,20,0,0,M,20,A,D,F,F,E
4004,23851.0,3.6,0,0,0,M,20,A,D,F,F,E
4004,23852.0,1.0,0,20,0,M,20,A,D,F,F,F
4004,23853.0,1.4,0,15,0,M,20,A,D,F,F,F
4004,23854.0,5.2,0,0,0,M,20,A,D,F,F,F
4004,23855.0,5.2,0,0,0,M,20,A,F,F,F,F
4004,23856.0,3.2,0,15,0,M,20,A,F,F,F,F
4004,23857.0,4.0,0,0,10,M,20,A,F,F,F,G
4004,23858.0,5.4,0,0,0,M,20,,,,,
4004,23859.0,3.4,15,0,0,M,20,,,,,
4004,23860.0,6.8,0,0,0,M,20,,,,,
4004,23861.0,0.0,0,45,0,F,20,A,A,A,B,A
4004,23862.0,3.6,0,20,0,F,20,A,A,A,C,A
4004,23863.0,6.6,0,0,0,F,20,A,A,B,C,A
4004,23864.0,7.5,0,0,0,F,20,A,A,B,C,B
4004,23865.0,7.5,0,0,0,F,20,A,A,B,C,B
4004,23866.0,7.5,0,0,0,F,20,A,A,B,D,B
4004,23867.0,7.5,0,0,0,F,20,A,A,B,D,B
4004,23868.0,7.5,0,0,0,F,20,A,A,B,D,B
4004,23869.0,7.5,0,0,0,F,20,A,A,C,D,B
4004,23870.0,7.5,0,0,0,F,20,A,A,C,D,B
4004,23871.0,7.5,0,0,0,F,20,A,A,C,D,B
4004,23872.0,7.5,0,0,0,F,20,A,A,D,D,C
4004,23873.0,7.5,0,0,0,F,20,A,A,D,D,C
4004,23874.0,7.5,0,0,0,F,20,A,A,D,D,C
4004,23875.0,7.5,0,0,0,M,20,A,A,D,D,C
4004,23876.0,7.5,0,0,0,M,20,A,A,D,D,C
4004,23877.0,7.5,0,0,0,M,20,A,A,D,D,C
4004,23878.0,7.5,0,0,0,M,20,A,A,D,D,C
4004,23879.0,7.5,0,0,0,M,20,A,A,D,D,C
4004,23880.0,7.5,0,0,0,M,20,A,A,D,D,C
4004,23881.0,7.5,0,0,0,M,20,A,A,D,D,C
4004,23882.0,7.4,0,0,0,M,20,A,A,D,D,C
4004,23883.0,7.5,0,0,0,M,20,A,A,D,D,C
4004,23884.0,7.5,0,0,0,M,20,A,A,D,D,D
4004,23885.0,7.5,0,0,0,M,20,A,A,D,D,D
4004,23886.0,7.5,0,0,0,M,20,A,A,D,D,D
4004,23887.0,7.6,0,0,0,M,20,A,A,D,D,D
4004,23888.0,7.8,0,0,0,M,20,A,A,D,D,D
4004,23889.0,7.8,0,0,0,M,20,A,A,D,D,D
4004,23890.0,2.0,30,10,0,M,20,A,A,D,D,D
4004,23891.0,6.4,10,0,0,M,20,A,A,D,E,D
4004,23892.0,8.4,0,0,0,M,20,A,A,D,E,D
4004,23893.0,8.4,0,0,0,M,20,A,A,D,E,E
4004,23894.0,9.2,0,0,0,M,20,A,A,E,E,E
4004,23895.0,0.0,0,0,0,M,20,A,A,E,E,E
4004,23896.0,9.4,0,0,0,M,20,A,A,E,E,E
4004,23897.0,7.5,0,15,0,M,20,A,A,E,E,E
4004,23898.0,10.1,0,0,0,M,20,A,A,E,E,E
4004,23899.0,0.0,20,45,0,M,20,A,A,E,E,E
4004,23900.0,0.0,40,10,20,M,20,A,B,E,E,E
4004,23901.0,10.6,0,0,0,M,20,A,B,E,E,E
4004,23902.0,10.6,0,0,0,M,20,A,B,E,E,E
4004,23903.0,0.0,0,0,0,M,20,A,B,E,E,E
4004,23904.0,11.1,0,0,0,M,20,A,B,E,E,F
4004,23905.0,0.0,0,0,0,M,20,A,B,E,E,F
4004,23906.0,11.1,0,0,0,M,20,A,B,E,E,F
4004,23907.0,9.5,0,0,10,M,20,A,C,E,E,F
4004,23908.0,2.2,60,0,0,M,20,A,C,E,E,F
4004,23909.0,0.0,0,0,0,M,20,A,C,E,E,F
4004,23910.0,0.0,0,0,0,M,20,A,D,E,E,F
4004,23911.0,0.0,0,0,0,M,20,A,D,E,E,F
4004,23912.0,0.0,0,0,0,M,20,A,D,E,E,F
4004,23913.0,0.0,0,0,0,M,20,A,D,E,F,F
4004,23914.0,11.5,0,0,0,M,20,A,D,E,F,F
4004,23915.0,6.2,30,5,0,M,20,A,D,E,F,F
4004,23916.0,4.6,0,50,0,M,20,A,D,E,F,F
4004,23917.0,12.1,0,0,0,M,20,A,D,E,F,F
4004,23918.0,11.9,0,0,0,M,20,A,D,E,F,F
4004,23919.0,0.0,0,0,0,M,20,A,D,E,F,F
4004,23920.0,2.0,0,0,0,M,20,A,D,E,F,F
4004,23921.0,0.0,0,0,0,M,20,A,D,E,F,F
4004,23922.0,9.2,0,20,0,M,20,A,D,E,F,F
4004,23923.0,12.5,0,0,0,M,20,A,D,E,F,F
4004,23924.0,1.6,0,0,0,M,20,A,D,F,F,F
4004,23925.0,0.0,0,0,0,M,20,A,D,F,F,F
4004,23926.0,12.9,0,0,0,M,20,A,D,F,F,F
4004,23927.0,9.4,25,0,0,M,20,A,D,F,F,F
4004,23928.0,8.5,0,15,15,M,20,A,D,F,F,F
4004,23929.0,0.0,0,0,0,M,20,A,D,F,F,F
4004,23930.0,0.0,0,0,0,M,20,A,D,F,F,F
4004,23931.0,0.0,0,0,0,M,20,A,D,F,F,F
4004,23932.0,6.2,20,0,30,M,20,A,D,F,F,F
4004,23933.0,0.0,0,0,0,M,20,A,D,F,F,G
4004,23934.0,11.0,0,15,0,M,20,A,D,F,F,G
4004,23935.0,0.0,0,0,0,M,20,A,D,F,F,G
4004,23936.0,0.0,0,0,0,M,20,A,D,F,F,G
4004,23937.0,0.0,0,0,0,M,20,A,D,F,F,G
4004,23938.0,0.0,0,0,0,M,20,B,F,F,F,G
4004,23939.0,2.6,0,0,0,M,20,B,F,F,F,G
4004,23940.0,0.0,0,0,0,M,20,B,F,F,F,G
4004,23941.0,0.0,0,0,0,M,20,E,F,F,,G
4004,23942.0,6.6,25,15,5,M,20,,,,,
4004,23943.0,0.0,0,0,0,M,20,,,,,
4004,23944.0,2.2,0,0,0,M,20,,,,,
4004,23945.0,14.4,0,0,0,M,20,,,,,
4004,23946.0,2.0,0,0,0,M,20,,,,,
4004,23947.0,14.3,0,0,0,M,20,,,,,
4004,23948.0,11.0,0,0,25,M,20,,,,,
4004,23949.0,4.2,20,0,50,M,20,,,,,
4301,23950.0,15.0,0,0,0,F,20,A,A,B,D,B
4301,23951.0,15.0,0,0,0,F,20,A,A,B,D,C
4301,23952.0,7.6,30,20,0,F,20,A,A,B,D,C
4301,23953.0,15.0,0,0,0,F,20,A,A,C,D,C
4301,23954.0,15.0,0,0,0,F,20,A,A,D,D,C
4301,23955.0,15.0,0,0,0,F,20,A,A,D,E,D
4301,23956.0,15.0,0,0,0,F,20,A,A,D,E,D
4301,23957.0,15.0,0,0,0,F,20,A,A,D,E,D
4301,23958.0,15.0,0,0,0,F,20,A,A,D,E,D
4301,23959.0,15.0,0,0,0,F,20,A,B,E,E,E
4301,23960.0,15.0,0,0,0,M,20,A,B,E,E,E
4301,23961.0,15.0,0,0,0,M,20,A,B,E,E,E
4301,23962.0,15.0,0,0,0,M,20,A,B,E,E,E
4301,23963.0,6.4,10,0,50,M,20,A,D,E,E,E
4301,23964.0,4.4,0,0,0,M,20,A,D,E,E,E
4301,23965.0,9.5,0,40,0,M,20,A,D,E,E,E
4301,23966.0,15.9,0,0,0,M,20,A,D,E,F,E
4301,23967.0,4.0,70,0,10,M,20,A,D,E,F,F
4301,23968.0,2.6,0,0,0,M,20,A,D,E,F,F
4301,23969.0,16.2,0,0,0,M,20,B,D,F,F,F
4301,23970.0,16.3,0,0,0,M,20,B,D,F,F,F
4301,23971.0,8.4,0,35,20,M,20,B,D,F,F,F
4301,23972.0,5.2,0,0,0,M,20,B,F,F,F,F
4301,23973.0,5.2,0,0,0,M,20,B,F,F,F,G
4301,23974.0,16.3,0,0,0,M,20,,,,,
4301,23975.0,16.3,0,0,0,M,20,,,,,
4301,23976.0,10.8,40,0,0,M,20,,,,,
4301,23977.0,7.5,0,0,0,M,20,,,,,
4301,23978.0,3.6,0,0,0,M,20,,,,,
4301,23979.0,15.6,0,0,10,M,20,,,,,
4301,23980.0,5.8,10,15,50,M,20,,,,,
3502,23981.0,17.0,0,0,0,F,20,A,A,A,B,A
3502,23982.0,6.8,25,45,0,F,20,A,A,A,B,A
3502,23983.0,17.6,0,0,0,F,20,A,A,B,C,A
3502,23984.0,2.4,0,0,15,F,20,A,A,B,C,A
3502,23985.0,17.6,0,0,0,F,20,A,A,B,C,A
3502,23986.0,15.0,0,0,20,F,20,A,A,B,C,A
3502,23987.0,17.9,0,0,0,F,20,A,A,B,C,A
3502,23988.0,18.0,0,0,0,F,20,A,A,B,C,A
3502,23989.0,17.8,0,0,0,F,20,A,A,B,C,A
3502,23990.0,7.5,0,0,0,F,20,A,A,C,C,A
3502,23991.0,3.2,20,70,10,F,20,A,A,C,C,A
3502,23992.0,18.4,0,0,0,F,20,A,A,C,C,B
3502,23993.0,10.9,50,0,0,F,20,A,A,C,D,B
3502,23994.0,0.0,50,0,0,F,20,A,A,C,D,B
3502,23995.0,2.6,25,5,0,F,20,A,A,C,D,B
3502,23996.0,10.5,10,30,15,F,20,A,A,C,D,B
3502,23997.0,7.5,0,0,0,F,20,A,A,C,D,B
3502,23998.0,7.4,75,0,0,F,20,A,A,C,D,B
3502,23999.0,18.9,0,0,0,F,20,A,A,C,D,B
3502,24000.0,7.5,0,0,0,F,20,A,A,C,D,B
3502,24001.0,7.5,0,0,0,F,20,A,A,C,D,B
3502,24002.0,7.5,0,0,0,F,20,A,A,C,D,B
3502,24003.0,7.5,0,0,0,F,20,A,A,C,D,B
3502,24004.0,7.5,0,0,0,F,20,A,A,D,D,B
3502,24005.0,7.5,0,0,0,F,20,A,A,D,D,B
3502,24006.0,7.5,0,0,0,F,20,A,A,D,D,B
3502,24007.0,15.0,0,25,0,F,20,A,A,D,D,B
3502,24008.0,7.5,0,0,0,F,20,A,A,D,D,B
3502,24009.0,7.5,0,0,0,F,20,A,A,D,D,B
3502,24010.0,7.5,0,0,0,F,20,A,A,D,D,B
3502,24011.0,7.5,0,0,0,F,20,A,A,D,D,C
3502,24012.0,7.5,0,0,0,F,20,A,A,D,D,C
3502,24013.0,7.5,0,0,0,F,20,A,A,D,D,C
3502,24014.0,7.5,0,0,0,F,20,A,A,D,D,C
3502,24015.0,18.6,0,0,0,F,20,A,A,D,D,C
3502,24016.0,7.5,0,0,0,F,20,A,A,D,D,C
3502,24017.0,7.5,0,0,0,M,20,A,B,D,D,C
3502,24018.0,7.5,0,0,0,M,20,A,B,D,D,C
3502,24019.0,7.5,0,0,0,M,20,A,B,D,D,D
3502,24020.0,7.5,0,0,0,M,20,A,B,D,D,D
3502,24021.0,7.5,0,0,0,M,20,A,B,D,D,D
3502,24022.0,7.5,0,0,0,M,20,A,B,D,D,D
3502,24023.0,19.2,0,0,0,M,20,A,D,E,E,E
3502,24024.0,19.4,0,0,0,M,20,A,D,E,E,E
3502,24025.0,7.4,0,0,0,M,20,A,D,E,E,E
3502,24026.0,7.8,0,30,50,M,20,A,D,E,E,E
3502,24027.0,7.5,0,0,0,M,20,A,D,E,E,E
3502,24028.0,16.3,25,0,0,M,20,A,D,E,E,E
3502,24029.0,7.5,0,0,0,M,20,A,D,E,E,E
3502,24030.0,7.5,0,0,0,M,20,A,D,E,E,E
3502,24031.0,3.4,10,10,0,M,20,A,D,E,E,E
3502,24032.0,7.5,0,0,0,M,20,A,D,E,E,E
3502,24033.0,7.5,10,0,0,M,20,A,D,E,E,E
3502,24034.0,8.4,60,20,0,M,20,A,D,E,E,E
3502,24035.0,7.5,0,0,0,M,20,A,D,E,E,E
3502,24036.0,9.1,0,0,0,M,20,A,D,E,E,E
3502,24037.0,7.0,0,0,0,M,20,A,D,E,F,E
3502,24038.0,7.5,0,0,0,M,20,A,D,E,F,E
3502,24039.0,7.5,0,0,0,M,20,A,D,E,F,E
3502,24040.0,13.6,0,45,0,M,20,A,D,E,F,E
3502,24041.0,8.1,0,0,0,M,20,A,D,E,F,E
3502,24042.0,18.9,10,0,0,M,20,A,D,F,F,E
3502,24043.0,9.5,0,0,0,M,20,A,D,F,F,F
3502,24044.0,20.2,0,0,0,M,20,A,D,F,F,F
3502,24045.0,10.2,70,0,0,M,20,A,D,F,F,F
3502,24046.0,9.7,0,0,0,M,20,A,D,F,F,F
3502,24047.0,6.8,20,0,0,M,20,A,D,F,F,F
2001,24048.0,18.6,20,0,0,F,20,A,A,A,B,A
2001,24049.0,21.4,0,0,0,F,20,A,A,B,B,A
2001,24050.0,9.4,0,0,0,F,20,A,A,B,B,A
2001,24051.0,8.8,0,0,0,F,20,A,A,B,B,A
2001,24052.0,9.1,0,0,0,F,20,A,A,B,B,A
2001,24053.0,1.0,15,30,20,F,20,A,A,B,B,A
2001,24054.0,18.5,0,20,0,F,20,A,A,B,B,A
2001,24055.0,13.6,55,0,0,F,20,A,A,B,B,A
2001,24056.0,3.8,15,30,0,F,20,A,A,B,B,A
2001,24057.0,9.5,0,0,0,F,20,A,A,B,B,A
2001,24058.0,21.8,0,0,0,F,20,A,A,B,B,A
2001,24059.0,22.0,0,0,0,F,20,A,A,B,B,A
2001,24060.0,8.4,0,0,0,F,20,A,A,B,B,A
2001,24061.0,9.5,0,10,0,F,20,A,A,B,B,A
2001,24062.0,8.6,50,30,10,F,20,A,A,B,B,A
2001,24063.0,12.2,30,35,0,F,20,A,A,B,B,A
2001,24064.0,11.1,0,0,0,F,20,A,A,B,C,A
2001,24065.0,8.5,0,0,0,F,20,A,A,B,C,A
2001,24066.0,4.0,70,50,0,F,20,A,A,B,C,A
2001,24067.0,22.5,0,0,0,F,20,A,A,B,C,B
2001,24068.0,0.0,0,0,0,F,20,A,A,B,C,B
2001,24069.0,0.0,0,0,0,F,20,A,A,B,C,B
2001,24070.0,0.0,0,0,0,F,20,A,A,B,C,B
2001,24071.0,22.5,0,0,0,F,20,A,A,B,C,B
2001,24072.0,11.3,0,0,0,F,20,A,A,B,C,B
2001,24073.0,0.0,0,0,0,F,20,A,A,C,C,B
2001,24074.0,22.5,0,0,0,F,20,A,A,C,C,B
2001,24075.0,0.0,0,0,0,F,20,A,A,C,C,B
2001,24076.0,0.0,0,0,0,F,20,A,A,C,D,B
2001,24077.0,8.9,0,0,0,F,20,A,A,C,D,B
2001,24078.0,7.5,0,15,10,F,20,A,A,C,D,B
2001,24079.0,3.4,0,50,0,F,20,A,A,C,D,B
2001,24080.0,0.0,0,0,0,F,20,A,A,C,D,B
2001,24081.0,0.0,0,0,0,F,20,A,A,C,D,B
2001,24082.0,0.0,0,0,0,F,20,A,A,C,D,B
2001,24083.0,22.5,0,0,0,F,20,A,A,C,D,B
2001,24084.0,11.5,0,0,0,F,20,A,A,C,D,B
2001,24085.0,10.2,40,40,0,F,20,A,A,D,D,B
2001,24086.0,22.5,0,0,0,F,20,A,A,D,D,B
2001,24087.0,10.1,0,0,0,F,20,A,A,D,D,B
2001,24088.0,0.0,0,0,0,F,20,A,B,D,D,B
2001,24089.0,0.0,0,0,0,F,20,A,B,D,D,B
2001,24090.0,22.3,0,0,0,F,20,A,B,D,D,B
2001,24091.0,11.3,0,0,0,F,20,A,B,D,D,B
2001,24092.0,0.0,0,0,0,F,20,A,B,D,D,B
2001,24093.0,7.5,25,0,0,F,20,A,B,D,D,B
2001,24094.0,22.5,0,0,0,F,20,A,B,D,D,B
2001,24095.0,0.0,0,0,0,F,20,A,B,D,D,B
2001,24096.0,0.0,0,0,0,F,20,A,B,D,D,B
2001,24097.0,0.0,0,0,0,F,20,A,C,D,D,C
2001,24098.0,22.5,0,0,0,F,20,A,D,D,D,C
2001,24099.0,0.0,0,0,0,F,20,A,D,D,D,C
2001,24100.0,0.0,0,0,0,F,20,A,D,D,D,C
2001,24101.0,0.0,0,0,0,F,20,A,D,D,D,C
2001,24102.0,0.0,0,0,0,F,20,A,D,D,D,C
2001,24103.0,19.0,25,0,0,F,20,A,D,D,D,C
2001,24104.0,8.5,10,0,0,F,20,A,D,D,D,C
2001,24105.0,10.1,10,0,0,F,20,A,D,D,D,C
2001,24106.0,10.1,10,0,0,F,20,A,D,D,D,D
2001,24107.0,4.0,45,50,30,F,20,A,D,D,D,D
2001,24108.0,11.7,0,0,0,F,20,A,D,D,D,D
2001,24109.0,5.2,50,0,0,F,20,A,D,D,D,D
2001,24110.0,11.5,0,0,0,F,20,A,D,D,D,D
2001,24111.0,0.0,0,0,0,F,20,A,D,D,D,D
2001,24112.0,7.5,20,0,10,F,20,A,D,D,E,D
2001,24113.0,9.5,0,0,0,F,20,A,D,D,E,D
2001,24114.0,0.0,0,0,0,F,20,A,D,D,E,D
2001,24115.0,9.5,0,0,0,F,20,A,D,D,E,D
2001,24116.0,23.0,0,0,0,F,20,A,D,E,E,D
2001,24117.0,8.0,0,10,0,F,20,A,D,E,E,E
2001,24118.0,9.5,0,10,0,F,20,A,D,E,E,E
2001,24119.0,10.4,10,60,15,F,20,A,D,E,E,E
2001,24120.0,0.0,0,0,0,F,20,A,D,E,E,E
2001,24121.0,1.0,0,0,0,F,20,A,D,E,E,E
2001,24122.0,7.5,0,0,30,F,20,A,D,E,E,E
2001,24123.0,0.0,0,0,10,F,20,B,D,E,E,E
2001,24124.0,11.1,0,0,0,F,20,B,D,E,E,E
2001,24125.0,23.4,0,0,0,F,20,B,D,E,E,E
2001,24126.0,0.0,10,0,0,F,20,B,D,E,E,E
2001,24127.0,10.0,0,0,0,F,20,B,D,E,E,E
2001,24128.0,6.6,10,15,0,F,20,B,D,F,F,F
2001,24129.0,7.6,0,20,0,F,20,B,D,F,F,F
2001,24130.0,9.6,70,15,10,F,20,B,D,F,F,F
2001,24131.0,16.6,20,0,30,F,20,B,D,F,F,F
2001,24132.0,9.1,10,15,0,F,20,B,D,F,F,F
2001,24133.0,8.2,30,0,0,F,20,B,D,F,F,F
2001,24134.0,23.8,0,0,0,F,20,B,D,F,F,F
2001,24135.0,11.3,10,0,0,F,20,B,D,F,F,F
2001,24136.0,12.7,0,0,0,F,20,C,D,F,F,F
2001,24137.0,3.4,0,45,0,F,20,E,F,F,F,F
2001,24138.0,1.6,0,0,0,F,20,E,F,F,F,G
2001,24139.0,10.0,20,0,0,F,20,E,F,F,F,G
2001,24140.0,15.0,10,0,50,F,20,,,,,
2001,24141.0,7.5,0,20,0,M,20,,,,,
2001,24142.0,7.6,50,20,40,M,20,,,,,
2001,24143.0,1.6,0,0,0,M,20,,,,,
2001,24144.0,10.7,0,0,0,M,20,,,,,
2001,24145.0,12.1,0,0,0,M,20,,,,,
2001,24146.0,0.0,0,0,0,M,20,,,,,
2001,24147.0,0.0,0,0,0,M,20,,,,,
2001,24148.0,11.9,0,0,0,M,20,,,,,
2001,24149.0,8.2,20,5,10,M,20,,,,,
2001,24150.0,20.0,20,0,0,M,20,,,,,
2001,24151.0,11.9,0,0,0,M,20,,,,,
2501,24152.0,0.0,15,70,0,F,20,A,A,B,B,A
2501,24153.0,0.0,0,0,0,F,20,A,A,B,B,A
2501,24154.0,0.0,0,0,0,F,20,A,A,C,D,A
2501,24155.0,0.0,0,0,0,F,20,A,A,C,D,A
2501,24156.0,0.0,0,0,0,F,20,A,A,C,D,A
2501,24157.0,0.0,0,0,0,F,20,A,A,C,D,A
2501,24158.0,0.0,0,0,15,F,20,A,A,C,D,A
2501,24159.0,0.0,0,10,5,F,20,A,A,D,D,B
2501,24160.0,10.1,0,0,20,F,20,A,A,D,D,B
2501,24161.0,19.0,20,5,10,F,20,A,A,D,D,B
2501,24162.0,0.0,0,0,0,F,20,A,A,D,D,B
2501,24163.0,9.6,35,45,20,F,20,A,A,D,D,C
2501,24164.0,7.5,0,25,0,F,20,A,A,D,D,C
2501,24165.0,2.6,0,0,0,F,20,A,A,D,D,C
2501,24166.0,11.3,0,0,0,F,20,A,A,E,E,C
2501,24167.0,8.9,0,15,0,F,20,A,A,E,E,D
2501,24168.0,9.9,25,0,0,F,20,A,A,E,E,D
2501,24169.0,1.0,0,0,10,F,20,A,A,E,E,D
2501,24170.0,3.6,0,0,0,F,20,A,A,E,E,D
2501,24171.0,17.7,0,15,30,F,20,A,A,E,E,D
2501,24172.0,11.2,60,10,20,F,20,A,A,E,E,D
2501,24173.0,22.5,0,5,10,F,20,A,A,E,E,D
2501,24174.0,11.3,0,0,0,F,20,A,B,E,E,D
2501,24175.0,9.7,0,0,15,F,20,A,B,E,E,D
2501,24176.0,1.6,0,0,0,F,20,A,B,E,E,E
2501,24177.0,11.8,0,0,0,F,20,A,C,E,F,E
2501,24178.0,2.2,80,0,0,M,20,B,F,F,F,F
2501,24179.0,7.4,40,5,0,M,20,C,F,F,F,F
2501,24180.0,25.2,0,0,0,M,20,C,F,F,F,F
2501,24181.0,9.5,20,10,0,M,20,E,F,F,F,G
2501,24182.0,9.5,25,0,0,M,20,,,,,
2501,24183.0,0.0,0,0,0,M,20,,,,,
2501,24184.0,0.0,0,0,0,M,20,,,,,
2501,24185.0,0.0,0,0,0,M,20,,,,,
2501,24186.0,13.1,0,0,0,M,20,,,,,
2501,24187.0,11.3,20,0,0,M,20,,,,,
2501,24188.0,3.8,25,30,0,M,20,,,,,
2501,24189.0,0.0,0,0,0,M,20,,,,,
2501,24190.0,6.0,10,30,0,M,20,,,,,
1402,24191.0,11.3,20,0,0,F,20,A,A,A,A,A
1402,24192.0,7.5,0,30,0,F,20,A,A,B,A,A
1402,24193.0,11.1,0,15,0,F,20,A,A,B,A,A
1402,24194.0,15.0,0,0,0,M,20,A,A,D,D,B
1402,24195.0,15.0,0,0,0,M,20,A,A,D,D,B
1402,24196.0,15.0,0,0,0,M,20,A,A,D,D,B
1402,24197.0,15.0,0,0,0,M,20,A,A,D,D,B
1402,24198.0,13.8,0,0,0,M,20,A,A,D,D,C
1402,24199.0,12.9,0,0,0,M,20,A,B,D,E,C
1402,24200.0,15.0,0,0,0,M,20,A,B,D,E,C
1402,24201.0,15.0,0,0,0,M,20,A,C,D,E,D
1402,24202.0,15.0,0,0,0,M,20,A,D,D,E,D
1402,24203.0,16.0,30,20,15,M,20,A,D,E,E,D
1402,24204.0,15.0,0,0,0,M,20,A,D,E,E,D
1402,24205.0,15.0,0,0,0,M,20,A,D,E,E,E
1402,24206.0,8.5,30,0,0,M,20,A,D,E,F,E
1402,24207.0,15.0,0,0,0,M,20,A,D,E,F,E
1402,24208.0,15.0,0,0,0,M,20,A,D,E,F,E
1402,24209.0,15.0,0,0,0,M,20,A,D,E,F,E
1402,24210.0,15.0,0,0,0,M,20,B,D,E,F,F
1402,24211.0,15.0,0,0,0,M,20,B,D,E,F,F
1502,24212.0,3.8,0,0,0,F,20,A,A,B,B,A
1502,24213.0,15.0,0,0,0,F,20,A,A,C,B,A
1502,24214.0,2.4,10,0,0,F,20,A,A,C,B,B
1502,24215.0,15.0,0,0,0,F,20,A,A,C,C,B
1502,24216.0,0.6,10,0,10,F,20,A,A,C,C,B
1502,24217.0,15.0,0,0,0,F,20,A,A,C,C,B
1502,24218.0,15.0,0,0,0,F,20,A,A,C,D,B
1502,24219.0,26.4,0,0,0,F,20,A,A,C,D,B
1502,24220.0,13.3,0,0,0,F,20,A,A,C,D,B
1502,24221.0,5.8,0,30,15,F,20,A,A,C,D,B
1502,24222.0,8.9,10,15,0,F,20,A,A,C,D,B
1502,24223.0,15.0,0,0,0,F,20,A,A,D,D,B
1502,24224.0,12.7,0,0,0,F,20,A,A,D,D,C
1502,24225.0,15.0,0,0,0,F,20,A,A,D,D,C
1502,24226.0,15.0,0,0,0,F,20,A,A,D,D,C
1502,24227.0,7.5,0,35,0,F,20,A,A,D,D,C
1502,24228.0,22.6,0,25,0,F,20,A,B,D,D,D
1502,24229.0,26.2,0,0,0,F,20,A,B,D,D,D
1502,24230.0,15.0,0,0,0,M,20,A,B,D,D,D
1502,24231.0,26.9,0,0,0,M,20,A,B,D,D,D
1502,24232.0,13.1,30,20,40,M,20,A,B,E,D,D
1502,24233.0,13.5,10,0,0,M,20,A,B,E,E,D
1502,24234.0,0.0,0,0,0,M,20,A,C,E,E,D
1502,24235.0,1.6,5,15,0,M,20,A,D,E,E,D
1502,24236.0,0.0,0,0,0,M,20,A,D,E,E,D
1502,24237.0,0.0,0,0,0,M,20,A,D,E,E,D
1502,24238.0,0.0,0,0,0,M,20,A,D,E,E,D
1502,24239.0,0.0,0,0,0,M,20,A,D,E,E,E
1502,24240.0,0.0,0,30,0,M,20,A,D,E,F,E
1502,24241.0,2.0,30,85,50,M,20,A,D,E,F,E
1502,24242.0,26.9,0,0,0,M,20,A,D,E,F,E
1502,24243.0,8.1,50,0,0,M,20,A,D,E,F,E
1502,24244.0,0.0,0,0,0,M,20,A,D,E,F,E
1502,24245.0,5.2,10,20,40,M,20,B,D,F,F,F
1502,24246.0,0.0,0,0,0,M,20,,,,,
1502,24247.0,0.0,0,0,0,M,20,,,,,
1502,24248.0,0.0,0,0,0,M,20,,,,,
1502,24249.0,0.0,0,0,0,M,20,,,,,
1502,24250.0,0.0,0,0,0,M,20,,,,,
1502,24251.0,0.0,0,0,0,M,20,,,,,
1602,24252.0,7.5,10,45,0,F,20,A,A,A,B,A
1602,24253.0,0.0,25,5,0,F,20,A,A,A,B,A
1602,24254.0,22.5,20,10,0,F,20,A,A,A,B,A
1602,24255.0,15.0,0,0,0,F,20,A,A,A,B,A
1602,24256.0,15.0,0,0,0,F,20,A,A,B,B,A
1602,24257.0,15.0,0,0,0,F,20,A,A,B,B,A
1602,24258.0,15.0,0,0,0,F,20,A,A,B,B,A
1602,24259.0,0.0,0,25,0,F,20,A,A,B,B,A
1602,24260.0,5.0,0,0,0,F,20,A,A,B,C,A
1602,24261.0,17.1,0,65,0,F,20,A,A,B,C,A
1602,24262.0,14.7,0,0,0,F,20,A,A,B,C,A
1602,24263.0,15.0,0,0,0,F,20,A,A,B,C,A
1602,24264.0,15.0,0,0,0,F,20,A,A,B,C,A
1602,24265.0,27.3,0,0,0,F,20,A,A,B,C,A
1602,24266.0,6.0,0,0,0,F,20,A,A,C,C,A
1602,24267.0,2.0,0,0,20,F,20,A,A,C,C,A
1602,24268.0,3.6,5,0,5,F,20,A,A,C,C,A
1602,24269.0,3.4,0,0,10,F,20,A,A,C,C,A
1602,24270.0,15.0,0,0,0,F,20,A,A,C,C,B
1602,24271.0,2.2,10,35,30,F,20,A,A,C,C,B
1602,24272.0,15.0,0,0,0,F,20,A,A,C,C,B
1602,24273.0,15.0,0,0,0,F,20,A,A,C,C,B
1602,24274.0,22.8,20,0,10,F,20,A,A,C,D,B
1602,24275.0,27.1,0,0,0,F,20,A,A,C,D,B
1602,24276.0,15.5,10,0,0,F,20,A,A,C,D,B
1602,24277.0,16.0,0,0,0,F,20,A,A,C,D,B
1602,24278.0,15.0,0,0,0,F,20,A,A,C,D,B
1602,24279.0,15.0,0,0,0,F,20,A,A,C,D,B
1602,24280.0,15.0,0,0,0,F,20,A,A,C,D,B
1602,24281.0,22.5,30,0,0,F,20,A,A,C,D,B
1602,24282.0,15.0,10,0,0,F,20,A,A,C,D,B
1602,24283.0,12.5,0,10,0,F,20,A,A,C,D,B
1602,24284.0,1.0,0,0,0,F,20,A,A,C,D,B
1602,24285.0,23.8,0,25,0,F,20,A,A,C,D,B
1602,24286.0,0.0,20,15,0,F,20,A,A,C,D,B
1602,24287.0,7.5,25,15,20,F,20,A,A,D,D,B
1602,24288.0,15.0,0,0,0,F,20,A,A,D,D,C
1602,24289.0,15.0,0,0,0,F,20,A,A,D,D,C
1602,24290.0,15.0,0,0,0,F,20,A,A,D,D,C
1602,24291.0,16.0,0,0,0,F,20,A,A,D,D,C
1602,24292.0,15.0,0,0,0,F,20,A,A,D,D,C
1602,24293.0,15.0,0,0,0,F,20,A,A,D,D,C
1602,24294.0,15.0,0,0,0,F,20,A,A,D,D,C
1602,24295.0,18.0,0,70,0,F,20,A,A,D,E,C
1602,24296.0,28.4,0,0,0,F,20,A,A,D,E,C
1602,24297.0,14.9,0,0,0,F,20,A,A,D,E,C
1602,24298.0,15.0,0,0,0,F,20,A,A,D,E,C
1602,24299.0,4.8,80,0,5,F,20,A,A,D,E,D
1602,24300.0,28.5,0,0,0,F,20,A,A,D,E,D
1602,24301.0,15.0,0,0,0,F,20,A,A,D,E,D
1602,24302.0,13.7,10,15,0,F,20,A,A,D,E,D
1602,24303.0,1.6,0,0,0,F,20,A,A,D,E,D
1602,24304.0,9.9,35,15,0,F,20,A,B,E,E,D
1602,24305.0,15.0,0,0,0,F,20,A,B,E,E,D
1602,24306.0,6.4,10,0,0,F,20,A,B,E,E,D
1602,24307.0,15.0,0,0,0,F,20,A,B,E,E,D
1602,24308.0,12.9,15,0,15,F,20,A,B,E,E,D
1602,24309.0,10.3,0,30,0,F,20,A,B,E,E,E
1602,24310.0,15.0,0,0,0,F,20,A,B,E,E,E
1602,24311.0,15.0,0,0,0,F,20,A,B,E,E,E
1602,24312.0,15.0,0,0,0,F,20,A,B,E,E,E
1602,24313.0,15.0,0,0,0,M,20,A,B,E,E,E
1602,24314.0,15.0,0,0,0,M,20,A,B,E,E,E
1602,24315.0,4.8,10,45,100,M,20,A,B,E,E,E
1602,24316.0,15.0,0,0,0,M,20,A,B,E,E,E
1602,24317.0,15.0,0,0,0,M,20,A,B,E,E,E
1602,24318.0,15.0,0,0,0,M,20,A,C,E,E,E
1602,24319.0,1.6,0,0,10,M,20,A,D,E,E,E
1602,24320.0,18.1,0,0,0,M,20,A,D,E,E,E
1602,24321.0,0.0,0,45,0,M,20,A,D,E,E,E
1602,24322.0,7.5,0,0,0,M,20,A,D,E,E,E
1602,24323.0,6.4,0,0,0,M,20,A,D,E,E,E
1602,24324.0,2.0,0,0,0,M,20,A,D,E,E,E
1602,24325.0,4.4,0,0,0,M,20,A,D,E,E,E
1602,24326.0,12.1,0,10,15,M,20,A,D,E,E,E
1602,24327.0,0.0,50,0,0,M,20,A,D,E,E,E
1602,24328.0,2.0,0,0,0,M,20,A,D,E,E,E
1602,24329.0,2.0,0,0,0,M,20,A,D,E,E,E
1602,24330.0,15.0,0,10,0,M,20,A,D,E,E,E
1602,24331.0,2.0,0,0,0,M,20,A,D,E,E,E
1602,24332.0,28.9,0,0,0,M,20,A,D,E,E,E
1602,24333.0,9.7,0,35,0,M,20,A,D,E,E,E
1602,24334.0,18.0,0,0,0,M,20,A,D,E,E,E
1602,24335.0,8.2,0,0,0,M,20,A,D,E,E,E
1602,24336.0,21.2,35,5,10,M,20,A,D,E,E,E
1602,24337.0,2.0,0,0,0,M,20,A,D,E,E,E
1602,24338.0,15.0,0,0,10,M,20,A,D,E,E,E
1602,24339.0,17.8,0,0,0,M,20,A,D,E,E,E
1602,24340.0,17.0,0,0,0,M,20,A,D,E,E,E
1602,24341.0,17.0,0,0,0,M,20,A,D,E,E,F
1602,24342.0,3.6,0,0,0,M,20,A,D,E,E,F
1602,24343.0,2.4,0,0,0,M,20,A,D,E,E,F
1602,24344.0,0.0,0,15,0,M,20,A,D,E,E,F
1602,24345.0,11.9,25,0,0,M,20,A,D,E,F,F
1602,24346.0,14.1,25,75,0,M,20,A,D,E,F,F
1602,24347.0,13.5,10,5,15,M,20,A,D,E,F,F
1602,24348.0,2.6,0,30,0,M,20,A,D,E,F,F
1602,24349.0,16.5,10,0,0,M,20,A,D,E,F,F
1602,24350.0,3.8,0,0,0,M,20,A,D,F,F,F
1602,24351.0,10.2,40,65,20,M,20,A,D,F,F,F
1602,24352.0,1.0,35,5,0,M,20,A,D,F,F,F
1602,24353.0,13.5,0,30,0,M,20,A,D,F,F,F
1602,24354.0,7.5,10,45,20,M,20,A,D,F,F,F
1602,24355.0,7.5,0,0,0,M,20,A,D,F,F,F
1602,24356.0,7.5,0,0,0,M,20,A,D,F,F,F
1602,24357.0,7.5,0,0,0,M,20,A,D,F,F,F
1602,24358.0,7.5,0,0,0,M,20,A,D,F,F,F
1602,24359.0,7.5,0,0,0,M,20,A,D,F,F,F
1602,24360.0,7.5,0,0,0,M,20,A,D,F,F,F
1602,24361.0,7.5,0,0,0,M,20,B,D,F,F,F
1602,24362.0,7.5,0,0,0,M,20,E,F,F,F,G
1602,24363.0,7.5,0,0,0,M,20,E,F,F,F,G
1602,24364.0,7.5,0,0,0,M,20,,,,,
1602,24365.0,7.5,0,0,0,M,20,,,,,
1602,24366.0,0.0,50,0,0,M,20,,,,,
1602,24367.0,7.5,0,0,0,M,20,,,,,
1602,24368.0,7.5,0,0,0,M,20,,,,,
1602,24369.0,7.5,0,0,0,M,20,,,,,
1602,24370.0,7.5,0,0,0,M,20,,,,,
1602,24371.0,7.5,0,0,0,M,20,,,,,
1602,24372.0,8.5,10,40,0,M,20,,,,,
1602,24373.0,7.5,0,0,0,M,20,,,,,
1602,24374.0,7.5,0,0,0,M,20,,,,,
1602,24375.0,7.5,0,0,0,M,20,,,,,
1602,24376.0,7.5,0,0,0,M,20,,,,,
1602,24377.0,7.5,0,0,0,M,20,,,,,
1602,24378.0,7.5,0,0,0,M,20,,,,,
1602,24379.0,7.5,0,0,0,M,20,,,,,
1602,24380.0,7.5,0,0,0,M,20,,,,,
1602,24381.0,7.5,0,0,0,M,20,,,,,
1602,24382.0,11.8,40,0,5,M,20,,,,,
702,24383.0,7.5,0,0,0,F,20,A,A,B,B,A
702,24384.0,0.0,0,20,0,F,20,A,A,B,C,A
702,24385.0,12.9,0,20,0,F,20,A,A,B,C,A
702,24386.0,7.5,0,0,0,F,20,A,A,C,C,A
702,24387.0,7.5,0,0,0,F,20,A,A,C,D,B
702,24388.0,4.0,0,0,0,M,20,A,A,D,D,B
702,24389.0,7.5,0,0,0,M,20,A,A,D,D,B
702,24390.0,7.5,0,0,0,M,20,A,A,D,D,C
702,24391.0,7.5,0,0,0,M,20,A,A,D,D,C
702,24392.0,7.5,0,0,0,M,20,A,B,D,D,C
702,24393.0,7.5,0,0,0,M,20,A,B,D,D,C
702,24394.0,0.0,10,10,0,M,20,,,,,
904,24395.0,7.5,0,0,0,F,20,A,A,A,A,A
904,24396.0,7.5,0,0,0,F,20,A,A,A,B,A
904,24397.0,7.5,0,0,0,F,20,A,A,A,B,A
904,24398.0,7.5,0,0,0,F,20,A,A,B,B,A
904,24399.0,7.5,0,0,0,F,20,A,A,B,B,A
904,24400.0,4.4,10,0,10,F,20,A,A,B,B,A
904,24401.0,7.5,0,0,0,F,20,A,A,B,B,A
904,24402.0,4.0,0,25,0,F,20,A,A,C,D,B
904,24403.0,16.7,20,0,0,F,20,A,B,C,D,B
904,24404.0,27.1,20,0,0,F,20,A,B,C,D,B
904,24405.0,17.8,0,0,0,F,20,A,B,D,D,B
904,24406.0,29.9,0,0,0,F,20,A,B,D,D,B
904,24407.0,17.2,0,0,10,F,20,A,B,D,D,B
904,24408.0,8.0,25,30,0,F,20,A,B,D,D,C
904,24409.0,7.5,0,50,100,F,20,A,B,D,D,C
904,24410.0,14.5,0,20,0,F,20,A,B,D,D,C
904,24411.0,26.5,0,25,0,F,20,A,B,D,D,C
904,24412.0,16.5,0,0,0,F,20,A,C,D,D,C
904,24413.0,18.6,0,0,0,F,20,A,D,D,D,C
904,24414.0,1.0,0,15,0,F,20,A,D,D,D,C
904,24415.0,23.4,0,45,0,F,20,A,D,D,D,C
904,24416.0,19.0,0,0,0,F,20,A,D,D,D,C
904,24417.0,15.3,0,10,0,F,20,A,D,D,D,D
904,24418.0,2.0,15,5,20,F,20,A,D,D,D,D
904,24419.0,30.4,0,0,0,F,20,A,D,E,D,D
904,24420.0,18.1,0,0,0,F,20,A,D,E,D,D
904,24421.0,2.0,0,0,20,F,20,A,D,E,D,D
904,24422.0,18.9,0,0,0,F,20,A,D,E,E,D
904,24423.0,10.1,0,0,0,F,20,A,D,E,E,D
904,24424.0,6.8,0,10,0,F,20,A,D,E,E,E
904,24425.0,17.0,0,0,0,F,20,A,D,E,E,E
904,24426.0,3.6,0,0,0,F,20,A,D,E,E,E
904,24427.0,6.0,0,0,0,F,20,A,D,E,E,E
904,24428.0,15.1,0,25,0,F,20,B,D,E,E,E
904,24429.0,3.6,0,0,0,F,20,B,D,E,E,E
904,24430.0,19.1,0,0,0,F,20,B,D,E,E,E
904,24431.0,11.1,20,25,10,F,20,B,D,E,E,E
904,24432.0,19.4,0,0,0,F,20,B,D,E,E,E
904,24433.0,15.8,45,45,10,F,20,B,D,F,E,E
904,24434.0,17.2,0,0,0,F,20,B,D,F,F,E
904,24435.0,8.5,0,0,0,F,20,B,D,F,F,E
904,24436.0,12.3,30,10,0,F,20,B,D,F,F,F
904,24437.0,7.5,0,0,0,F,20,B,D,F,F,F
904,24438.0,6.6,0,0,0,F,20,C,E,F,F,F
904,24439.0,3.6,0,0,10,M,20,E,F,F,F,F
904,24440.0,7.6,0,0,0,M,20,E,F,F,F,F
904,24441.0,13.5,40,45,30,M,20,E,F,F,F,F
904,24442.0,7.5,0,0,0,M,20,,,,,
904,24443.0,14.9,0,0,15,M,20,,,,,
904,24444.0,6.4,0,0,0,M,20,,,,,
904,24445.0,0.0,10,10,50,M,20,,,,,
904,24446.0,15.0,0,15,15,M,20,,,,,
904,24447.0,7.5,0,0,5,M,20,,,,,
904,24448.0,8.5,0,0,0,M,20,,,,,
904,24449.0,2.6,10,0,0,M,20,,,,,
904,24450.0,0.0,0,0,0,M,20,,,,,
904,24451.0,15.0,20,0,0,M,20,,,,,
904,24452.0,7.5,20,30,30,M,20,,,,,
904,24453.0,15.9,10,15,0,M,20,,,,,
904,24454.0,17.4,0,0,0,M,20,,,,,
904,24455.0,1.0,35,5,10,M,20,,,,,
904,24456.0,7.6,0,0,0,M,20,,,,,
904,24457.0,7.5,0,0,10,M,20,,,,,
904,24458.0,14.7,0,20,0,M,20,,,,,
904,24459.0,11.9,25,15,15,M,20,,,,,
904,24460.0,12.1,0,35,0,M,20,,,,,
904,24461.0,4.0,0,20,0,M,20,,,,,
904,24462.0,7.5,10,0,0,M,20,,,,,
904,24463.0,7.5,10,0,0,M,20,,,,,
904,24464.0,7.5,0,0,10,M,20,,,,,
904,24465.0,12.1,25,25,0,M,20,,,,,
904,24466.0,7.5,0,0,10,M,20,,,,,
2001,24467.0,9.1,0,0,0,F,20,A,A,A,A,A
2001,24468.0,18.0,0,0,0,F,20,A,A,B,C,B
2001,24469.0,14.5,20,0,20,F,20,A,A,B,C,B
2001,24470.0,14.1,0,25,0,F,20,A,A,C,C,B
2001,24471.0,30.0,10,0,0,F,20,A,A,C,C,B
2001,24472.0,21.6,55,0,10,F,20,A,A,C,C,B
2001,24473.0,1.0,0,25,0,F,20,A,B,C,C,B
2001,24474.0,7.5,0,0,0,F,20,A,D,D,D,C
2001,24475.0,7.5,0,0,0,F,20,A,D,D,D,C
2001,24476.0,20.6,0,0,0,F,20,A,D,D,D,C
2001,24477.0,0.0,20,45,0,F,20,A,D,D,D,D
2001,24478.0,19.8,0,0,0,F,20,A,D,D,D,D
2001,24479.0,7.5,0,0,0,F,20,A,D,D,D,D
2001,24480.0,11.1,0,20,30,F,20,A,D,D,D,D
2001,24481.0,7.5,0,0,0,F,20,A,D,D,D,D
2001,24482.0,19.8,0,0,0,F,20,A,D,D,D,D
2001,24483.0,7.5,0,0,0,F,20,A,D,D,D,E
2001,24484.0,7.5,0,0,0,F,20,A,D,D,E,E
2001,24485.0,10.5,30,15,20,F,20,A,D,D,E,E
2001,24486.0,9.5,0,60,0,F,20,A,D,D,E,E
2001,24487.0,7.5,0,0,0,F,20,A,D,D,E,E
2001,24488.0,16.2,55,0,50,F,20,A,D,D,E,E
2001,24489.0,7.8,0,0,0,F,20,A,D,E,E,E
2001,24490.0,7.5,0,0,0,F,20,B,D,E,E,E
2001,24491.0,7.5,0,0,0,F,20,B,D,E,E,E
2001,24492.0,19.5,0,0,0,F,20,B,D,E,E,E
2001,24493.0,0.0,0,10,0,F,20,B,D,E,E,E
2001,24494.0,9.7,0,0,0,F,20,B,D,E,E,E
2001,24495.0,0.0,0,45,20,F,20,B,D,E,E,E
2001,24496.0,7.5,0,0,0,M,20,B,D,E,F,F
2001,24497.0,7.5,0,0,0,M,20,B,D,E,F,F
2001,24498.0,7.5,0,0,0,M,20,B,D,F,F,F
2001,24499.0,7.5,0,0,0,M,20,B,D,F,F,F
2001,24500.0,0.0,0,0,0,M,20,B,D,F,F,F
2001,24501.0,0.0,0,0,0,M,20,B,D,F,F,F
2001,24502.0,0.0,0,0,0,M,20,B,D,F,F,F
2001,24503.0,15.0,0,20,20,M,20,B,F,F,F,G
2001,24504.0,0.0,0,0,0,M,20,,,,,
2001,24505.0,8.2,0,0,10,M,20,,,,,
2001,24506.0,11.0,60,60,20,M,20,,,,,
2001,24507.0,15.4,0,20,0,M,20,,,,,
2001,24508.0,7.5,0,0,0,M,20,,,,,
2001,24509.0,7.5,0,0,0,M,20,,,,,
2001,24510.0,0.0,0,35,0,M,20,,,,,
2001,24511.0,7.5,0,0,0,M,20,,,,,
2001,24512.0,20.9,0,0,0,M,20,,,,,
2001,24513.0,21.0,0,0,0,M,20,,,,,
2001,24514.0,7.5,0,0,0,M,20,,,,,
2001,24515.0,7.5,0,0,0,M,20,,,,,
702,24516.0,7.5,0,0,0,F,20,A,A,A,A,A
702,24517.0,18.9,0,0,0,F,20,A,A,A,A,A
702,24518.0,7.5,0,0,0,F,20,A,A,A,A,A
702,24519.0,7.5,0,0,0,F,20,A,A,A,B,A
702,24520.0,28.2,25,0,0,F,20,A,A,A,B,A
702,24521.0,7.5,0,0,0,F,20,A,A,A,B,A
702,24522.0,0.0,0,0,0,F,20,A,A,B,B,A
702,24523.0,31.9,0,0,0,F,20,A,A,B,B,A
702,24524.0,5.2,0,0,0,F,20,A,A,B,B,A
702,24525.0,7.5,0,0,0,F,20,A,A,B,B,A
702,24526.0,11.5,0,45,0,F,20,A,A,B,B,A
702,24527.0,7.5,0,0,0,F,20,A,A,B,B,A
702,24528.0,7.5,0,0,0,F,20,A,A,B,B,A
702,24529.0,18.0,0,0,20,F,20,A,A,B,B,A
702,24530.0,11.7,15,15,30,F,20,A,A,B,B,A
702,24531.0,3.0,0,35,10,F,20,A,A,B,B,A
702,24532.0,12.9,25,0,30,F,20,A,B,B,B,A
702,24533.0,7.5,0,0,0,F,20,A,B,B,B,A
702,24534.0,10.1,0,0,0,F,20,A,B,B,B,A
702,24535.0,20.3,50,0,30,F,20,A,B,B,B,A
702,24536.0,20.0,0,0,0,F,20,A,B,B,B,A
702,24537.0,8.5,0,20,50,F,20,A,B,B,B,A
702,24538.0,14.5,50,0,0,F,20,A,B,B,B,A
702,24539.0,19.4,0,0,0,F,20,A,B,B,B,A
702,24540.0,18.8,0,0,0,F,20,A,B,B,B,A
702,24541.0,10.1,0,0,0,F,20,A,B,B,B,A
702,24542.0,20.0,0,0,0,F,20,A,B,B,B,A
702,24543.0,8.0,0,0,0,F,20,A,B,B,B,A
702,24544.0,2.6,0,45,5,F,20,A,B,B,B,A
702,24545.0,10.1,0,0,0,F,20,A,B,B,B,A
702,24546.0,7.6,50,40,0,F,20,A,B,B,B,A
702,24547.0,10.7,50,0,20,F,20,A,B,B,B,A
702,24548.0,3.4,25,0,0,F,20,A,B,B,B,A
702,24549.0,10.1,0,0,0,F,20,A,D,B,C,A
702,24550.0,9.9,50,0,15,F,20,A,D,B,C,A
702,24551.0,3.4,0,15,0,F,20,A,D,B,C,A
702,24552.0,7.5,25,0,0,F,20,A,D,B,C,A
702,24553.0,20.2,0,0,0,F,20,A,D,B,C,A
702,24554.0,10.1,0,0,0,F,20,A,D,B,C,A
702,24555.0,18.6,0,10,0,F,20,A,D,C,C,A
702,24556.0,10.1,0,0,0,M,20,A,D,C,C,A
702,24557.0,11.8,0,45,0,M,20,A,D,C,C,A
702,24558.0,23.2,15,45,0,M,20,A,D,C,C,A
702,24559.0,4.0,50,0,0,M,20,A,D,C,C,A
702,24560.0,8.5,0,0,15,M,20,A,D,C,C,A
702,24561.0,19.8,0,0,0,M,20,A,D,C,C,B
702,24562.0,8.5,0,0,0,M,20,A,D,C,C,B
702,24563.0,8.5,0,0,0,M,20,A,D,C,C,B
702,24564.0,32.9,0,0,0,M,20,A,D,C,C,B
702,24565.0,8.5,0,0,0,M,20,A,D,C,C,B
702,24566.0,2.0,0,0,0,M,20,A,D,C,C,B
702,24567.0,21.2,0,0,0,M,20,A,D,C,C,B
702,24568.0,11.5,0,0,0,M,20,A,D,C,C,B
702,24569.0,11.8,0,35,15,M,20,A,D,C,D,B
702,24570.0,8.5,0,0,0,M,20,A,D,D,D,B
702,24571.0,20.6,0,0,0,M,20,A,D,D,D,B
702,24572.0,20.0,0,0,0,M,20,A,D,D,D,B
702,24573.0,8.5,0,0,0,M,20,A,D,D,D,B
702,24574.0,9.5,5,0,0,M,20,A,D,D,D,B
702,24575.0,7.5,20,0,0,M,20,A,D,D,D,B
702,24576.0,9.5,0,0,5,M,20,A,D,D,D,B
702,24577.0,19.4,0,0,0,M,20,A,D,D,D,B
702,24578.0,3.0,15,0,35,M,20,A,D,D,D,B
702,24579.0,1.0,0,0,0,M,20,A,D,D,D,B
702,24580.0,17.6,0,20,0,M,20,A,D,D,D,B
702,24581.0,29.7,20,0,0,M,20,A,D,D,D,B
702,24582.0,14.9,0,30,0,M,20,A,D,D,D,B
702,24583.0,6.2,55,15,35,M,38,A,D,D,D,B
2402,24584.0,0.0,0,0,0,F,20,A,D,D,D,B
2402,24585.0,7.5,0,0,0,F,20,A,D,D,D,B
2402,24586.0,0.0,0,0,0,F,20,A,D,D,D,B
2402,24587.0,12.9,0,40,20,M,20,A,D,D,D,B
2402,24588.0,2.0,0,25,35,M,20,A,D,D,D,B
2402,24589.0,0.0,0,0,0,M,20,A,D,D,D,C
2402,24590.0,0.0,0,0,0,M,20,A,D,D,D,C
2402,24591.0,0.0,0,0,0,M,20,A,D,D,D,C
2402,24592.0,7.5,0,0,0,M,20,A,D,D,D,C
2402,24593.0,7.5,0,0,0,M,20,A,D,D,D,C
2402,24594.0,29.7,0,25,0,M,20,A,D,D,D,C
2402,24595.0,0.0,0,0,0,M,20,A,D,E,D,D
2402,24596.0,0.0,0,0,0,M,20,A,D,E,E,D
2402,24597.0,7.5,0,0,0,M,20,A,D,E,E,D
2402,24598.0,10.9,60,15,0,M,20,A,D,E,E,D
2402,24599.0,33.3,0,0,0,M,20,A,D,E,E,D
2402,24600.0,9.9,0,0,0,M,20,B,D,E,F,D
2402,24601.0,16.5,0,30,0,M,20,B,F,E,F,D
2402,24602.0,0.0,0,0,0,M,20,C,F,F,F,E
2402,24603.0,0.0,0,0,0,M,20,C,F,F,F,E
2402,24604.0,11.9,0,0,0,M,20,E,F,F,F,F
2402,24605.0,0.0,0,0,0,M,20,,,,,
2402,24606.0,22.5,0,0,0,M,20,,,,,
2402,24607.0,0.0,0,0,0,M,20,,,,,
2402,24608.0,0.0,0,0,0,M,20,,,,,
2402,24609.0,0.0,0,0,0,M,20,,,,,
2402,24610.0,7.5,0,0,0,M,20,,,,,
2402,24611.0,0.0,0,0,0,M,20,,,,,
2402,24612.0,7.5,0,0,0,M,20,,,,,
2402,24613.0,0.0,0,0,0,M,20,,,,,
2402,24614.0,23.4,30,0,35,M,20,,,,,
2402,24615.0,7.5,0,0,0,M,20,,,,,
2402,24616.0,9.5,10,0,0,M,20,,,,,
2402,24617.0,0.0,0,0,0,M,20,,,,,
2402,24618.0,0.0,0,0,0,M,20,,,,,
2402,24619.0,0.0,0,0,0,M,20,,,,,
2402,24620.0,0.0,0,0,0,M,20,,,,,
2402,24621.0,0.0,0,0,0,M,20,,,,,
2402,24622.0,0.0,0,0,0,M,20,,,,,
2402,24623.0,0.0,0,0,0,M,20,,,,,
2402,24624.0,0.0,0,0,0,M,20,,,,,
2402,24625.0,0.0,0,0,0,M,20,,,,,
2001,24626.0,0.0,0,0,0,F,20,A,A,A,A,A
2001,24627.0,0.0,0,0,0,F,20,A,A,A,A,A
2001,24628.0,0.0,0,0,0,F,20,A,A,A,A,A
2001,24629.0,0.0,0,0,0,F,20,A,A,A,A,A
2001,24630.0,7.5,0,25,0,F,20,A,A,A,B,A
2001,24631.0,0.0,0,0,0,F,20,A,A,A,B,A
2001,24632.0,0.0,0,0,0,F,20,A,A,A,B,A
2001,24633.0,11.1,0,0,0,F,20,A,A,A,B,A
2001,24634.0,9.5,10,0,0,F,20,A,A,A,B,A
2001,24635.0,0.0,0,0,0,F,20,A,A,A,B,A
2001,24636.0,0.0,0,45,0,F,20,A,A,A,B,A
2001,24637.0,22.5,0,0,0,F,20,A,A,A,B,A
2001,24638.0,0.0,0,45,0,F,20,A,A,B,B,A
2001,24639.0,21.2,0,0,0,F,20,A,A,B,B,A
2001,24640.0,2.4,25,25,10,F,20,A,B,B,B,A
2001,24641.0,21.4,0,0,0,F,20,A,B,B,B,A
2001,24642.0,22.5,0,0,0,F,20,A,B,B,B,A
2001,24643.0,21.0,50,15,20,F,20,A,B,B,B,A
2001,24644.0,15.3,50,0,0,F,20,A,B,B,B,A
2001,24645.0,22.5,0,0,0,F,20,A,B,B,B,A
2001,24646.0,33.6,0,0,0,F,20,A,B,B,B,A
2001,24647.0,6.8,0,0,0,F,20,A,B,B,B,A
2001,24648.0,9.1,0,0,0,F,20,A,B,B,B,A
2001,24649.0,22.5,0,0,0,F,20,A,D,B,B,A
2001,24650.0,22.5,0,0,0,F,20,A,D,B,B,A
2001,24651.0,6.8,0,0,0,F,20,A,D,B,B,A
2001,24652.0,10.1,10,55,0,F,20,A,D,B,C,A
2001,24653.0,16.0,15,20,10,F,20,A,D,B,C,A
2001,24654.0,11.5,0,0,0,F,20,A,D,B,C,A
2001,24655.0,22.4,0,0,0,F,20,A,D,B,C,A
2001,24656.0,7.5,50,45,5,F,20,A,D,B,C,A
2001,24657.0,9.9,10,0,0,F,20,A,D,B,C,A
2001,24658.0,30.6,0,20,0,F,20,A,D,B,C,A
2001,24659.0,1.4,0,35,0,F,20,A,D,B,C,A
2001,24660.0,19.0,0,15,0,F,20,A,D,B,C,A
2001,24661.0,12.1,0,0,0,F,20,A,D,B,D,A
2001,24662.0,4.6,10,35,0,F,20,A,D,B,D,A
2001,24663.0,22.5,0,0,0,F,20,A,D,B,D,A
2001,24664.0,22.5,0,0,0,F,20,A,D,B,D,A
2001,24665.0,22.5,0,0,0,F,20,A,D,B,D,A
2001,24666.0,22.5,0,0,0,F,20,A,D,B,D,A
2001,24667.0,22.5,0,0,0,F,20,A,D,C,D,A
2001,24668.0,22.5,0,0,0,F,20,A,D,C,D,B
2001,24669.0,22.5,0,0,0,F,20,A,D,C,D,B
2001,24670.0,11.2,0,0,0,F,20,A,D,C,D,B
2001,24671.0,2.4,0,0,30,F,20,A,D,C,D,B
2001,24672.0,22.5,0,0,0,F,20,A,D,C,D,B
2001,24673.0,22.5,0,0,0,F,20,A,D,C,D,B
2001,24674.0,22.5,0,0,0,F,20,A,D,D,D,B
2001,24675.0,5.8,25,0,10,F,20,A,D,D,D,B
2001,24676.0,15.1,20,0,30,F,20,A,D,D,D,B
2001,24677.0,7.0,20,0,10,F,20,A,D,D,D,B
2001,24678.0,0.0,0,45,0,F,20,A,D,D,D,B
2001,24679.0,10.1,0,10,0,F,20,A,D,D,D,B
2001,24680.0,15.1,0,0,0,F,20,A,D,D,D,B
2001,24681.0,2.6,40,75,20,F,20,A,D,D,D,B
2001,24682.0,23.0,0,0,0,F,20,A,D,D,D,B
2001,24683.0,2.0,40,15,10,F,20,A,D,D,D,B
2001,24684.0,9.5,0,0,0,F,20,A,D,D,D,B
2001,24685.0,20.4,0,0,0,F,20,A,D,D,D,B
2001,24686.0,2.0,10,0,0,F,20,B,D,D,D,B
2001,24687.0,22.5,0,0,0,F,20,B,D,D,D,B
2001,24688.0,25.0,0,0,60,F,20,B,D,D,D,B
2001,24689.0,30.8,10,10,0,F,20,B,D,D,D,B
2001,24690.0,9.5,0,0,0,F,20,B,D,D,D,B
2001,24691.0,15.0,0,50,0,F,20,B,D,D,D,B
2001,24692.0,23.2,0,0,0,F,20,B,D,D,D,C
2001,24693.0,17.6,0,20,0,F,20,B,D,D,E,C
2001,24694.0,16.0,10,0,25,F,20,B,D,D,E,C
2001,24695.0,21.6,0,0,0,F,20,B,D,D,E,C
2001,24696.0,15.0,45,0,0,F,20,C,D,D,E,D
2001,24697.0,7.2,0,0,0,F,20,C,D,E,E,D
2001,24698.0,33.8,0,0,0,F,20,C,F,E,E,D
2001,24699.0,17.0,0,40,0,F,20,E,F,E,F,D
2001,24700.0,20.4,0,0,0,F,20,E,F,E,F,E
2001,24701.0,4.4,10,10,30,F,20,,,,,
2001,24702.0,8.6,10,0,10,F,20,,,,,
2001,24703.0,10.8,0,0,0,F,20,,,,,
2001,24704.0,2.6,30,0,0,F,20,,,,,
2001,24705.0,14.3,80,20,30,F,20,,,,,
2001,24706.0,20.4,0,0,0,F,20,,,,,
2001,24707.0,9.5,0,0,0,F,20,,,,,
2001,24708.0,18.0,0,0,15,F,20,,,,,
2001,24709.0,22.5,0,0,0,M,20,,,,,
2001,24710.0,3.2,0,50,0,M,20,,,,,
2001,24711.0,22.4,0,0,0,M,20,,,,,
2001,24712.0,18.8,20,40,40,M,20,,,,,
2001,24713.0,11.9,0,0,0,M,20,,,,,
4004,24714.0,7.5,0,0,0,F,20,A,A,A,A,A
4004,24715.0,7.5,30,0,0,F,20,A,A,A,B,A
4004,24716.0,7.5,0,0,0,F,20,A,A,A,B,A
4004,24717.0,0.0,0,5,5,F,20,A,A,A,B,A
4004,24718.0,19.6,0,0,25,F,20,A,A,A,B,A
4004,24719.0,7.5,0,0,0,F,20,A,A,B,B,A
4004,24720.0,7.5,0,0,0,F,20,A,A,B,B,A
4004,24721.0,7.5,0,0,0,F,20,A,A,B,B,A
4004,24722.0,7.5,0,0,0,F,20,A,A,B,B,A
4004,24723.0,7.5,0,20,10,F,20,A,A,B,B,B
4004,24724.0,12.1,0,0,0,F,20,A,A,B,B,B
4004,24725.0,17.4,40,0,0,F,20,A,A,B,C,B
4004,24726.0,7.5,0,0,0,M,20,A,A,B,C,B
4004,24727.0,22.2,0,0,0,M,20,A,A,B,C,B
4004,24728.0,10.0,0,0,0,M,20,A,A,B,C,B
4004,24729.0,7.5,20,10,0,M,20,A,A,B,C,B
4004,24730.0,7.5,0,0,0,M,20,A,A,B,C,B
4004,24731.0,7.5,0,0,0,M,20,A,A,C,C,B
4004,24732.0,7.5,0,0,0,M,20,A,A,C,C,B
4004,24733.0,10.1,0,0,0,M,20,A,A,C,C,B
4004,24734.0,10.0,0,0,0,M,20,A,A,C,C,B
4004,24735.0,0.0,0,0,10,M,20,A,A,C,C,B
4004,24736.0,7.5,0,25,0,M,20,A,A,C,C,C
4004,24737.0,0.0,0,0,10,M,20,A,A,C,C,C
4004,24738.0,9.5,0,5,0,M,20,A,A,C,D,C
4004,24739.0,7.5,0,0,0,M,20,A,B,C,D,C
4004,24740.0,7.5,0,0,0,M,20,A,B,C,D,C
4004,24741.0,7.5,0,0,0,M,20,A,B,D,D,C
4004,24742.0,1.0,0,0,0,M,20,A,B,D,D,C
4004,24743.0,10.1,0,0,0,M,20,A,B,D,D,C
4004,24744.0,7.5,0,0,0,M,20,A,B,D,D,C
4004,24745.0,7.5,0,0,0,M,20,A,B,D,D,C
4004,24746.0,7.5,0,0,0,M,20,A,B,D,D,C
4004,24747.0,7.5,0,0,0,M,20,A,B,D,D,D
4004,24748.0,7.5,0,0,0,M,20,A,C,D,D,D
4004,24749.0,7.5,0,0,0,M,20,A,C,D,D,D
4004,24750.0,22.5,0,5,0,M,20,A,D,D,D,D
4004,24751.0,7.5,0,0,0,M,20,A,D,D,D,D
4004,24752.0,7.5,0,0,0,M,20,A,D,D,D,D
4004,24753.0,21.9,0,0,0,M,20,A,D,D,D,D
4004,24754.0,7.5,0,0,0,M,20,A,D,D,D,D
4004,24755.0,7.5,0,0,0,M,20,A,D,D,D,D
4004,24756.0,7.5,0,0,0,M,20,A,D,D,D,D
4004,24757.0,7.5,0,0,0,M,20,A,D,D,D,D
4004,24758.0,8.4,30,60,10,M,20,A,D,D,D,D
4004,24759.0,29.1,0,25,10,M,20,A,D,D,D,D
4004,24760.0,7.5,0,0,0,M,20,A,D,D,D,D
4004,24761.0,0.0,0,0,10,M,20,A,D,D,D,D
4004,24762.0,0.0,0,0,10,M,20,A,D,D,D,D
4004,24763.0,7.5,0,0,0,M,20,A,D,D,D,D
4004,24764.0,7.5,0,0,0,M,20,A,D,D,D,E
4004,24765.0,7.5,0,0,0,M,20,A,D,D,D,E
4004,24766.0,7.5,0,0,0,M,20,A,D,D,D,E
4004,24767.0,7.5,0,0,0,M,20,A,D,D,D,E
4004,24768.0,7.8,0,0,0,M,20,A,D,D,D,E
4004,24769.0,7.5,0,0,0,M,20,A,D,D,E,E
4004,24770.0,7.5,0,0,0,M,20,A,D,D,E,E
4004,24771.0,7.5,0,0,0,M,20,A,D,D,E,E
4004,24772.0,7.5,0,0,0,M,20,A,D,D,E,E
4004,24773.0,10.5,0,65,20,M,20,A,D,D,E,E
4004,24774.0,7.5,0,0,0,M,20,A,D,D,E,E
4004,24775.0,7.5,0,0,0,M,20,A,D,D,E,E
4004,24776.0,7.5,0,0,0,M,20,A,D,D,E,E
4004,24777.0,7.4,30,45,15,M,20,A,D,E,E,E
4004,24778.0,7.5,0,0,0,M,20,A,D,E,E,E
4004,24779.0,7.5,0,0,0,M,20,A,D,E,E,E
4004,24780.0,16.3,0,30,0,M,20,A,D,E,E,E
4004,24781.0,1.0,0,0,0,M,20,A,D,E,E,E
4004,24782.0,7.5,0,0,0,M,20,A,D,E,E,E
4004,24783.0,7.5,0,0,0,M,20,A,D,E,E,E
4004,24784.0,7.5,0,0,0,M,20,A,D,E,E,E
4004,24785.0,7.5,0,0,0,M,20,A,D,E,E,E
4004,24786.0,7.5,0,0,0,M,20,A,D,E,E,E
4004,24787.0,7.5,0,0,0,M,20,A,D,E,F,E
4004,24788.0,7.5,0,0,0,M,20,A,D,E,F,F
4004,24789.0,7.5,0,0,0,M,20,A,D,E,F,F
4004,24790.0,6.0,0,10,0,M,20,A,D,E,F,F
4004,24791.0,7.5,0,0,0,M,20,A,D,E,F,F
4004,24792.0,8.2,60,20,20,M,20,A,D,E,F,F
4004,24793.0,7.5,0,0,0,M,20,B,F,E,F,F
4004,24794.0,21.0,0,0,0,M,20,B,F,F,F,F
4004,24795.0,7.5,0,0,0,M,20,B,F,F,F,F
4004,24796.0,7.5,0,0,0,M,20,B,F,F,F,F
4004,24797.0,7.5,0,0,0,M,20,C,F,F,F,F
4004,24798.0,7.5,0,0,0,M,20,E,F,F,F,F
4004,24799.0,7.5,0,0,0,M,20,,,,,
4004,24800.0,16.4,0,30,0,M,20,,,,,
4004,24801.0,7.5,0,0,0,M,20,,,,,
4004,24802.0,7.5,0,0,0,M,20,,,,,
4004,24803.0,30.0,0,30,0,M,20,,,,,
4004,24804.0,10.1,0,0,0,M,20,,,,,
4004,24805.0,23.0,0,0,0,M,20,,,,,
4004,24806.0,7.5,0,0,0,M,20,,,,,
4004,24807.0,7.5,0,0,0,M,20,,,,,
4004,24808.0,7.5,0,0,0,M,20,,,,,
4004,24809.0,3.6,0,0,0,M,20,,,,,
4004,24810.0,7.5,0,0,0,M,20,,,,,
4004,24811.0,7.5,0,0,0,M,20,,,,,
4004,24812.0,1.8,10,30,0,M,20,,,,,
5401,24813.0,10.1,0,0,0,F,20,A,A,A,A,A
5401,24814.0,0.0,0,0,25,F,20,A,A,B,B,A
5401,24815.0,7.5,0,0,0,F,20,A,A,B,B,A
5401,24816.0,7.5,0,0,0,F,20,A,A,B,B,A
5401,24817.0,22.5,5,0,0,F,20,A,A,B,B,A
5401,24818.0,22.6,0,5,0,F,20,A,A,B,B,A
5401,24819.0,1.0,35,40,0,F,20,A,A,B,B,A
5401,24820.0,21.0,0,0,15,F,20,A,A,B,B,A
5401,24821.0,22.5,0,0,0,F,20,A,A,B,B,A
5401,24822.0,22.5,0,0,0,F,20,A,A,B,C,A
5401,24823.0,22.5,0,0,0,F,20,A,A,B,C,A
5401,24824.0,10.5,0,0,0,F,20,A,A,B,C,A
5401,24825.0,27.7,35,0,10,F,20,A,A,B,C,A
5401,24826.0,10.6,0,0,0,F,20,A,A,B,C,A
5401,24827.0,22.5,0,0,0,F,20,A,A,C,C,A
5401,24828.0,16.0,35,0,0,F,20,A,A,C,D,A
5401,24829.0,0.0,0,75,10,F,20,A,B,C,D,A
5401,24830.0,22.5,0,0,0,F,20,A,B,C,D,A
5401,24831.0,21.9,0,0,0,F,20,A,B,D,D,A
5401,24832.0,22.5,0,0,0,F,20,A,B,D,D,A
5401,24833.0,22.5,0,0,0,F,20,A,B,D,D,A
5401,24834.0,22.5,0,0,0,F,20,A,B,D,D,A
5401,24835.0,2.4,85,35,20,F,20,A,B,D,D,A
5401,24836.0,21.2,0,0,0,F,20,A,B,D,D,A
5401,24837.0,6.6,0,10,0,F,20,A,B,D,D,B
5401,24838.0,22.5,0,0,0,F,20,A,B,D,D,B
5401,24839.0,22.5,0,0,0,F,20,A,B,D,D,B
5401,24840.0,22.4,0,0,0,F,20,A,B,D,D,B
5401,24841.0,2.6,0,35,0,F,20,A,D,D,D,B
5401,24842.0,4.8,90,80,30,F,20,A,D,D,D,B
5401,24843.0,23.5,0,0,0,F,20,A,D,D,D,C
5401,24844.0,16.9,0,30,0,F,20,A,D,D,D,C
5401,24845.0,12.7,50,15,10,F,20,A,D,D,D,C
5401,24846.0,0.0,0,0,0,F,20,A,D,D,D,C
5401,24847.0,2.6,10,30,25,F,20,A,D,D,E,C
5401,24848.0,20.8,0,0,10,F,20,A,D,E,E,C
5401,24849.0,29.3,0,35,0,M,20,A,D,E,E,C
5401,24850.0,9.5,20,0,0,M,20,B,D,E,E,C
5401,24851.0,21.2,0,0,0,M,20,B,D,E,E,D
5401,24852.0,22.4,0,0,0,M,20,B,D,E,E,D
5401,24853.0,22.5,0,0,0,M,20,C,D,E,E,E
5401,24854.0,22.5,0,0,0,M,20,C,D,E,E,E
5401,24855.0,22.5,0,0,0,M,20,E,D,E,F,E
5401,24856.0,0.0,0,0,0,M,20,E,D,F,F,E
5401,24857.0,22.5,0,0,0,M,20,E,D,F,F,E
5401,24858.0,0.0,0,0,0,M,20,E,D,F,F,F
5401,24859.0,21.8,0,0,0,M,20,E,F,F,F,F
5401,24860.0,6.4,55,45,0,M,20,,,,,
5401,24861.0,22.5,0,0,0,M,20,,,,,
5401,24862.0,11.1,10,55,20,M,20,,,,,
5401,24863.0,20.2,35,50,10,M,20,,,,,
5401,24864.0,12.9,0,0,0,M,20,,,,,
5401,24865.0,13.9,0,0,0,M,20,,,,,
5401,24866.0,3.4,0,0,0,M,20,,,,,
5401,24867.0,5.0,0,20,10,M,20,,,,,
5401,24868.0,5.4,40,10,0,M,20,,,,,
5401,24869.0,10.9,0,0,0,M,20,,,,,
1501,24870.0,10.8,0,0,0,F,20,A,A,B,A,A
1501,24871.0,21.0,20,0,0,F,20,A,A,B,A,A
1501,24872.0,10.3,25,0,0,F,20,A,A,B,B,A
1501,24873.0,8.4,30,0,0,F,20,A,A,B,B,A
1501,24874.0,12.9,0,0,0,F,20,A,A,B,B,A
1501,24875.0,30.6,10,0,20,F,20,A,A,B,B,A
1501,24876.0,14.0,35,0,25,F,20,A,A,C,C,B
1501,24877.0,12.9,0,0,0,F,20,A,B,C,C,B
1501,24878.0,9.5,10,0,25,F,20,A,B,C,D,B
1501,24879.0,22.0,0,15,0,F,20,A,B,D,D,B
1501,24880.0,16.5,30,0,20,F,20,A,B,D,D,B
1501,24881.0,4.8,35,20,0,F,20,A,B,D,D,B
1501,24882.0,5.6,0,20,0,F,20,A,D,D,D,B
1501,24883.0,22.4,0,0,0,F,20,A,D,D,D,B
1501,24884.0,10.1,20,0,0,F,20,A,D,D,D,B
1501,24885.0,3.2,10,25,0,F,20,A,D,D,D,B
1501,24886.0,35.0,0,0,0,F,20,A,D,D,D,B
1501,24887.0,7.5,70,10,30,M,20,A,D,D,D,B
1501,24888.0,8.5,0,0,0,M,20,A,D,D,D,B
1501,24889.0,20.1,0,100,0,M,20,A,D,D,D,C
1501,24890.0,9.5,0,0,0,M,20,B,D,D,D,C
1501,24891.0,8.5,0,0,0,M,20,B,D,D,E,E
1501,24892.0,8.5,0,0,0,M,20,B,D,D,E,E
1501,24893.0,0.0,70,60,30,M,20,E,F,D,F,E
1501,24894.0,2.0,0,0,0,M,20,,,,,
3202,24895.0,19.4,10,15,5,F,20,A,A,A,B,A
3202,24896.0,35.2,0,0,0,F,20,A,A,A,B,A
3202,24897.0,10.4,30,45,0,F,20,A,A,B,B,A
3202,24898.0,19.4,30,0,0,F,20,A,A,B,B,A
3202,24899.0,7.5,35,0,0,F,20,A,A,B,C,A
3202,24900.0,8.5,0,0,0,F,20,A,B,B,C,A
3202,24901.0,11.7,25,40,0,F,20,A,D,C,C,A
3202,24902.0,7.0,0,10,0,F,20,A,D,C,D,A
3202,24903.0,12.5,10,0,50,F,20,A,D,C,D,B
3202,24904.0,2.0,0,0,0,M,20,A,D,D,D,B
3202,24905.0,7.5,0,35,0,M,20,A,D,D,D,B
3202,24906.0,11.3,10,0,0,M,20,A,D,D,D,B
3202,24907.0,7.5,0,25,10,M,20,A,D,D,D,B
3202,24908.0,12.9,0,0,0,M,20,B,D,D,E,B
3202,24909.0,13.7,30,35,5,M,20,B,D,D,E,C
3202,24910.0,9.5,10,15,0,M,20,B,D,E,E,C
3202,24911.0,22.5,0,0,0,M,20,C,F,F,F,E
1602,24912.0,23.2,0,0,0,F,20,A,A,A,A,A
1602,24913.0,22.5,0,0,0,F,20,A,A,A,A,A
1602,24914.0,9.0,40,0,0,F,20,A,A,A,A,A
1602,24915.0,11.1,0,0,0,F,20,A,A,A,A,A
1602,24916.0,0.0,15,0,0,F,20,A,A,A,A,A
1602,24917.0,11.1,0,0,0,F,20,A,A,B,B,A
1602,24918.0,4.2,30,15,15,F,20,A,A,B,B,A
1602,24919.0,16.6,25,25,0,F,20,A,A,B,B,A
1602,24920.0,11.3,0,0,0,F,20,A,A,B,B,A
1602,24921.0,0.0,0,15,0,F,20,A,A,B,B,A
1602,24922.0,7.5,0,15,0,F,20,A,A,B,B,A
1602,24923.0,22.5,0,0,0,F,20,A,A,B,B,A
1602,24924.0,4.2,0,30,0,F,20,A,A,B,B,A
1602,24925.0,2.0,0,45,0,F,20,A,A,B,B,A
1602,24926.0,2.0,0,45,0,F,20,A,A,B,B,A
1602,24927.0,21.4,20,0,0,F,20,A,A,B,B,A
1602,24928.0,18.6,30,0,10,F,20,A,A,B,B,A
1602,24929.0,22.7,0,0,0,F,20,A,A,B,B,A
1602,24930.0,11.1,0,0,0,F,20,A,A,B,B,A
1602,24931.0,22.5,0,0,0,F,20,A,A,B,B,A
1602,24932.0,7.5,0,0,40,F,20,A,A,B,B,A
1602,24933.0,10.1,0,0,0,F,20,A,B,B,B,A
1602,24934.0,7.5,0,10,0,F,20,A,B,B,B,A
1602,24935.0,0.0,50,0,40,F,20,A,B,B,B,A
1602,24936.0,19.9,25,5,0,F,20,A,B,B,B,A
1602,24937.0,10.1,0,0,0,F,20,A,B,B,C,A
1602,24938.0,4.2,30,0,0,F,20,A,B,B,C,A
1602,24939.0,8.9,0,0,0,F,20,A,B,B,C,A
1602,24940.0,8.9,0,0,0,F,20,A,B,B,C,A
1602,24941.0,2.0,30,15,0,F,20,A,B,B,C,A
1602,24942.0,23.4,0,0,0,F,20,A,B,B,C,A
1602,24943.0,20.5,55,45,0,F,20,A,B,C,C,A
1602,24944.0,15.0,0,0,0,F,20,A,B,C,C,A
1602,24945.0,23.4,0,0,0,F,20,A,B,C,C,A
1602,24946.0,22.5,0,0,0,F,20,A,B,C,C,A
1602,24947.0,23.5,50,30,0,F,20,A,B,C,C,A
1602,24948.0,22.5,0,0,0,F,20,A,B,C,C,A
1602,24949.0,10.3,20,45,30,F,20,A,B,C,D,A
1602,24950.0,15.0,25,0,40,F,20,A,B,C,D,A
1602,24951.0,22.5,0,0,0,F,20,A,B,C,D,A
1602,24952.0,18.6,20,20,0,F,20,A,B,C,D,A
1602,24953.0,11.1,0,0,0,F,20,A,B,C,D,A
1602,24954.0,0.0,25,0,0,F,20,A,B,C,D,A
1602,24955.0,7.5,0,0,10,F,20,A,B,C,D,A
1602,24956.0,8.8,10,15,5,F,20,A,B,C,D,B
1602,24957.0,0.0,5,0,10,F,20,A,D,D,D,B
1602,24958.0,0.0,0,10,5,F,20,A,D,D,D,B
1602,24959.0,7.8,20,45,45,F,20,A,D,D,D,B
1602,24960.0,1.0,5,5,0,F,20,A,D,D,D,B
1602,24961.0,15.7,15,30,15,M,20,A,D,D,D,B
1602,24962.0,22.5,0,0,0,M,20,A,D,D,D,B
1602,24963.0,6.2,20,0,30,M,20,A,D,D,D,B
1602,24964.0,20.6,0,20,0,M,20,A,D,D,D,B
1602,24965.0,22.5,0,0,0,M,20,A,D,D,D,B
1602,24966.0,9.5,55,30,0,M,20,A,D,D,D,B
1602,24967.0,22.5,0,0,0,M,20,A,D,D,D,B
1602,24968.0,22.5,0,0,0,M,20,A,D,D,D,B
1602,24969.0,22.5,0,0,0,M,20,A,D,D,D,B
1602,24970.0,22.5,0,0,0,M,20,A,D,D,D,B
1602,24971.0,22.5,0,0,0,M,20,A,D,D,D,B
1602,24972.0,24.7,0,0,0,M,20,A,D,D,D,B
1602,24973.0,22.5,0,0,0,M,20,A,D,D,D,B
1602,24974.0,11.5,0,0,0,M,20,A,D,D,D,B
1602,24975.0,12.9,0,0,0,M,20,A,D,D,D,B
1602,24976.0,22.5,0,0,0,M,20,A,D,D,D,B
1602,24977.0,7.5,0,20,0,M,20,A,D,D,D,B
1602,24978.0,32.8,20,0,0,M,20,A,D,D,D,B
1602,24979.0,15.1,55,0,10,M,20,A,D,D,D,B
1602,24980.0,13.7,0,0,0,M,20,A,D,D,D,B
1602,24981.0,15.7,10,50,0,M,20,A,D,D,D,B
1602,24982.0,22.5,0,0,0,M,20,A,D,D,D,C
1602,24983.0,14.5,30,35,5,M,20,A,D,D,D,C
1602,24984.0,9.5,0,15,0,M,20,A,D,D,D,C
1602,24985.0,22.5,0,0,0,M,20,A,D,D,E,C
1602,24986.0,22.5,0,0,0,M,20,A,D,D,E,C
1602,24987.0,22.5,0,0,0,M,20,A,D,D,E,C
1602,24988.0,22.5,0,0,0,M,20,A,D,D,E,C
1602,24989.0,22.4,0,0,0,M,20,A,D,D,E,C
1602,24990.0,22.5,0,0,0,M,20,A,D,E,E,D
1602,24991.0,17.0,0,35,0,M,20,A,D,E,E,D
1602,24992.0,22.5,0,0,0,M,20,A,D,E,E,D
1602,24993.0,9.1,0,0,0,M,20,B,F,E,E,D
1602,24994.0,10.3,0,0,0,M,20,B,F,E,F,D
1602,24995.0,22.5,0,0,0,M,20,B,F,E,F,E
1602,24996.0,2.6,50,0,30,M,20,B,F,E,F,E
1602,24997.0,23.6,0,0,0,M,20,E,F,F,F,E
1602,24998.0,22.5,0,0,0,M,20,,,,,
1602,24999.0,22.5,0,0,0,M,20,,,,,
1602,25000.0,15.1,10,45,10,M,20,,,,,
1602,25001.0,21.0,0,15,0,M,20,,,,,
1602,25002.0,16.6,10,30,0,M,20,,,,,
1602,25003.0,9.1,0,0,0,M,20,,,,,
1602,25004.0,30.0,0,40,0,M,20,,,,,
1602,25005.0,15.0,50,0,0,M,20,,,,,
3002,25006.0,16.6,25,20,10,F,20,A,A,A,B,A
3002,25007.0,7.6,50,0,70,F,20,A,A,B,B,A
3002,25008.0,8.9,20,15,0,F,20,A,A,B,B,A
3002,25009.0,15.0,0,0,0,M,20,A,A,B,B,A
3002,25010.0,15.9,0,45,0,M,20,A,A,B,B,A
3002,25011.0,12.1,0,0,0,M,20,A,B,B,B,A
3002,25012.0,12.1,0,0,0,M,20,A,B,B,B,A
3002,25013.0,10.7,0,0,0,M,20,A,B,B,B,A
3002,25014.0,15.0,0,0,0,M,20,A,B,B,C,A
3002,25015.0,12.1,0,0,0,M,20,A,B,B,C,B
3002,25016.0,4.4,40,90,10,M,20,A,D,B,C,B
3002,25017.0,7.5,80,0,30,M,20,A,D,B,D,B
3002,25018.0,2.0,10,50,20,M,20,A,D,C,D,B
3002,25019.0,4.4,0,35,0,M,20,A,D,C,D,B
3002,25020.0,25.1,0,45,30,M,20,A,D,C,D,B
3002,25021.0,8.9,20,0,0,M,20,A,D,C,D,B
3002,25022.0,23.9,0,0,0,M,20,A,D,D,D,B
3002,25023.0,12.1,0,0,0,M,20,B,D,D,D,B
3002,25024.0,9.5,0,0,0,M,20,B,D,D,D,C
3002,25025.0,13.3,0,0,5,M,20,B,D,D,D,C
702,25026.0,14.7,0,0,0,F,20,A,D,B,C,A
702,25027.0,17.4,25,15,0,F,20,A,D,B,C,A
702,25028.0,5.4,15,45,0,F,20,A,D,B,D,B
702,25029.0,0.0,0,0,0,F,20,A,D,B,D,B
702,25030.0,3.2,0,45,0,F,20,A,D,C,D,B
702,25031.0,11.1,0,0,10,F,20,A,D,C,D,B
702,25032.0,0.0,0,0,0,F,20,A,D,C,D,B
702,25033.0,0.0,0,0,0,F,20,A,D,C,D,B
702,25034.0,12.5,0,0,0,F,20,A,D,C,D,B
702,25035.0,10.1,0,0,0,M,20,A,D,C,D,B
702,25036.0,10.1,0,0,0,M,20,A,D,C,D,B
702,25037.0,2.4,10,0,0,M,20,A,D,C,D,B
702,25038.0,10.5,0,35,50,M,20,A,D,C,D,B
702,25039.0,3.6,0,0,0,M,20,A,D,C,D,B
702,25040.0,21.4,25,0,0,M,20,A,D,C,D,B
702,25041.0,0.0,15,0,0,M,20,A,D,C,D,B
702,25042.0,7.5,0,10,15,M,20,A,D,D,D,C
702,25043.0,7.5,0,15,0,M,20,B,D,D,D,C
702,25044.0,4.8,0,0,0,M,20,B,D,D,D,C
702,25045.0,7.5,0,20,15,M,20,B,D,D,D,C
702,25046.0,0.0,0,0,0,M,20,B,D,D,D,C
702,25047.0,15.0,0,60,0,M,20,B,D,D,D,D
702,25048.0,11.7,25,0,0,M,20,B,D,D,D,D
702,25049.0,0.0,0,0,0,M,20,B,D,D,D,D
702,25050.0,20.4,0,20,0,M,20,B,D,D,E,D
702,25051.0,29.2,50,0,0,M,20,B,D,D,E,D
702,25052.0,7.0,30,20,0,M,20,B,D,E,E,D
702,25053.0,5.0,0,0,0,M,20,B,D,E,E,E
702,25054.0,13.1,10,0,0,M,20,B,D,E,F,E
702,25055.0,0.0,0,0,0,M,20,,,,,
702,25056.0,4.2,25,35,10,M,20,,,,,
3202,25057.0,11.7,40,15,40,F,20,A,A,A,B,A
3202,25058.0,18.0,0,50,0,F,20,A,A,A,B,A
3202,25059.0,14.5,0,0,0,F,20,A,A,A,B,A
3202,25060.0,23.4,0,0,0,F,20,A,A,A,B,A
3202,25061.0,0.0,0,25,0,F,20,A,A,B,B,A
3202,25062.0,11.3,0,0,0,F,20,A,A,B,B,A
3202,25063.0,7.5,0,15,0,F,20,A,A,B,C,A
3202,25064.0,8.5,10,0,0,F,20,A,B,B,C,A
3202,25065.0,26.1,0,0,0,F,20,A,C,B,C,A
3202,25066.0,25.8,0,0,0,F,20,A,D,B,C,A
3202,25067.0,0.0,0,0,0,F,20,A,D,B,D,A
3202,25068.0,10.4,25,75,0,F,20,A,D,C,D,A
3202,25069.0,0.0,0,0,0,F,20,A,D,C,D,A
3202,25070.0,10.1,10,0,20,F,20,A,D,C,D,B
3202,25071.0,12.4,0,0,0,F,20,A,D,C,D,B
3202,25072.0,7.0,10,0,40,F,20,A,D,D,D,B
3202,25073.0,10.0,0,0,0,F,20,A,D,D,D,B
3202,25074.0,10.1,0,0,0,F,20,A,D,D,D,B
3202,25075.0,0.0,0,0,0,M,20,A,D,D,D,B
3202,25076.0,15.0,20,0,50,M,20,A,D,D,D,B
3202,25077.0,11.1,10,15,0,M,20,A,D,D,D,B
3202,25078.0,0.0,0,0,0,M,20,B,D,D,D,B
3202,25079.0,24.6,0,0,0,M,20,B,D,D,D,B
3202,25080.0,7.0,30,0,20,M,20,B,D,D,D,B
3202,25081.0,15.0,0,0,0,M,20,B,D,D,D,B
3202,25082.0,3.4,0,30,15,M,20,B,D,D,E,C
3202,25083.0,23.2,10,0,0,M,20,D,D,E,E,D
3202,25084.0,15.0,0,0,0,M,20,E,D,F,E,D
3202,25085.0,15.0,0,0,0,M,20,,,,,
3202,25086.0,10.3,30,0,0,M,20,,,,,
3202,25087.0,15.0,0,0,0,M,20,,,,,
3202,25088.0,18.7,30,0,20,M,20,,,,,
3202,25089.0,15.0,0,0,0,M,20,,,,,
3202,25090.0,15.0,0,0,0,M,20,,,,,
3202,25091.0,15.0,0,0,0,M,20,,,,,
2001,25092.0,15.0,0,0,0,F,20,A,D,D,D,B
2001,25093.0,15.1,0,0,0,F,20,A,D,D,D,B
2001,25094.0,23.6,0,0,0,F,20,A,D,D,D,B
2001,25095.0,18.4,20,15,15,F,20,A,D,D,D,B
2001,25096.0,15.0,0,0,0,F,20,A,D,D,D,B
2001,25097.0,15.0,0,0,0,F,20,A,D,D,D,B
2001,25098.0,15.0,0,0,0,F,20,A,D,D,D,B
2001,25099.0,15.0,0,0,0,F,20,A,D,D,D,B
2001,25100.0,15.0,0,0,0,F,20,A,D,D,D,B
2001,25101.0,15.0,0,0,0,F,20,A,D,D,D,B
2001,25102.0,15.0,0,0,0,F,20,A,D,D,D,B
2001,25103.0,16.0,0,0,0,F,20,A,D,D,D,B
2001,25104.0,15.0,25,25,25,F,20,A,D,D,D,B
2001,25105.0,15.0,0,0,0,F,20,A,D,D,D,B
2001,25106.0,15.0,0,0,0,F,20,A,D,D,D,B
2001,25107.0,15.0,0,0,0,F,20,A,D,D,D,B
2001,25108.0,10.3,15,5,10,F,20,A,D,D,D,B
2001,25109.0,9.5,0,0,5,F,20,A,D,D,D,B
2001,25110.0,2.6,0,0,10,F,20,A,D,D,D,B
2001,25111.0,24.4,40,25,20,F,20,A,D,D,D,B
2001,25112.0,15.0,0,0,0,F,20,A,D,D,D,B
2001,25113.0,15.0,0,0,0,F,20,A,D,D,D,B
2001,25114.0,11.9,20,0,0,F,20,A,D,D,D,B
2001,25115.0,1.4,40,50,0,F,20,B,D,D,D,B
2001,25116.0,15.0,0,0,0,F,20,B,D,D,D,C
2001,25117.0,15.0,0,0,0,M,20,B,D,D,D,C
2001,25118.0,15.0,0,0,0,M,20,B,D,E,D,C
2001,25119.0,15.0,0,0,0,M,20,B,D,E,D,C
2001,25120.0,10.0,0,25,0,M,20,B,D,E,D,C
2001,25121.0,15.0,0,0,0,M,20,B,D,E,D,D
2001,25122.0,15.0,0,0,0,M,20,B,D,E,D,D
2001,25123.0,15.0,30,45,0,M,20,B,D,E,E,D
2001,25124.0,15.0,0,0,0,M,20,C,D,E,E,D
2001,25125.0,15.0,0,0,0,M,20,E,D,E,E,D
2001,25126.0,10.5,30,0,0,M,20,E,D,E,E,D
2001,25127.0,15.0,0,0,0,M,20,E,E,F,E,E
2001,25128.0,22.5,0,25,0,M,20,E,F,F,F,F
2001,25129.0,13.9,15,30,35,M,20,,,,,
2001,25130.0,13.3,65,0,20,M,20,,,,,
2001,25131.0,15.0,0,0,0,M,20,,,,,
2001,25132.0,15.0,0,0,0,M,20,,,,,
2001,25133.0,15.0,0,0,0,M,20,,,,,
2001,25134.0,15.0,0,0,0,M,20,,,,,
2001,25135.0,15.0,0,0,0,M,20,,,,,
2001,25136.0,15.0,0,0,0,M,20,,,,,
1502,25137.0,15.0,0,0,0,F,20,A,A,A,B,A
1502,25138.0,15.0,0,0,0,F,20,A,A,A,B,A
1502,25139.0,15.0,0,0,0,F,20,A,A,B,B,A
1502,25140.0,15.0,0,0,0,F,20,A,A,B,B,A
1502,25141.0,15.0,0,0,0,F,20,A,B,B,B,A
1502,25142.0,15.0,0,0,0,F,20,A,B,B,C,A
1502,25143.0,11.7,0,0,25,F,20,A,B,C,C,A
1502,25144.0,12.5,75,0,0,F,20,A,C,C,C,B
1502,25145.0,24.5,0,0,0,F,20,A,C,C,C,B
1502,25146.0,37.4,0,0,0,F,20,A,D,C,C,B
1502,25147.0,5.6,0,0,0,F,20,A,D,C,C,B
1502,25148.0,37.5,0,0,0,F,20,A,D,C,D,B
1502,25149.0,20.4,55,60,0,F,20,A,D,D,D,B
1502,25150.0,2.0,0,0,15,F,20,A,D,D,D,B
1502,25151.0,25.4,0,0,0,F,20,A,D,D,D,B
1502,25152.0,37.5,0,0,0,F,20,A,D,D,D,B
1502,25153.0,37.5,0,0,0,F,20,A,D,D,D,B
1502,25154.0,13.3,0,0,0,M,20,A,D,D,D,B
1502,25155.0,8.5,0,0,15,M,20,A,D,D,D,B
1502,25156.0,9.1,55,45,0,M,20,A,D,D,D,B
1502,25157.0,17.0,0,0,0,M,20,A,D,D,E,C
1502,25158.0,12.5,50,35,10,M,20,A,D,D,E,C
1502,25159.0,10.7,0,0,0,M,20,A,D,D,E,C
1502,25160.0,11.9,0,0,0,M,20,A,D,D,E,C
1502,25161.0,11.0,0,0,0,M,20,B,D,D,E,C
1502,25162.0,10.9,0,0,0,M,20,B,D,D,E,C
1502,25163.0,18.3,30,0,25,M,20,B,D,D,E,D
1502,25164.0,4.8,50,0,20,M,20,B,D,E,E,E
1502,25165.0,33.2,30,0,0,M,20,B,D,E,F,E
1502,25166.0,3.0,10,0,0,M,20,B,D,E,F,F
1502,25167.0,11.0,25,70,10,M,20,D,F,F,F,G
3502,25168.0,22.0,0,25,5,F,20,A,A,A,A,A
3502,25169.0,4.4,0,0,0,F,20,A,A,A,B,A
3502,25170.0,12.2,20,0,0,F,20,A,A,A,B,A
3502,25171.0,32.9,0,30,0,F,20,A,A,B,B,A
3502,25172.0,25.1,0,0,0,F,20,A,A,B,B,A
3502,25173.0,22.7,90,10,0,F,20,A,A,B,B,A
3502,25174.0,8.9,20,25,0,F,20,A,A,B,B,A
3502,25175.0,15.5,0,0,0,F,20,A,A,B,B,A
3502,25176.0,12.7,25,35,15,F,20,A,A,B,B,A
3502,25177.0,15.9,25,5,40,F,20,A,A,B,B,A
3502,25178.0,12.0,0,0,0,F,20,A,A,B,B,A
3502,25179.0,10.9,0,0,0,F,20,A,A,B,C,A
3502,25180.0,24.2,0,0,0,F,20,A,A,C,C,A
3502,25181.0,9.5,0,10,0,F,20,A,A,C,C,A
3502,25182.0,4.2,0,0,0,F,20,A,A,C,C,A
3502,25183.0,5.6,0,0,0,F,20,A,B,C,C,A
3502,25184.0,10.9,0,0,0,F,20,A,B,C,D,A
3502,25185.0,22.4,0,10,0,F,20,A,B,C,D,A
3502,25186.0,9.2,35,5,0,F,20,A,B,C,D,B
3502,25187.0,21.5,0,15,0,F,20,A,C,C,D,B
3502,25188.0,10.9,0,0,0,F,20,A,C,C,D,B
3502,25189.0,4.4,30,30,0,F,20,A,D,C,D,B
3502,25190.0,11.9,0,0,0,F,20,A,D,C,D,B
3502,25191.0,15.2,0,0,0,M,20,A,D,C,D,B
3502,25192.0,20.5,30,0,10,M,20,A,D,C,D,B
3502,25193.0,3.0,10,0,0,M,20,A,D,D,D,B
3502,25194.0,14.5,40,0,40,M,20,A,D,D,D,B
3502,25195.0,15.0,0,0,0,M,20,A,D,D,D,B
3502,25196.0,22.0,0,15,0,M,20,A,D,D,D,B
3502,25197.0,11.1,10,0,0,M,20,A,D,D,D,B
3502,25198.0,7.5,0,45,10,M,20,A,D,D,D,B
3502,25199.0,4.8,0,0,0,M,20,A,D,D,D,B
3502,25200.0,15.0,0,0,0,M,20,A,D,D,D,B
3502,25201.0,16.5,25,0,45,M,20,A,D,D,D,B
3502,25202.0,15.6,0,0,0,M,20,A,D,D,D,B
3502,25203.0,11.1,0,0,0,M,20,A,D,D,D,B
3502,25204.0,7.5,0,0,0,M,20,A,D,D,D,B
3502,25205.0,7.5,0,0,0,M,20,A,D,D,D,C
3502,25206.0,15.0,0,0,0,M,20,A,D,D,D,C
3502,25207.0,15.3,30,90,30,M,20,A,D,D,D,C
3502,25208.0,15.9,0,0,0,M,20,A,D,D,D,C
3502,25209.0,13.5,0,0,0,M,20,B,D,D,E,C
3502,25210.0,13.7,0,0,0,M,20,B,D,D,E,C
3502,25211.0,0.0,0,0,0,M,20,B,D,E,E,C
3502,25212.0,3.0,0,0,0,M,20,B,D,E,E,D
3502,25213.0,15.0,0,0,0,M,20,B,D,E,E,D
3502,25214.0,5.8,25,10,0,M,20,B,D,E,E,D
3502,25215.0,7.5,40,0,0,M,20,B,D,E,E,D
3502,25216.0,15.0,0,5,0,M,20,B,D,E,F,D
3502,25217.0,3.4,10,0,0,M,20,B,D,E,F,D
3502,25218.0,15.9,0,0,0,M,20,B,D,E,F,E
3502,25219.0,2.6,5,0,10,M,20,B,D,E,F,E
3502,25220.0,15.0,0,0,0,M,20,C,D,E,F,E
3502,25221.0,16.5,20,20,30,M,20,E,D,F,F,F
3502,25222.0,10.9,0,25,0,M,20,E,F,F,F,F
3502,25223.0,21.0,0,0,40,M,20,,,,,
3502,25224.0,0.0,30,0,0,M,20,,,,,
3502,25225.0,13.5,0,0,0,M,20,,,,,
3502,25226.0,15.0,0,0,0,M,20,,,,,
1402,25227.0,7.5,0,0,0,F,20,A,A,A,B,A
1402,25228.0,19.8,10,20,0,F,20,A,A,A,B,A
1402,25229.0,12.7,50,0,50,F,20,A,A,B,B,A
1402,25230.0,15.0,0,0,0,F,20,A,D,B,C,A
1402,25231.0,11.1,0,0,0,F,20,A,D,B,C,A
1402,25232.0,3.6,20,50,10,F,20,A,D,C,C,B
1402,25233.0,12.9,20,70,5,F,20,A,D,C,C,B
1402,25234.0,0.0,30,45,0,F,20,A,D,C,C,B
1402,25235.0,15.0,0,0,0,F,20,A,D,C,C,B
1402,25236.0,2.4,0,60,0,F,20,A,D,C,D,B
1402,25237.0,11.3,0,0,0,F,20,A,D,C,D,B
1402,25238.0,26.4,20,0,55,M,20,A,D,D,D,B
1402,25239.0,15.0,60,15,5,M,20,A,D,D,D,B
1402,25240.0,10.5,10,15,10,M,20,A,D,D,D,B
1402,25241.0,21.0,0,30,10,M,20,A,D,D,D,B
1402,25242.0,2.4,15,0,0,M,20,B,D,D,D,B
1402,25243.0,17.7,50,0,10,M,20,B,D,D,D,D
1402,25244.0,15.0,0,5,0,M,20,B,D,D,D,D
1402,25245.0,15.0,0,0,0,M,20,B,D,E,D,E
1402,25246.0,16.0,0,45,15,M,20,B,D,E,E,E
1402,25247.0,14.1,0,0,0,M,20,B,F,E,E,E
1402,25248.0,0.0,0,0,0,M,20,B,F,E,F,F
1602,25249.0,0.0,0,0,0,F,20,A,A,A,B,A
1602,25250.0,10.6,10,10,15,F,20,A,A,B,B,A
1602,25251.0,11.1,20,0,0,F,20,A,A,B,B,A
1602,25252.0,26.2,0,0,0,F,20,A,A,B,B,A
1602,25253.0,27.1,0,0,0,F,20,A,A,B,B,A
1602,25254.0,13.5,25,0,0,F,20,A,A,C,B,A
1602,25255.0,2.0,10,0,10,F,20,A,A,C,B,A
1602,25256.0,30.8,0,50,0,F,20,A,A,C,C,A
1602,25257.0,4.0,10,0,0,F,20,A,A,D,D,A
1602,25258.0,11.5,0,0,0,F,20,A,A,D,D,A
1602,25259.0,8.8,0,20,0,F,20,A,A,D,D,A
1602,25260.0,5.0,0,0,0,F,20,A,A,D,D,A
1602,25261.0,0.0,0,0,0,F,20,A,B,D,D,B
1602,25262.0,25.1,0,15,0,F,20,A,B,D,D,B
1602,25263.0,0.0,0,15,20,F,20,A,D,D,D,B
1602,25264.0,25.0,40,0,50,F,20,A,D,D,D,B
1602,25265.0,1.0,0,5,0,F,20,A,D,D,D,B
1602,25266.0,21.8,0,20,0,F,20,A,D,D,D,B
1602,25267.0,10.3,30,0,10,F,20,A,D,D,D,B
1602,25268.0,26.2,0,0,0,F,20,A,D,D,D,B
1602,25269.0,16.0,0,0,0,F,20,A,D,D,D,B
1602,25270.0,0.0,0,0,0,F,20,A,D,D,D,B
1602,25271.0,4.6,0,45,0,F,20,A,D,D,D,B
1602,25272.0,16.0,0,0,0,F,20,A,D,D,D,B
1602,25273.0,0.0,0,0,0,F,20,A,D,D,D,C
1602,25274.0,0.0,0,0,0,F,20,A,D,D,E,C
1602,25275.0,23.8,30,0,0,F,20,A,D,E,E,C
1602,25276.0,11.5,0,0,0,F,20,A,D,E,E,C
1602,25277.0,2.8,0,45,15,F,20,A,D,E,E,C
1602,25278.0,18.1,50,0,10,F,20,A,D,E,F,D
1602,25279.0,15.4,50,15,10,M,20,B,D,F,F,D
1602,25280.0,16.0,0,0,0,M,20,B,D,F,F,D
1602,25281.0,9.2,0,15,0,M,20,B,D,F,F,E
1602,25282.0,16.0,0,0,0,M,20,E,E,F,F,E
2402,25283.0,4.0,0,50,0,F,20,A,A,A,B,A
2402,25284.0,0.0,0,0,0,F,20,A,A,A,B,A
2402,25285.0,3.6,10,60,15,F,20,A,A,A,B,A
2402,25286.0,20.4,50,60,10,F,20,A,A,A,B,A
2402,25287.0,4.2,40,35,5,F,20,A,A,A,B,A
2402,25288.0,16.1,0,0,0,F,20,A,A,B,B,A
2402,25289.0,0.0,35,0,0,F,20,A,A,B,B,A
2402,25290.0,11.1,5,0,0,F,20,A,A,B,B,A
2402,25291.0,16.9,30,25,0,F,20,A,A,B,B,A
2402,25292.0,14.9,10,0,0,F,20,A,A,B,B,A
2402,25293.0,26.3,0,0,20,F,20,A,A,B,B,A
2402,25294.0,16.6,20,30,25,F,20,A,A,B,C,A
2402,25295.0,16.4,0,0,0,F,20,A,A,B,C,A
2402,25296.0,7.5,0,30,0,F,20,A,A,B,C,A
2402,25297.0,35.0,0,0,25,F,20,A,A,B,C,A
2402,25298.0,34.3,0,30,0,F,20,A,A,B,C,A
2402,25299.0,21.4,0,25,10,F,20,A,A,B,C,A
2402,25300.0,14.5,0,0,0,F,20,A,A,B,C,A
2402,25301.0,26.4,0,0,0,F,20,A,A,B,C,A
2402,25302.0,11.9,0,0,0,F,20,A,A,C,C,A
2402,25303.0,11.9,0,0,0,F,20,A,A,C,C,A
2402,25304.0,11.9,0,0,0,F,20,A,A,C,C,A
2402,25305.0,16.4,30,45,0,F,20,A,A,C,D,A
2402,25306.0,23.6,0,25,0,F,20,A,B,C,D,A
2402,25307.0,14.3,0,0,0,F,20,A,B,C,D,A
2402,25308.0,22.6,40,0,0,F,20,A,B,C,D,A
2402,25309.0,2.4,20,0,0,F,20,A,B,D,D,B
2402,25310.0,3.0,0,60,0,F,20,A,B,D,D,B
2402,25311.0,24.5,5,15,0,F,20,A,D,D,D,B
2402,25312.0,10.5,10,0,0,F,20,A,D,D,D,B
2402,25313.0,15.0,0,0,10,F,20,A,D,D,D,B
2402,25314.0,12.1,15,0,15,F,20,A,D,D,D,B
2402,25315.0,16.6,0,0,0,F,20,A,D,D,D,B
2402,25316.0,4.4,30,50,0,F,20,A,D,D,D,B
2402,25317.0,16.1,50,0,30,F,20,A,D,D,D,B
2402,25318.0,7.5,45,15,0,F,20,A,D,D,D,B
2402,25319.0,13.3,0,0,0,F,20,A,D,D,D,B
2402,25320.0,7.5,0,30,0,F,20,A,D,D,D,B
2402,25321.0,2.0,0,0,0,F,20,A,D,D,D,B
2402,25322.0,7.5,0,30,0,F,20,A,D,D,D,B
2402,25323.0,14.5,0,0,0,M,20,A,D,D,D,B
2402,25324.0,7.5,0,30,0,M,20,A,D,D,D,B
2402,25325.0,9.5,0,25,0,M,20,A,D,D,D,B
2402,25326.0,9.5,0,25,0,M,20,A,D,D,D,B
2402,25327.0,16.7,30,40,5,M,20,A,D,D,D,B
2402,25328.0,17.5,0,0,0,M,20,A,D,D,D,B
2402,25329.0,15.2,20,0,0,M,20,A,D,D,D,B
2402,25330.0,25.4,0,0,0,M,20,A,D,D,D,B
2402,25331.0,12.1,0,30,0,M,20,A,D,D,D,B
2402,25332.0,25.2,0,0,0,M,20,A,D,D,D,C
2402,25333.0,15.0,10,0,0,M,20,A,D,D,D,C
2402,25334.0,15.0,0,0,10,M,20,A,D,D,D,C
2402,25335.0,8.5,0,45,10,M,20,A,D,D,E,C
2402,25336.0,15.0,0,0,0,M,20,A,D,D,E,C
2402,25337.0,7.5,0,0,0,M,20,A,D,D,E,C
2402,25338.0,15.0,0,0,0,M,20,A,D,D,E,C
2402,25339.0,23.1,0,10,10,M,20,A,D,D,E,C
2402,25340.0,7.5,0,0,0,M,20,A,D,E,E,C
2402,25341.0,14.9,0,0,0,M,20,A,D,E,E,C
2402,25342.0,7.5,0,0,0,M,20,A,D,E,E,C
2402,25343.0,15.0,0,0,0,M,20,A,D,E,E,D
2402,25344.0,15.0,0,0,0,M,20,A,D,E,E,D
2402,25345.0,15.0,0,0,0,M,20,A,D,E,F,D
2402,25346.0,14.7,0,0,0,M,20,A,D,E,F,D
2402,25347.0,15.0,0,0,0,M,20,A,D,E,F,D
2402,25348.0,15.0,0,0,0,M,20,A,D,E,F,D
2402,25349.0,15.0,0,0,0,M,20,B,D,E,F,D
2402,25350.0,15.0,0,0,15,M,20,B,D,E,F,E
2402,25351.0,15.0,0,0,0,M,20,B,D,E,F,E
2402,25352.0,15.0,0,0,0,M,20,B,D,E,F,E
2402,25353.0,15.0,0,0,0,M,20,B,D,E,F,E
2402,25354.0,15.0,0,0,0,M,20,B,E,E,F,E
2402,25355.0,15.0,0,0,0,M,20,C,E,F,F,E
2402,25356.0,16.9,30,35,10,M,20,E,E,F,F,E
2402,25357.0,14.7,0,0,0,M,20,E,E,F,F,E
2402,25358.0,7.5,0,0,0,M,20,E,F,F,F,F
2402,25359.0,18.0,0,0,0,M,20,E,F,F,F,F
2402,25360.0,15.0,0,0,0,M,20,E,F,F,F,F
2402,25361.0,9.5,20,30,0,M,20,,,,,
2402,25362.0,28.1,0,0,0,M,20,,,,,
3002,25363.0,15.0,0,0,0,F,20,A,A,A,A,A
3002,25364.0,7.0,70,65,5,F,20,A,A,A,A,A
3002,25365.0,7.5,0,0,0,F,20,A,A,A,B,A
3002,25366.0,7.5,0,0,0,F,20,A,A,A,B,A
3002,25367.0,15.0,0,0,0,F,20,A,A,A,B,A
3002,25368.0,16.0,0,0,0,F,20,A,A,B,B,A
3002,25369.0,0.0,30,0,10,F,20,A,A,B,B,A
3002,25370.0,4.8,80,0,0,F,20,A,A,B,B,A
3002,25371.0,0.0,15,25,0,F,20,A,A,B,C,A
3002,25372.0,11.1,0,25,0,F,20,A,B,B,C,A
3002,25373.0,31.2,45,0,10,F,20,A,B,B,C,A
3002,25374.0,7.0,30,35,0,F,20,A,B,B,C,A
3002,25375.0,2.6,50,15,0,F,20,A,B,B,C,A
3002,25376.0,13.2,0,10,15,F,20,A,B,B,C,A
3002,25377.0,15.0,0,0,0,F,20,A,C,C,C,A
3002,25378.0,15.0,0,0,0,M,20,A,C,C,C,A
3002,25379.0,15.0,0,0,0,M,20,A,D,C,C,A
3002,25380.0,16.0,0,0,0,M,20,A,D,C,C,A
3002,25381.0,26.4,0,0,10,M,20,A,D,C,D,A
3002,25382.0,14.9,0,0,0,M,20,A,D,C,D,B
3002,25383.0,15.0,0,0,0,M,20,A,D,C,D,B
3002,25384.0,10.9,30,5,5,M,20,A,D,C,D,B
3002,25385.0,15.0,0,0,0,M,20,A,D,C,D,B
3002,25386.0,39.2,0,0,0,M,20,A,D,D,D,B
3002,25387.0,7.2,20,15,30,M,20,A,D,D,D,B
3002,25388.0,14.7,0,0,0,M,20,A,D,D,D,B
3002,25389.0,26.9,0,0,0,M,20,A,D,D,D,B
3002,25390.0,15.0,0,0,0,M,20,A,D,D,D,B
3002,25391.0,0.0,50,0,0,M,20,A,D,D,D,B
3002,25392.0,16.0,0,0,0,M,20,A,D,D,D,B
3002,25393.0,15.0,0,0,0,M,20,A,D,D,D,B
3002,25394.0,11.1,15,15,10,M,20,A,D,D,E,B
3002,25395.0,15.0,0,10,5,M,20,A,D,D,E,B
3002,25396.0,6.4,15,45,10,M,20,A,D,D,E,C
3002,25397.0,10.5,50,0,0,M,20,B,D,D,E,C
3002,25398.0,5.4,0,45,0,M,20,B,D,D,E,C
3002,25399.0,2.6,0,0,0,M,20,B,D,D,E,D
3002,25400.0,9.6,0,45,5,M,20,B,D,D,E,D
3002,25401.0,7.5,0,0,0,M,20,B,D,D,E,D
3002,25402.0,15.0,0,0,0,M,20,B,D,D,F,E
3002,25403.0,13.5,10,0,0,M,20,B,D,E,F,E
3002,25404.0,17.0,0,0,0,M,20,C,E,F,F,E
3002,25405.0,9.5,10,30,10,M,20,E,E,F,F,F
3002,25406.0,2.6,0,0,0,M,20,,,,,
5401,25407.0,15.0,0,0,0,F,20,A,A,A,A,A
5401,25408.0,15.0,0,0,0,F,20,A,A,A,A,A
5401,25409.0,15.0,0,0,0,F,20,A,A,B,B,A
5401,25410.0,15.0,0,0,0,F,20,A,A,B,B,A
5401,25411.0,15.0,0,0,0,F,20,A,A,B,B,A
5401,25412.0,14.4,80,10,0,F,20,A,A,B,C,A
5401,25413.0,6.6,40,20,10,F,20,A,A,C,C,A
5401,25414.0,1.4,5,25,0,F,20,A,B,C,C,B
5401,25415.0,15.0,0,15,0,F,20,A,B,D,C,B
5401,25416.0,7.5,0,0,0,F,20,A,B,D,D,B
5401,25417.0,14.9,0,0,0,F,20,A,B,D,D,B
5401,25418.0,27.1,0,0,0,F,20,A,D,D,D,B
5401,25419.0,16.6,0,0,0,F,20,A,D,D,D,B
5401,25420.0,12.7,0,0,0,F,20,A,D,D,D,B
5401,25421.0,9.9,20,20,10,F,20,A,D,D,D,B
5401,25422.0,7.5,0,0,65,F,20,A,D,D,D,B
5401,25423.0,15.1,0,0,0,M,20,A,D,D,D,B
5401,25424.0,6.4,0,0,0,M,20,A,D,D,D,B
5401,25425.0,27.0,10,0,0,M,20,A,D,D,D,C
5401,25426.0,15.1,0,0,0,M,20,B,D,E,D,D
5401,25427.0,6.0,0,45,0,M,20,B,D,E,E,D
5401,25428.0,20.2,0,25,15,M,20,B,D,E,E,D
5401,25429.0,8.5,25,0,40,M,20,B,D,E,E,D
5401,25430.0,12.9,0,0,0,M,20,B,D,E,E,E
5401,25431.0,7.5,0,35,0,M,20,B,F,F,F,E
5401,25432.0,1.0,0,0,0,M,20,D,F,F,F,E
5401,25433.0,20.8,40,10,0,M,20,E,F,F,F,F
3502,25434.0,13.9,20,0,5,F,20,A,A,B,B,A
3502,25435.0,25.1,25,0,0,F,20,A,A,B,B,A
3502,25436.0,7.5,0,35,0,F,20,A,A,B,B,A
3502,25437.0,14.1,0,0,0,F,20,A,A,B,B,A
3502,25438.0,6.4,50,20,5,F,20,A,A,B,C,A
3502,25439.0,16.0,0,0,10,F,20,A,A,B,C,A
3502,25440.0,26.1,0,0,0,F,20,A,A,B,C,A
3502,25441.0,32.5,30,15,0,F,20,A,A,B,C,A
3502,25442.0,10.7,30,5,10,F,20,A,A,B,C,A
3502,25443.0,22.5,30,10,0,F,20,A,B,B,C,A
3502,25444.0,1.0,25,0,10,F,20,A,B,C,C,A
3502,25445.0,14.1,0,0,0,F,20,A,B,C,C,A
3502,25446.0,4.0,90,35,40,F,20,A,B,C,C,A
3502,25447.0,15.3,0,0,0,F,20,A,B,C,C,A
3502,25448.0,14.9,30,20,40,F,20,A,B,C,C,A
3502,25449.0,0.0,0,0,10,F,20,A,B,C,D,A
3502,25450.0,8.2,30,30,0,F,20,A,B,C,D,A
3502,25451.0,11.9,20,15,0,F,20,A,B,C,D,A
3502,25452.0,1.6,20,0,10,F,20,A,B,C,D,A
3502,25453.0,10.9,35,0,10,M,20,A,C,C,D,A
3502,25454.0,6.8,55,80,10,M,20,A,C,C,D,A
3502,25455.0,6.8,40,10,20,M,20,A,D,C,D,B
3502,25456.0,16.0,30,45,10,M,20,A,D,C,D,B
3502,25457.0,4.0,0,5,10,M,20,A,D,C,D,B
3502,25458.0,24.9,10,15,0,M,20,A,D,C,D,B
3502,25459.0,11.5,0,40,0,M,20,A,D,C,D,B
3502,25460.0,15.5,15,60,15,M,20,A,D,D,D,B
3502,25461.0,13.1,10,0,20,M,20,A,D,D,D,B
3502,25462.0,4.6,0,5,10,M,20,A,D,D,D,B
3502,25463.0,1.6,0,0,0,M,20,A,D,D,D,B
3502,25464.0,5.0,0,0,0,M,20,A,D,D,D,B
3502,25465.0,14.0,0,10,0,M,20,A,D,D,D,B
3502,25466.0,25.4,30,15,50,M,20,A,D,D,D,B
3502,25467.0,5.8,40,35,80,M,20,A,D,D,E,C
3502,25468.0,8.2,0,0,0,M,20,A,D,D,E,C
3502,25469.0,18.2,65,0,0,M,20,A,D,D,E,C
3502,25470.0,11.7,0,0,10,M,20,A,D,D,E,C
3502,25471.0,11.9,25,5,10,M,20,A,D,D,E,C
3502,25472.0,16.2,80,5,0,M,20,A,D,D,E,C
3502,25473.0,25.2,0,25,0,M,20,A,D,D,E,C
3502,25474.0,14.9,15,0,5,M,20,A,D,D,E,C
3502,25475.0,10.3,20,30,0,M,20,A,D,D,E,C
3502,25476.0,13.7,0,15,0,M,20,A,D,D,E,C
3502,25477.0,26.5,0,0,0,M,20,A,D,D,E,C
3502,25478.0,11.7,40,0,0,M,20,A,D,D,E,C
3502,25479.0,13.9,30,30,40,M,20,A,D,E,E,C
3502,25480.0,21.2,0,40,10,M,20,B,D,E,E,C
3502,25481.0,14.7,40,15,40,M,20,B,D,E,E,C
3502,25482.0,5.8,50,5,25,M,20,B,D,E,E,C
3502,25483.0,7.5,75,0,0,M,20,B,D,E,F,D
3502,25484.0,12.1,0,15,0,M,20,C,D,E,F,D
3502,25485.0,14.3,10,0,15,M,20,E,D,E,F,D
3502,25486.0,8.9,0,30,0,M,20,E,F,F,F,E
3502,25487.0,27.1,0,0,0,M,20,E,F,F,F,E
3502,25488.0,23.4,0,20,0,M,20,,,,,
3502,25489.0,6.6,0,0,0,M,20,,,,,
3502,25490.0,3.4,0,0,0,M,20,,,,,
3502,25491.0,16.7,0,0,0,M,20,,,,,
3502,25492.0,0.0,0,0,0,M,20,,,,,
3502,25493.0,8.6,0,0,0,M,20,,,,,
3502,25494.0,10.2,30,30,0,M,20,,,,,
3502,25495.0,15.0,0,0,0,M,20,,,,,
3502,25496.0,0.0,0,0,0,M,20,,,,,
3502,25497.0,0.0,0,0,0,M,20,,,,,
3502,25498.0,15.0,0,0,0,M,20,,,,,
3502,25499.0,15.0,50,0,45,M,20,,,,,
3502,25500.0,15.0,0,0,0,M,20,,,,,
2402,25501.0,3.6,0,0,0,F,20,A,A,A,A,A
2402,25502.0,22.5,50,0,70,F,20,A,A,A,A,A
2402,25503.0,0.0,70,50,0,F,20,A,A,A,A,A
2402,25504.0,15.0,0,0,20,F,20,A,A,A,A,A
2402,25505.0,15.0,0,0,0,F,20,A,A,B,B,A
2402,25506.0,7.5,10,60,0,F,20,A,A,B,B,A
2402,25507.0,14.5,0,0,25,F,20,A,A,B,B,A
2402,25508.0,17.8,0,30,30,F,20,A,A,B,B,A
2402,25509.0,26.7,0,0,0,F,20,A,A,B,B,A
2402,25510.0,0.0,0,0,0,F,20,A,A,B,B,A
2402,25511.0,0.0,0,25,0,F,20,A,A,B,B,A
2402,25512.0,0.0,0,0,0,F,20,A,A,B,B,A
2402,25513.0,11.5,50,0,0,F,20,A,A,B,C,A
2402,25514.0,17.4,0,0,0,F,20,A,A,B,C,A
2402,25515.0,9.9,0,0,0,F,20,A,B,B,C,A
2402,25516.0,16.0,0,0,0,F,20,A,B,B,C,B
2402,25517.0,15.0,0,0,0,F,20,A,B,C,C,B
2402,25518.0,11.4,40,60,25,F,20,A,B,C,C,B
2402,25519.0,15.0,0,0,0,F,20,A,B,C,C,B
2402,25520.0,0.0,0,0,0,F,20,A,B,C,D,B
2402,25521.0,12.4,0,0,15,F,20,A,B,C,D,B
2402,25522.0,13.3,0,0,25,F,20,A,B,C,D,B
2402,25523.0,27.9,0,0,0,F,20,A,C,C,D,B
2402,25524.0,18.0,0,0,0,F,20,A,C,C,D,B
2402,25525.0,15.0,20,0,0,F,20,A,D,D,D,B
2402,25526.0,15.0,20,0,0,F,20,A,D,D,D,B
2402,25527.0,4.2,20,0,0,F,20,A,D,D,D,B
2402,25528.0,0.0,0,0,0,F,20,A,D,D,D,B
2402,25529.0,0.0,0,0,0,F,20,A,D,D,D,B
2402,25530.0,0.0,0,0,0,F,20,A,D,D,D,B
2402,25531.0,0.0,0,0,0,F,20,A,D,D,D,B
2402,25532.0,15.0,0,0,0,F,20,A,D,D,D,B
2402,25533.0,0.0,0,0,0,F,20,A,D,D,D,B
2402,25534.0,0.0,0,0,0,F,20,A,D,D,D,B
2402,25535.0,15.0,0,0,0,F,20,A,D,D,D,B
2402,25536.0,0.0,0,0,0,F,20,A,D,D,D,B
2402,25537.0,0.0,0,0,0,F,20,A,D,D,D,B
2402,25538.0,22.5,0,45,0,F,20,A,D,D,D,B
2402,25539.0,15.0,0,0,0,M,20,A,D,E,E,C
2402,25540.0,0.0,0,0,0,M,20,A,D,E,E,D
2402,25541.0,0.0,0,0,0,M,20,A,D,E,E,D
2402,25542.0,0.0,0,0,0,M,20,B,D,E,E,D
2402,25543.0,3.6,0,0,0,M,20,B,D,E,E,D
2402,25544.0,16.0,0,0,0,M,20,B,D,E,E,D
2402,25545.0,0.0,0,0,0,M,20,B,D,E,E,E
2402,25546.0,14.1,0,15,0,M,20,B,F,F,F,E
2402,25547.0,0.0,0,0,0,M,20,C,F,F,F,E
2402,25548.0,19.2,0,0,0,M,20,E,F,F,F,F
2402,25549.0,0.0,0,0,0,M,20,,,,,
2402,25550.0,0.0,0,0,0,M,20,,,,,
2402,25551.0,0.0,0,0,0,M,20,,,,,
2402,25552.0,0.0,0,0,0,M,20,,,,,
2402,25553.0,0.0,0,0,0,M,20,,,,,
2402,25554.0,15.0,0,0,0,M,20,,,,,
2402,25555.0,0.0,0,0,0,M,20,,,,,
2402,25556.0,0.0,0,0,0,M,20,,,,,
2402,25557.0,0.0,0,0,0,M,20,,,,,
2402,25558.0,0.0,0,0,0,M,20,,,,,
2402,25559.0,16.0,0,0,0,M,20,,,,,
2402,25560.0,0.0,0,0,0,M,20,,,,,
2402,25561.0,15.0,15,5,0,M,20,,,,,
2402,25562.0,9.1,20,0,40,M,20,,,,,
2402,25563.0,9.2,45,75,15,M,20,,,,,
2402,25564.0,6.0,0,0,10,M,20,,,,,
2402,25565.0,17.0,40,45,70,M,20,,,,,
2402,25566.0,7.5,0,0,0,M,20,,,,,
2402,25567.0,7.5,0,0,0,M,20,,,,,
2402,25568.0,7.5,0,0,0,M,20,,,,,
2402,25569.0,17.5,0,0,0,M,20,,,,,
2402,25570.0,7.5,0,0,0,M,20,,,,,
2402,25571.0,7.5,0,0,0,M,20,,,,,
2402,25572.0,7.5,0,0,0,M,20,,,,,
2402,25573.0,20.7,20,0,40,M,20,,,,,
2402,25574.0,7.5,0,0,0,M,20,,,,,
2402,25575.0,7.5,0,0,0,M,20,,,,,
2402,25576.0,16.4,0,0,0,M,20,,,,,
2402,25577.0,19.3,0,0,0,M,20,,,,,
2402,25578.0,7.5,0,0,0,M,20,,,,,
2402,25579.0,0.0,10,0,40,M,20,,,,,
2402,25580.0,7.5,0,0,0,M,20,,,,,
2402,25581.0,7.5,0,0,0,M,20,,,,,
2402,25582.0,7.5,0,0,0,M,20,,,,,
2402,25583.0,7.5,0,0,0,M,20,,,,,
2402,25584.0,7.5,0,0,0,M,20,,,,,
2402,25585.0,7.5,0,0,0,M,20,,,,,
2402,25586.0,7.5,30,0,45,M,20,,,,,
2402,25587.0,7.5,50,0,30,M,20,,,,,
2402,25588.0,7.5,0,0,0,M,20,,,,,
2402,25589.0,7.5,0,0,0,M,20,,,,,
2402,25590.0,7.5,0,0,0,M,20,,,,,
2402,25591.0,7.5,0,0,0,M,20,,,,,
3002,25592.0,13.9,0,0,0,F,20,A,A,A,A,A
3002,25593.0,6.4,0,50,0,F,20,A,A,A,A,A
3002,25594.0,9.5,0,50,10,F,20,A,A,A,A,A
3002,25595.0,6.4,0,10,0,F,20,A,A,A,A,A
3002,25596.0,7.5,0,0,0,F,20,A,A,A,A,A
3002,25597.0,7.5,0,0,0,F,20,A,A,A,A,A
3002,25598.0,0.0,0,0,0,F,20,A,A,A,B,A
3002,25599.0,7.5,0,0,0,F,20,A,A,B,B,A
3002,25600.0,7.5,0,0,0,F,20,A,A,B,B,A
3002,25601.0,7.5,0,0,0,F,20,A,A,B,B,A
3002,25602.0,7.5,0,0,0,F,20,A,A,B,B,A
3002,25603.0,17.6,0,0,0,F,20,A,B,B,B,A
3002,25604.0,16.8,50,90,20,F,20,A,B,B,B,A
3002,25605.0,7.5,0,0,0,F,20,A,B,B,B,A
3002,25606.0,9.1,10,0,0,F,20,A,B,B,B,A
3002,25607.0,27.4,30,25,35,F,20,A,B,B,C,A
3002,25608.0,0.0,0,0,0,F,20,A,B,B,C,A
3002,25609.0,7.5,0,0,0,F,20,A,B,B,C,A
3002,25610.0,12.7,50,60,0,F,20,A,B,B,C,A
3002,25611.0,0.0,0,0,0,F,20,A,C,B,C,A
3002,25612.0,7.5,0,0,0,F,20,A,C,B,C,A
3002,25613.0,7.5,0,0,0,F,20,A,C,B,C,A
3002,25614.0,7.5,0,0,0,F,20,A,D,B,C,A
3002,25615.0,7.5,0,0,0,F,20,A,D,B,C,A
3002,25616.0,7.5,0,0,0,F,20,A,D,C,C,A
3002,25617.0,7.5,0,0,0,F,20,A,D,C,C,A
3002,25618.0,7.5,0,0,0,F,20,A,D,C,C,A
3002,25619.0,7.5,0,0,0,F,20,A,D,C,C,A
3002,25620.0,7.5,0,0,0,F,20,A,D,C,C,A
3002,25621.0,14.3,15,0,0,M,20,A,D,C,D,A
3002,25622.0,7.5,0,0,0,M,20,A,D,C,D,B
3002,25623.0,7.5,0,0,0,M,20,A,D,C,D,B
3002,25624.0,7.5,0,0,0,M,20,A,D,D,D,B
3002,25625.0,7.5,0,0,0,M,20,A,D,D,D,B
3002,25626.0,7.5,0,0,0,M,20,A,D,D,D,B
3002,25627.0,17.0,10,0,0,M,20,A,D,D,D,B
3002,25628.0,7.5,0,0,0,M,20,A,D,D,D,B
3002,25629.0,17.5,25,55,0,M,20,A,D,D,D,B
3002,25630.0,7.5,0,0,0,M,20,A,D,D,D,B
3002,25631.0,7.5,0,0,0,M,20,A,D,D,D,B
3002,25632.0,7.5,0,0,0,M,20,A,D,D,D,B
3002,25633.0,7.5,0,0,0,M,20,A,D,D,D,B
3002,25634.0,7.5,0,0,0,M,20,A,D,D,D,B
3002,25635.0,7.5,0,0,0,M,20,A,D,D,D,B
3002,25636.0,3.0,20,0,10,M,20,A,D,D,D,B
3002,25637.0,7.5,0,0,0,M,20,A,D,D,D,B
3002,25638.0,7.5,0,0,0,M,20,A,D,D,D,B
3002,25639.0,7.5,0,0,0,M,20,A,D,D,D,B
3002,25640.0,7.5,0,0,0,M,20,A,D,D,D,B
3002,25641.0,7.5,0,0,0,M,20,A,D,D,D,B
3002,25642.0,7.5,0,0,0,M,20,A,D,D,D,B
3002,25643.0,0.0,30,0,20,M,20,A,D,D,D,B
3002,25644.0,7.5,0,0,0,M,20,B,D,D,D,B
3002,25645.0,7.5,0,0,0,M,20,B,D,D,D,B
3002,25646.0,0.0,10,30,10,M,20,B,D,D,D,B
3002,25647.0,18.4,0,0,0,M,20,B,D,D,D,B
3002,25648.0,7.5,0,0,0,M,20,B,D,D,D,B
3002,25649.0,7.5,0,0,0,M,20,B,D,D,D,C
3202,25650.0,9.5,30,0,0,F,20,A,A,A,A,A
3202,25651.0,7.5,0,0,0,F,20,A,A,B,B,A
3202,25652.0,7.4,0,0,0,F,20,A,A,B,B,A
3202,25653.0,7.5,0,0,0,F,20,A,A,B,B,A
3202,25654.0,7.5,0,0,0,F,20,A,A,B,B,A
3202,25655.0,7.5,0,0,0,F,20,A,B,B,B,A
3202,25656.0,7.5,0,0,0,F,20,A,B,B,B,A
3202,25657.0,9.5,10,20,30,F,20,A,B,B,B,A
3202,25658.0,7.5,0,0,0,F,20,A,B,B,C,A
3202,25659.0,7.5,0,0,0,F,20,A,B,B,C,A
3202,25660.0,7.5,0,0,0,F,20,A,D,C,D,A
3202,25661.0,22.2,10,25,15,F,20,A,D,C,D,A
3202,25662.0,7.5,0,0,0,F,20,A,D,C,D,B
3202,25663.0,7.5,50,5,20,M,20,A,D,C,D,B
3202,25664.0,7.5,0,0,0,M,20,A,D,C,D,B
3202,25665.0,7.5,0,0,0,M,20,A,D,C,D,B
3202,25666.0,15.3,50,30,0,M,20,,,,,
3202,25667.0,7.5,0,0,0,M,20,,,,,
3202,25668.0,7.5,0,0,0,M,20,,,,,
5401,25669.0,7.5,0,0,0,F,20,A,A,A,C,A
5401,25670.0,7.5,0,0,0,F,20,A,A,B,C,B
5401,25671.0,23.5,20,15,5,F,20,A,A,B,D,B
5401,25672.0,7.5,0,0,0,F,20,A,A,C,D,B
5401,25673.0,7.5,0,0,0,F,20,A,B,C,D,B
5401,25674.0,7.5,0,0,0,F,20,A,D,D,D,B
5401,25675.0,7.5,0,0,0,F,20,A,D,D,D,B
5401,25676.0,7.5,20,40,15,F,20,A,D,D,D,C
5401,25677.0,7.5,0,0,0,F,20,A,D,D,D,D
5401,25678.0,7.5,0,0,0,F,20,A,D,D,D,D
4004,25679.0,7.5,0,0,0,M,20,A,A,B,D,B
4004,25680.0,7.5,0,0,0,M,20,A,A,C,D,B
4004,25681.0,7.5,0,0,0,M,20,A,A,C,D,B
4004,25682.0,7.5,0,0,0,M,20,A,A,C,D,B
4004,25683.0,7.5,0,0,0,M,20,A,A,C,D,B
4004,25684.0,7.5,0,0,0,M,20,A,A,C,D,B
4004,25685.0,7.5,0,0,0,M,20,A,A,D,D,B
4004,25686.0,7.5,0,0,0,M,20,A,A,D,D,B
4004,25687.0,7.5,0,0,0,M,20,A,A,D,D,B
4004,25688.0,7.5,0,0,0,M,20,A,A,D,D,B
4004,25689.0,7.5,0,0,0,M,20,A,A,D,D,B
4004,25690.0,7.5,0,0,0,M,20,A,B,D,D,B
4004,25691.0,7.5,0,0,0,M,20,A,B,D,D,B
4004,25692.0,8.5,20,30,15,M,20,A,B,D,D,B
4004,25693.0,7.5,0,0,0,M,20,A,B,D,D,C
4004,25694.0,7.5,0,0,0,M,20,A,D,D,D,C
4004,25695.0,0.0,0,0,0,M,20,A,D,D,D,C
4004,25696.0,7.5,0,0,0,M,20,A,D,D,E,C
4004,25697.0,4.4,0,0,0,M,20,A,D,D,E,C
4004,25698.0,18.0,0,0,0,M,20,A,D,D,E,D
4004,25699.0,13.1,30,0,10,M,20,A,D,D,E,D
4004,25700.0,1.6,0,20,0,M,20,A,D,E,E,D
4004,25701.0,1.0,0,0,0,M,20,A,D,E,E,E
4004,25702.0,17.0,0,0,0,M,20,A,D,E,E,E
4004,25703.0,10.1,50,10,0,M,20,A,D,E,E,E
4004,25704.0,12.7,30,0,25,M,20,A,D,E,E,E
4004,25705.0,17.0,0,0,0,M,20,A,D,E,E,E
4004,25706.0,4.6,0,0,0,M,20,A,D,E,F,E
4004,25707.0,35.6,0,35,0,M,20,A,D,E,F,E
4004,25708.0,17.0,0,0,0,M,20,A,D,E,F,E
4004,25709.0,17.0,0,0,0,M,20,A,D,E,F,E
4004,25710.0,15.5,10,15,0,M,20,A,D,E,F,F
4004,25711.0,20.0,0,0,0,M,20,B,D,F,F,F
4004,25712.0,7.8,10,0,0,M,20,B,D,F,F,F
4004,25713.0,28.9,0,0,0,M,20,B,E,F,F,F
4004,25714.0,3.4,0,0,30,M,20,E,F,F,F,G
1501,25715.0,35.2,25,15,0,F,20,A,A,A,B,A
1501,25716.0,8.0,0,0,0,F,20,A,A,A,B,A
1501,25717.0,24.0,0,35,5,F,20,A,A,A,B,A
1501,25718.0,4.4,10,15,0,F,20,A,A,B,B,A
1501,25719.0,30.0,0,0,0,F,20,A,A,B,C,A
1501,25720.0,7.5,0,45,0,F,20,A,A,B,C,A
1501,25721.0,9.5,0,0,0,F,20,A,A,B,D,A
1501,25722.0,17.1,0,0,25,F,20,A,B,B,D,A
1501,25723.0,6.8,30,50,0,F,20,A,B,B,D,A
1501,25724.0,30.0,0,0,0,F,20,A,B,C,D,A
1501,25725.0,13.5,90,0,20,F,20,A,B,D,D,B
1501,25726.0,3.2,100,0,5,F,20,A,B,D,D,B
1501,25727.0,14.5,0,0,0,F,20,A,D,D,D,B
1501,25728.0,1.0,0,0,0,F,20,A,D,D,D,B
1501,25729.0,7.5,0,45,0,F,20,A,D,D,D,B
1501,25730.0,17.0,0,0,0,F,20,A,D,D,D,B
1501,25731.0,13.7,0,20,0,F,20,A,D,D,D,B
1501,25732.0,1.0,0,0,0,M,20,A,D,D,D,B
1501,25733.0,14.3,0,0,0,M,20,A,D,D,D,B
1501,25734.0,23.6,25,20,0,M,20,A,D,D,D,B
1501,25735.0,16.1,75,0,0,M,20,A,D,D,D,B
1501,25736.0,12.5,50,50,0,M,20,A,D,D,D,C
1501,25737.0,1.0,0,0,0,M,20,A,D,D,E,C
1501,25738.0,7.5,0,45,0,M,20,A,D,D,E,C
1501,25739.0,14.1,0,10,0,M,20,A,D,E,F,C
1501,25740.0,18.8,0,0,0,M,20,B,D,E,F,C
1501,25741.0,30.0,0,0,0,M,20,E,F,E,F,F
1501,25742.0,11.3,10,30,10,M,20,,,,,
1601,25743.0,29.9,0,0,0,F,20,A,A,B,B,A
1601,25744.0,17.0,0,0,0,F,20,A,A,C,B,A
1601,25745.0,3.2,20,0,10,F,20,A,A,C,C,A
1601,25746.0,17.0,15,0,0,F,20,A,A,C,C,A
1601,25747.0,4.0,20,60,20,F,20,A,A,C,C,A
1601,25748.0,3.2,30,0,0,F,20,A,A,C,C,B
1601,25749.0,15.0,0,0,0,F,20,A,A,C,D,B
1601,25750.0,12.3,0,25,0,F,20,A,A,D,D,B
1601,25751.0,15.0,0,0,0,F,20,A,B,D,D,B
1601,25752.0,7.0,0,40,20,F,20,A,B,D,D,B
1601,25753.0,24.5,10,20,10,F,20,A,B,D,D,B
1601,25754.0,11.3,30,20,5,F,20,A,D,D,D,B
1601,25755.0,15.0,0,0,0,M,20,A,D,D,D,C
1601,25756.0,4.8,0,0,0,M,20,A,D,D,D,C
1601,25757.0,15.7,70,20,0,M,20,A,D,D,E,C
1601,25758.0,14.3,0,20,0,M,20,A,D,E,E,D
1601,25759.0,15.0,0,0,0,M,20,A,D,E,E,E
2402,25760.0,17.1,0,0,0,F,20,A,A,D,D,B
2402,25761.0,15.0,0,0,0,F,20,A,A,D,D,B
2402,25762.0,15.0,0,0,0,F,20,A,A,D,D,B
2402,25763.0,5.0,0,0,0,F,20,A,A,D,D,C
2402,25764.0,15.0,0,0,0,M,20,A,A,D,D,C
2402,25765.0,3.8,20,5,5,M,20,A,A,D,D,C
2402,25766.0,7.5,5,0,0,M,20,A,A,E,E,C
2402,25767.0,33.6,25,30,0,M,20,A,A,E,E,C
2402,25768.0,3.6,30,0,0,M,27,A,B,E,E,C
904,25769.0,15.0,0,0,0,F,20,A,A,B,B,A
904,25770.0,15.0,0,0,0,F,20,A,A,B,B,A
904,25771.0,15.0,0,0,0,F,20,A,A,B,B,A
904,25772.0,12.3,0,15,0,F,20,A,A,B,B,A
904,25773.0,15.0,0,0,0,F,20,A,A,B,B,A
904,25774.0,15.0,0,0,0,F,20,A,A,B,B,A
904,25775.0,10.4,0,30,0,F,20,A,A,B,B,A
904,25776.0,15.0,0,0,0,F,20,A,A,B,B,A
904,25777.0,15.0,0,0,0,F,20,A,A,B,C,A
904,25778.0,15.0,0,0,0,F,20,A,A,B,C,B
904,25779.0,15.0,0,15,0,F,20,A,A,B,C,B
904,25780.0,15.0,0,0,0,F,20,A,A,B,C,B
904,25781.0,15.0,0,0,0,F,20,A,A,B,C,B
904,25782.0,17.3,0,0,0,F,20,A,A,C,C,B
904,25783.0,4.8,0,0,0,F,20,A,A,C,C,B
904,25784.0,2.4,40,0,0,F,20,A,A,C,D,B
904,25785.0,10.5,0,30,0,F,20,A,B,C,D,B
904,25786.0,7.5,5,0,0,M,20,C,D,E,F,D
904,25787.0,15.0,0,0,0,M,20,C,D,E,F,D
904,25788.0,6.0,10,0,5,M,20,D,D,E,F,E
904,25789.0,14.7,30,0,0,M,20,E,D,E,F,E
904,25790.0,16.3,30,60,5,M,20,E,D,E,F,E
904,25791.0,16.4,10,0,10,M,20,E,F,E,F,E
904,25792.0,3.6,20,0,10,M,20,E,F,E,F,E
904,25793.0,16.5,40,45,10,M,20,,,,,
904,25794.0,11.1,35,20,0,M,20,,,,,
904,25795.0,7.5,0,0,5,M,20,,,,,
4004,25796.0,13.3,0,20,0,M,20,A,A,C,D,C
4004,25797.0,15.0,0,0,10,M,20,A,A,C,D,C
4004,25798.0,30.9,0,0,0,M,20,A,A,C,D,C
4004,25799.0,15.0,80,80,20,M,20,A,A,C,D,D
4004,25800.0,7.5,0,10,0,M,20,A,A,C,D,D
4004,25801.0,12.3,0,20,0,M,20,A,A,D,D,D
4004,25802.0,18.6,0,35,30,M,20,A,A,D,D,D
4004,25803.0,11.7,30,15,10,M,20,A,A,D,D,D
4004,25804.0,10.3,0,0,0,M,20,A,A,D,D,D
4004,25805.0,15.0,25,0,0,M,20,A,A,D,D,D
4004,25806.0,13.9,0,0,15,M,20,A,A,D,D,D
4004,25807.0,8.1,0,5,0,M,20,A,D,D,E,E
4004,25808.0,8.5,0,0,0,M,20,A,D,D,E,E
4004,25809.0,19.6,0,0,0,M,20,A,D,D,E,E
4004,25810.0,1.0,25,5,20,M,20,A,D,E,E,E
4004,25811.0,31.2,0,0,0,M,20,A,D,E,E,E
4004,25812.0,10.7,30,20,10,M,20,A,D,E,E,F
4004,25813.0,8.6,50,0,10,M,20,A,F,E,F,F
4004,25814.0,5.2,0,0,0,M,20,B,F,F,F,F
4004,25815.0,30.1,80,0,0,M,20,B,F,F,F,F
3202,25816.0,16.1,25,0,0,M,20,,,,,
4004,25817.0,17.7,0,0,0,F,20,A,A,A,B,A
4004,25818.0,8.5,0,45,0,F,20,A,A,A,B,A
4004,25819.0,8.5,0,0,0,F,20,A,A,B,B,A
4004,25820.0,16.3,25,0,0,F,20,A,A,B,B,A
4004,25821.0,15.1,0,0,0,F,20,A,A,B,B,B
4004,25822.0,15.1,0,0,0,F,20,A,A,B,C,B
4004,25823.0,8.2,0,45,0,F,20,A,A,B,C,B
4004,25824.0,2.0,45,0,0,F,20,A,A,B,C,B
4004,25825.0,7.5,0,0,0,M,20,A,A,D,D,C
4004,25826.0,8.9,0,0,0,M,20,A,A,D,D,C
4004,25827.0,5.0,30,70,0,M,20,A,A,D,D,C
4004,25828.0,7.5,0,0,0,M,20,A,A,D,D,C
4004,25829.0,7.5,0,0,0,M,20,A,A,D,D,C
4004,25830.0,30.0,0,0,0,M,20,A,A,D,D,C
4004,25831.0,7.5,0,0,0,M,20,A,A,D,D,C
4004,25832.0,7.5,0,0,0,M,20,A,A,D,D,C
4004,25833.0,8.9,50,25,0,M,20,A,A,D,D,C
4004,25834.0,10.7,0,0,0,M,20,A,A,D,D,C
4004,25835.0,31.4,0,0,0,M,20,A,A,D,D,C
4004,25836.0,5.8,0,0,0,M,20,A,A,D,D,C
4004,25837.0,10.1,0,35,0,M,20,A,A,D,E,D
4004,25838.0,30.0,0,0,0,M,20,A,A,D,E,D
4004,25839.0,18.2,0,0,0,M,20,A,A,D,E,D
4004,25840.0,17.9,0,0,0,M,20,A,A,D,E,D
4004,25841.0,30.0,0,0,0,M,20,A,A,D,E,D
4004,25842.0,9.1,0,0,0,M,20,A,A,D,E,E
4004,25843.0,18.6,0,0,10,M,20,A,A,D,E,E
4004,25844.0,8.5,0,0,5,M,20,A,A,D,E,E
4004,25845.0,1.4,10,0,40,M,20,A,A,D,E,E
4004,25846.0,4.0,35,0,0,M,20,A,B,E,E,E
4004,25847.0,14.7,35,0,0,M,20,A,B,E,E,E
4004,25848.0,12.8,50,0,0,M,20,A,C,E,E,E
4004,25849.0,11.7,30,70,30,M,20,A,C,E,E,E
4004,25850.0,18.0,0,0,0,M,20,A,C,E,E,E
4004,25851.0,19.2,50,0,30,M,20,A,C,E,E,E
4004,25852.0,1.4,50,0,0,M,20,A,C,E,E,E
4004,25853.0,17.5,25,0,0,M,20,A,C,E,E,E
4004,25854.0,30.0,0,0,0,M,20,A,C,E,E,E
4004,25855.0,7.5,0,0,0,M,20,A,D,E,E,F
4004,25856.0,11.9,0,25,0,M,20,A,D,E,E,F
4004,25857.0,9.7,10,30,0,M,20,A,D,E,E,F
4004,25858.0,13.3,0,15,0,M,20,A,D,E,E,F
4004,25859.0,2.0,0,0,0,M,20,A,D,E,E,F
1602,25860.0,3.2,10,0,0,F,20,A,A,C,D,B
1602,25861.0,11.7,0,0,30,F,20,A,A,C,D,B
1602,25862.0,17.6,20,0,0,F,20,A,A,C,D,B
1602,25863.0,15.0,0,35,0,F,20,A,A,C,D,B
1602,25864.0,30.0,0,0,0,F,20,A,A,C,D,B
1602,25865.0,4.4,30,5,0,F,20,A,A,C,D,B
1602,25866.0,10.5,0,20,15,F,20,A,A,C,D,B
1602,25867.0,30.5,0,0,0,F,20,A,A,C,D,B
1602,25868.0,7.5,30,0,0,F,20,A,A,D,D,B
1602,25869.0,9.5,0,0,0,F,20,A,A,D,D,B
1602,25870.0,5.0,0,0,0,F,20,A,A,D,D,B
1602,25871.0,2.6,0,0,0,F,20,A,A,D,D,B
1602,25872.0,31.6,0,0,0,F,20,A,A,D,D,B
1602,25873.0,0.0,0,0,0,F,20,A,A,D,D,B
1602,25874.0,2.8,0,45,0,F,20,A,A,D,D,C
1602,25875.0,29.8,0,0,0,F,20,A,A,D,D,C
1602,25876.0,6.0,40,0,0,F,20,A,A,D,D,C
1602,25877.0,14.5,30,60,25,F,20,A,A,D,D,C
1602,25878.0,6.4,20,0,0,F,20,A,A,D,D,C
1602,25879.0,14.5,5,25,10,F,20,A,A,D,E,C
1602,25880.0,26.5,30,5,0,F,20,A,A,D,E,C
1602,25881.0,13.3,25,0,30,F,20,A,A,D,E,C
1602,25882.0,13.5,70,50,0,F,20,A,B,D,E,D
1602,25883.0,23.4,10,45,0,F,20,A,B,E,E,D
1602,25884.0,24.2,0,40,0,F,20,A,B,E,E,D
1602,25885.0,0.0,0,0,0,F,20,A,C,E,E,D
1602,25886.0,19.3,10,65,0,M,20,A,C,E,E,D
1602,25887.0,9.4,0,0,0,M,20,A,D,E,E,D
1602,25888.0,31.5,0,0,0,M,20,A,D,E,E,D
1602,25889.0,18.6,0,0,0,M,20,A,D,E,E,D
1602,25890.0,8.4,75,35,30,M,20,A,D,E,E,E
1602,25891.0,9.5,0,0,0,M,20,A,D,E,E,E
1602,25892.0,20.8,75,0,0,M,20,A,D,F,E,E
1602,25893.0,27.7,10,0,0,M,20,B,D,F,F,F
1602,25894.0,3.6,10,0,30,M,20,E,E,F,F,F
1602,25895.0,8.4,50,0,30,M,20,,,,,
1602,25896.0,2.4,0,0,0,M,20,,,,,
1602,25897.0,7.5,15,0,0,M,20,,,,,
1602,25898.0,15.7,0,0,10,M,20,,,,,
1602,25899.0,29.1,0,0,0,M,20,,,,,
1402,25900.0,20.6,0,0,0,M,20,A,A,D,D,B
1402,25901.0,6.2,0,0,0,M,20,A,A,D,D,B
1402,25902.0,30.3,0,0,0,M,20,A,A,D,D,B
1402,25903.0,18.6,0,0,0,M,20,A,A,D,D,B
1402,25904.0,18.4,0,0,0,M,20,A,A,D,D,B
1402,25905.0,20.4,30,35,10,M,20,A,A,D,D,B
1402,25906.0,23.5,15,30,10,M,20,A,B,D,D,B
1402,25907.0,18.0,10,60,20,M,20,A,B,D,D,C
1402,25908.0,5.0,20,0,10,M,20,A,B,D,D,C
1402,25909.0,7.5,0,15,0,M,20,A,B,E,E,C
1402,25910.0,20.6,0,0,0,M,20,A,D,E,E,D
1402,25911.0,9.5,0,0,0,M,20,A,D,E,E,D
702,25912.0,7.5,15,0,0,F,20,A,A,B,B,A
702,25913.0,17.5,0,0,0,F,20,A,A,B,B,B
702,25914.0,2.4,15,20,15,F,20,A,A,B,B,B
702,25915.0,1.4,10,0,0,F,20,A,A,B,B,B
702,25916.0,19.0,0,0,0,F,20,A,A,C,C,B
702,25917.0,16.9,15,0,0,F,20,A,A,C,C,B
702,25918.0,21.0,0,0,0,F,20,A,A,C,D,B
702,25919.0,9.9,0,0,0,F,20,A,A,D,D,B
702,25920.0,6.6,0,0,0,F,20,A,A,D,D,B
702,25921.0,27.8,0,20,0,F,20,A,A,D,D,B
702,25922.0,0.0,0,20,0,F,20,A,A,D,D,B
702,25923.0,15.0,0,0,10,F,20,A,A,D,D,B
702,25924.0,2.4,30,0,20,F,20,A,A,D,D,C
702,25925.0,4.2,20,20,0,F,20,A,A,D,D,C
702,25926.0,7.4,25,0,0,M,20,A,A,D,D,C
702,25927.0,16.3,30,0,0,M,20,A,B,D,D,C
702,25928.0,30.9,0,0,0,M,20,A,D,E,E,E
702,25929.0,28.9,25,0,0,M,20,A,D,F,E,E
702,25930.0,18.3,25,0,0,M,20,A,D,F,F,F
702,25931.0,11.5,0,0,0,M,20,A,F,F,F,F
702,25932.0,30.9,0,0,0,M,20,,,,,
5401,25933.0,15.0,25,15,0,F,20,A,A,A,B,A
5401,25934.0,6.4,0,0,0,F,20,A,A,B,B,A
5401,25935.0,21.3,20,40,0,F,20,A,A,B,B,A
5401,25936.0,8.5,0,0,0,F,20,A,A,B,B,A
5401,25937.0,19.4,30,15,40,F,20,A,A,B,B,A
5401,25938.0,7.5,0,60,0,F,20,A,A,B,B,A
5401,25939.0,24.6,50,0,0,F,20,A,A,B,B,A
5401,25940.0,12.7,10,5,40,F,20,A,A,B,C,A
5401,25941.0,26.0,40,0,0,F,20,A,A,B,C,A
5401,25942.0,11.2,0,45,20,F,20,A,A,B,C,A
5401,25943.0,27.1,40,45,20,F,20,A,A,B,C,A
5401,25944.0,7.5,25,0,0,F,20,A,A,B,C,A
5401,25945.0,18.7,0,0,0,F,20,A,A,B,C,A
5401,25946.0,17.8,0,0,0,F,20,A,A,B,C,A
5401,25947.0,15.0,0,0,0,F,20,A,A,B,C,A
5401,25948.0,8.5,0,0,10,F,20,A,A,C,C,A
5401,25949.0,15.0,0,40,0,F,20,A,A,C,C,A
5401,25950.0,16.4,0,0,0,F,20,A,A,C,C,A
5401,25951.0,17.6,0,0,0,F,20,A,A,C,C,A
5401,25952.0,15.0,0,10,0,F,20,A,A,C,D,A
5401,25953.0,16.6,0,0,0,F,20,A,A,C,D,A
5401,25954.0,8.9,70,0,10,F,20,A,A,C,D,A
5401,25955.0,21.0,0,0,0,F,20,A,A,C,D,A
5401,25956.0,26.5,40,0,0,F,20,A,A,D,D,C
5401,25957.0,19.4,0,0,0,F,20,A,A,D,D,C
5401,25958.0,7.0,0,0,0,F,20,A,A,D,D,C
5401,25959.0,30.0,0,0,0,F,20,A,A,D,D,C
5401,25960.0,19.4,0,0,0,F,20,A,A,D,D,C
5401,25961.0,3.4,0,0,0,F,20,A,A,D,E,C
5401,25962.0,3.2,0,0,0,F,20,A,A,D,E,C
5401,25963.0,16.3,0,20,0,F,20,A,A,D,E,C
5401,25964.0,19.4,0,0,0,F,20,A,A,D,E,C
5401,25965.0,11.9,0,0,0,F,20,A,A,D,E,C
5401,25966.0,10.4,0,0,0,F,20,A,A,D,E,C
5401,25967.0,11.7,0,0,0,F,20,A,A,D,E,C
5401,25968.0,11.9,0,0,0,F,20,A,A,D,E,C
5401,25969.0,10.1,0,0,0,F,20,A,A,D,E,D
5401,25970.0,18.8,30,0,0,F,20,A,A,D,E,D
5401,25971.0,2.6,10,0,40,M,20,A,B,E,E,D
5401,25972.0,15.3,40,0,0,M,20,A,B,E,E,D
5401,25973.0,30.1,0,0,0,M,20,A,B,E,E,D
5401,25974.0,30.0,0,0,0,M,20,A,B,E,E,D
5401,25975.0,10.4,0,0,0,M,20,A,B,E,E,D
5401,25976.0,7.4,5,0,15,M,20,A,B,E,E,D
5401,25977.0,30.0,0,0,0,M,20,A,B,E,E,E
5401,25978.0,25.5,0,30,0,M,20,A,C,E,E,E
5401,25979.0,12.5,0,30,0,M,36,A,C,E,E,E
5401,25980.0,30.0,0,0,0,M,20,A,D,E,F,E
5401,25981.0,9.5,0,0,5,M,20,A,D,E,F,E
5401,25982.0,22.5,0,40,10,M,20,A,D,E,F,E
5401,25983.0,19.9,10,0,0,M,20,A,D,E,F,E
5401,25984.0,10.1,0,30,15,M,20,A,D,E,F,E
5401,25985.0,32.1,0,0,0,M,20,A,D,E,F,F
5401,25986.0,30.0,0,0,0,M,20,A,D,E,F,F
5401,25987.0,10.7,20,45,5,M,20,A,D,E,F,F
5401,25988.0,13.1,10,15,0,M,20,A,D,E,F,F
5401,25989.0,30.0,0,0,0,M,20,B,D,F,F,F
5401,25990.0,8.5,0,55,0,M,20,B,D,F,F,F
5401,25991.0,30.0,0,0,0,M,20,E,D,F,F,F
5401,25992.0,2.6,0,45,5,M,20,E,D,F,F,F
5401,25993.0,2.6,40,0,10,M,20,E,D,F,F,F
5401,25994.0,30.6,0,0,0,M,20,E,F,F,F,G
5401,25995.0,17.0,0,0,0,M,20,E,F,F,F,G
5401,25996.0,12.5,30,0,0,M,20,,,,,
5401,25997.0,19.4,0,0,0,M,20,,,,,
5401,25998.0,21.5,35,10,30,M,20,,,,,
5401,25999.0,18.4,0,0,0,M,20,,,,,
5401,26000.0,31.6,0,0,0,M,20,,,,,
5401,26001.0,5.4,0,25,0,M,20,,,,,
5401,26002.0,7.5,0,0,0,M,20,,,,,
5401,26003.0,9.5,0,0,10,M,20,,,,,
3502,26004.0,4.4,55,30,0,F,20,A,A,A,B,A
3502,26005.0,10.7,0,0,0,F,20,A,A,B,B,A
3502,26006.0,10.7,0,0,0,F,20,A,A,B,B,A
3502,26007.0,7.5,0,0,0,F,20,A,A,B,B,A
3502,26008.0,30.0,20,0,0,F,20,A,A,B,C,A
3502,26009.0,9.1,0,0,0,F,20,A,A,B,C,A
3502,26010.0,7.5,0,0,0,F,20,A,A,C,C,B
3502,26011.0,7.5,0,0,0,F,20,A,A,C,C,B
3502,26012.0,7.5,0,0,0,F,20,A,A,C,C,B
3502,26013.0,7.5,0,0,0,F,20,A,A,C,C,B
3502,26014.0,15.0,0,30,0,F,20,A,A,C,C,B
3502,26015.0,7.5,0,0,0,F,20,A,A,C,D,B
3502,26016.0,7.5,0,0,0,F,20,A,A,D,D,B
3502,26017.0,7.5,0,0,0,F,20,A,A,D,D,B
3502,26018.0,7.5,0,0,0,F,20,A,A,D,D,B
3502,26019.0,0.0,0,20,20,M,20,A,A,D,D,B
3502,26020.0,7.5,0,0,0,M,20,A,A,D,D,B
3502,26021.0,16.5,5,0,0,M,20,A,A,D,D,B
3502,26022.0,26.4,25,0,0,M,20,A,A,D,D,B
3502,26023.0,7.5,0,0,0,M,20,A,A,D,D,C
3502,26024.0,7.5,0,0,0,M,20,A,A,D,D,C
3502,26025.0,7.5,0,0,0,M,20,A,A,D,D,C
3502,26026.0,19.6,0,0,0,M,20,A,B,D,D,C
3502,26027.0,7.5,0,0,0,M,20,A,B,D,D,C
3502,26028.0,15.0,30,0,0,M,20,A,B,D,E,C
3502,26029.0,7.5,0,0,0,M,20,A,B,D,E,C
3502,26030.0,15.0,50,0,0,M,20,A,B,E,E,C
3502,26031.0,10.5,0,0,0,M,20,A,B,E,E,C
3502,26032.0,6.0,20,0,10,M,20,A,D,E,E,D
3502,26033.0,15.5,0,20,0,M,20,A,D,E,E,D
3502,26034.0,7.5,0,0,0,M,20,B,D,E,F,E
3502,26035.0,7.5,0,0,0,M,20,B,D,E,F,E
3502,26036.0,7.5,0,0,0,M,20,C,D,E,F,E
3502,26037.0,7.5,20,55,20,M,20,C,D,F,F,F
3502,26038.0,18.3,0,0,0,M,20,E,D,F,F,F
3502,26039.0,7.5,20,0,0,M,20,,,,,
3502,26040.0,11.1,0,20,20,M,20,,,,,
702,26041.0,30.0,0,0,10,F,20,A,A,A,B,A
702,26042.0,19.8,0,0,0,F,20,A,A,B,B,B
702,26043.0,14.3,0,20,0,F,20,A,A,B,B,B
702,26044.0,7.5,20,0,0,F,20,A,A,B,B,B
702,26045.0,19.8,0,40,30,F,20,A,A,B,C,B
702,26046.0,9.2,0,0,0,F,20,A,A,B,C,B
702,26047.0,10.8,0,0,0,F,20,A,A,B,C,B
702,26048.0,21.6,0,60,0,F,20,A,A,C,C,B
702,26049.0,7.5,0,0,0,F,20,A,A,C,C,B
702,26050.0,7.5,0,0,0,F,20,A,A,C,D,B
702,26051.0,7.5,0,0,0,F,20,A,A,D,D,C
702,26052.0,7.5,0,0,0,F,20,A,A,D,D,C
702,26053.0,7.5,0,0,0,M,20,A,A,D,D,C
702,26054.0,42.4,10,0,0,M,20,A,A,D,D,C
702,26055.0,7.5,0,0,0,M,20,A,A,D,D,C
702,26056.0,7.5,0,0,20,M,20,A,A,D,D,C
702,26057.0,7.5,0,0,20,M,20,A,A,D,D,C
702,26058.0,10.1,0,0,5,M,20,A,A,D,D,D
1602,26059.0,12.0,0,35,0,F,20,A,A,B,C,A
1602,26060.0,9.5,10,0,0,F,20,A,A,B,C,A
1602,26061.0,13.5,10,15,0,F,20,A,A,B,C,A
1602,26062.0,7.5,0,0,0,F,20,A,A,C,C,B
1602,26063.0,7.5,0,0,0,F,20,A,A,C,C,B
1602,26064.0,2.6,0,20,0,F,20,A,A,C,C,B
1602,26065.0,25.8,0,30,0,F,20,A,A,C,C,B
1602,26066.0,0.0,25,0,0,F,20,A,A,C,C,B
1602,26067.0,17.4,0,0,30,F,20,A,A,C,C,B
1602,26068.0,18.9,25,0,0,F,20,A,A,D,D,B
1602,26069.0,11.9,20,15,30,F,20,A,A,D,D,B
1602,26070.0,7.5,20,0,0,F,20,A,A,D,D,B
1602,26071.0,8.2,50,0,40,F,20,A,A,D,D,B
1602,26072.0,14.1,30,0,20,F,20,A,A,D,D,B
1602,26073.0,7.5,0,0,0,F,20,A,B,D,D,B
1602,26074.0,7.5,0,0,0,F,20,A,B,D,D,B
1602,26075.0,3.2,0,0,0,F,20,A,B,D,D,B
1602,26076.0,6.2,50,45,10,F,20,A,B,D,D,B
1602,26077.0,16.3,40,45,25,F,20,A,B,D,D,B
1602,26078.0,6.8,35,50,15,F,20,A,C,D,D,B
1602,26079.0,16.5,70,30,10,F,20,A,C,D,D,C
1602,26080.0,7.5,0,0,0,M,20,A,C,D,E,C
1602,26081.0,17.1,0,0,0,M,20,A,D,D,E,C
1602,26082.0,17.1,0,0,0,M,20,A,D,D,E,C
1602,26083.0,10.7,0,0,0,M,20,A,D,D,E,C
1602,26084.0,12.3,75,45,0,M,20,A,D,D,E,C
1602,26085.0,24.4,60,0,0,M,20,,,,,
1602,26086.0,0.0,0,0,0,M,20,,,,,
1602,26087.0,0.0,0,0,0,M,20,,,,,
3502,26088.0,0.0,0,0,0,F,20,A,A,A,A,A
3502,26089.0,0.0,0,0,0,F,20,A,A,A,A,A
3502,26090.0,0.0,0,0,0,F,20,A,A,B,B,A
3502,26091.0,0.0,0,0,0,F,20,A,A,B,C,B
3502,26092.0,23.0,0,0,0,F,20,A,A,B,D,B
3502,26093.0,25.7,0,0,40,F,20,A,A,C,D,B
3502,26094.0,0.0,0,0,0,F,20,A,A,C,D,B
3502,26095.0,0.0,0,0,0,M,20,A,A,D,D,B
3502,26096.0,0.0,0,0,0,M,20,A,A,D,D,B
3502,26097.0,23.6,15,40,10,M,20,A,A,D,D,B
3502,26098.0,31.9,0,0,0,M,20,A,B,D,E,B
3502,26099.0,11.2,0,0,0,M,20,A,D,D,E,C
3502,26100.0,0.0,0,0,0,M,20,A,D,D,E,C
3502,26101.0,32.0,0,0,0,M,20,A,D,D,E,C
3502,26102.0,7.6,0,0,0,M,20,A,D,D,E,C
1402,26103.0,7.5,25,0,0,F,20,A,A,B,B,A
1402,26104.0,13.3,20,35,5,F,20,A,A,B,C,B
1402,26105.0,0.0,0,0,0,F,20,A,A,C,D,B
1402,26106.0,11.1,0,0,0,M,20,A,B,D,E,C
1402,26107.0,23.8,30,15,20,M,20,A,D,D,E,C
1402,26108.0,0.0,0,0,0,M,20,A,D,D,F,C
1402,26109.0,13.1,20,30,10,M,20,A,D,D,F,C
1402,26110.0,2.6,35,0,0,M,20,B,D,F,F,C
702,26111.0,0.0,0,0,0,F,20,A,A,A,A,A
702,26112.0,7.0,0,60,20,F,20,A,A,B,A,A
702,26113.0,0.0,0,0,0,F,20,A,A,B,A,A
702,26114.0,12.7,0,0,0,F,20,A,A,B,B,A
702,26115.0,0.0,0,0,0,F,20,A,A,B,B,A
702,26116.0,0.0,0,0,0,F,20,A,A,B,B,A
702,26117.0,0.0,0,0,0,F,20,A,A,B,B,A
702,26118.0,17.5,0,0,25,F,20,A,A,B,B,A
702,26119.0,17.6,0,0,0,F,20,A,A,B,B,A
702,26120.0,16.3,0,0,15,F,20,A,A,B,B,A
702,26121.0,0.0,0,0,0,F,20,A,A,B,B,A
702,26122.0,0.0,0,0,0,F,20,A,A,B,C,A
702,26123.0,0.0,0,0,0,F,20,A,A,B,C,A
702,26124.0,0.0,0,0,0,F,20,A,A,B,C,A
702,26125.0,22.3,0,0,0,M,20,A,A,B,C,B
702,26126.0,18.4,20,5,0,M,20,A,A,B,C,B
702,26127.0,0.0,0,0,0,M,20,A,B,C,C,B
702,26128.0,18.7,0,0,0,M,20,A,B,C,C,B
702,26129.0,0.0,0,0,0,M,20,A,B,C,D,B
702,26130.0,0.0,0,0,0,M,20,A,B,C,D,B
702,26131.0,6.4,20,0,10,M,20,A,B,C,D,B
702,26132.0,11.1,50,20,5,M,20,A,D,D,D,B
702,26133.0,0.0,0,0,0,M,20,A,D,D,E,C
702,26134.0,17.6,0,30,0,M,20,A,D,D,E,D
702,26135.0,15.0,0,0,0,M,20,A,D,E,E,D
702,26136.0,0.0,0,0,0,M,20,A,D,E,F,E
2001,26137.0,0.0,45,0,0,F,20,A,A,A,B,A
2001,26138.0,0.0,0,0,0,F,20,A,A,A,B,A
2001,26139.0,0.0,0,0,0,F,20,A,A,A,B,A
2001,26140.0,0.0,0,0,0,F,20,A,A,A,B,A
2001,26141.0,0.0,0,0,0,F,20,A,A,B,B,A
2001,26142.0,0.0,0,0,0,F,20,A,A,B,B,A
2001,26143.0,25.8,0,50,0,F,20,A,A,B,B,A
2001,26144.0,0.0,0,0,0,F,20,A,A,B,B,A
2001,26145.0,32.9,0,60,15,F,20,A,A,B,B,A
2001,26146.0,9.7,0,0,0,F,20,A,A,B,B,A
2001,26147.0,0.0,0,0,0,F,20,A,A,B,B,A
2001,26148.0,0.0,0,0,0,F,20,A,A,B,B,A
2001,26149.0,0.0,0,0,0,F,20,A,A,B,B,A
2001,26150.0,7.5,0,15,10,F,20,A,A,B,B,A
2001,26151.0,40.9,25,0,0,F,20,A,A,B,B,A
2001,26152.0,0.0,0,0,0,F,20,A,A,B,B,B
2001,26153.0,0.0,0,0,0,F,20,A,B,C,C,B
2001,26154.0,22.2,20,45,10,F,20,A,B,C,D,B
2001,26155.0,0.0,0,0,0,F,20,A,B,C,D,B
2001,26156.0,0.0,0,0,0,F,20,A,B,C,D,B
1502,26157.0,0.0,0,0,0,F,20,A,A,B,B,A
1502,26158.0,1.0,25,35,10,F,20,A,A,B,B,B
1502,26159.0,1.6,20,40,5,F,20,A,A,B,B,B
1502,26160.0,0.0,0,0,0,F,20,A,A,B,C,B
1502,26161.0,16.0,0,0,40,F,20,A,A,B,C,B
1502,26162.0,10.9,0,0,0,F,20,A,A,C,C,B
1502,26163.0,0.0,0,0,0,F,20,A,B,C,D,B
1502,26164.0,0.0,0,0,0,F,20,A,B,D,D,B
1502,26165.0,0.0,0,0,0,F,20,A,B,D,D,B
1502,26166.0,11.5,25,15,30,F,20,A,C,D,D,B
1502,26167.0,0.0,0,0,0,F,20,A,C,D,D,B
1502,26168.0,0.0,0,0,0,F,20,A,D,D,D,B
1502,26169.0,0.0,0,0,0,F,20,A,D,D,E,C
1502,26170.0,8.8,30,60,0,M,20,A,D,D,E,C
1502,26171.0,17.3,30,60,0,M,20,A,D,D,E,C
1502,26172.0,0.0,0,0,0,M,20,A,D,D,E,C
1502,26173.0,12.1,10,15,15,M,20,A,D,D,E,D
1502,26174.0,11.9,0,10,20,M,20,A,D,E,F,D
1502,26175.0,17.0,0,0,15,M,20,B,D,E,F,D
1502,26176.0,8.2,0,0,0,M,20,B,D,F,F,E
1502,26177.0,12.2,40,0,30,M,20,B,F,F,F,F
4004,26178.0,30.3,25,0,0,F,20,A,A,B,A,A
4004,26179.0,31.9,0,0,0,F,20,A,A,B,B,A
4004,26180.0,3.8,0,40,10,F,20,A,A,B,C,B
4004,26181.0,22.5,0,0,0,F,20,A,A,B,C,B
4004,26182.0,18.0,0,0,0,M,20,A,A,C,D,B
4004,26183.0,11.3,0,45,0,M,20,A,A,C,D,C
4004,26184.0,8.4,10,10,0,M,20,A,A,C,D,C
4004,26185.0,20.3,0,0,0,M,20,A,A,C,D,C
4004,26186.0,14.3,15,0,40,M,20,A,A,C,D,C
4004,26187.0,23.5,0,0,0,M,20,A,A,C,D,C
4004,26188.0,24.5,55,0,0,M,20,A,A,D,D,C
4004,26189.0,22.5,0,0,0,M,20,A,A,D,D,C
4004,26190.0,8.5,0,0,20,M,20,A,A,D,D,D
4004,26191.0,4.6,0,0,0,M,20,A,A,D,E,D
4004,26192.0,12.5,0,35,0,M,20,A,A,D,E,D
4004,26193.0,2.0,0,0,0,M,20,A,A,D,E,D
4004,26194.0,5.0,0,20,0,M,20,A,A,D,E,D
4004,26195.0,11.3,0,0,0,M,20,A,B,D,E,D
4004,26196.0,0.0,0,30,0,M,20,A,B,E,E,D
4004,26197.0,3.2,50,5,0,M,20,A,D,E,F,E
4004,26198.0,17.0,15,0,20,M,20,A,D,E,F,E
4004,26199.0,22.5,0,0,0,M,20,A,D,E,F,E
4004,26200.0,26.0,50,0,0,M,20,A,D,F,F,E
4004,26201.0,22.5,0,0,0,M,20,A,D,F,F,F
4004,26202.0,22.5,0,0,0,M,20,A,D,F,F,F
4004,26203.0,22.5,0,0,0,M,20,A,D,F,F,F
4004,26204.0,27.5,35,5,0,M,20,B,F,F,F,G
3502,26205.0,18.8,15,0,10,F,20,A,A,A,B,A
3502,26206.0,22.5,0,0,0,F,20,A,A,A,B,A
3502,26207.0,12.1,50,20,0,F,20,A,A,B,B,B
3502,26208.0,4.4,0,0,0,F,20,A,A,B,B,B
3502,26209.0,16.4,40,0,0,F,20,A,A,B,B,B
3502,26210.0,8.5,15,5,0,F,20,A,A,C,C,B
3502,26211.0,21.5,35,45,0,F,20,A,A,D,D,B
3502,26212.0,22.5,0,0,0,F,20,A,A,D,D,B
3502,26213.0,0.0,30,0,0,F,20,A,A,D,D,C
3502,26214.0,13.5,0,30,0,F,20,A,A,D,D,C
3502,26215.0,16.7,0,0,40,F,20,A,A,D,E,C
3502,26216.0,22.5,0,0,0,F,20,A,A,D,E,D
3502,26217.0,22.5,0,0,0,F,20,A,A,D,E,D
3502,26218.0,21.8,0,0,0,F,20,A,B,E,E,D
3502,26219.0,22.5,0,0,0,M,20,B,D,F,F,F
3502,26220.0,15.0,0,20,0,M,20,,,,,
3502,26221.0,9.5,20,10,0,M,20,,,,,
3502,26222.0,15.3,75,30,0,M,20,,,,,
3502,26223.0,10.7,0,50,0,M,20,,,,,
3502,26224.0,25.8,25,25,0,M,20,,,,,
3502,26225.0,15.0,25,5,20,M,20,,,,,
3502,26226.0,22.5,0,0,0,M,20,,,,,
3502,26227.0,17.2,0,35,0,M,20,,,,,
3502,26228.0,15.0,25,15,10,M,20,,,,,
3502,26229.0,22.5,0,0,0,M,20,,,,,
3502,26230.0,17.5,60,40,0,M,20,,,,,
3502,26231.0,22.5,0,0,0,M,20,,,,,
3502,26232.0,33.9,0,0,0,M,20,,,,,
702,26233.0,18.0,0,0,0,F,20,A,A,B,B,B
702,26234.0,15.0,50,0,0,F,20,A,A,B,B,B
702,26235.0,0.0,0,30,0,F,20,A,A,C,C,B
702,26236.0,12.5,10,25,0,F,20,A,A,D,C,B
702,26237.0,13.5,25,10,25,F,20,A,A,D,C,B
702,26238.0,22.5,0,0,0,F,20,A,A,D,D,B
702,26239.0,17.0,55,50,5,F,20,A,A,D,D,C
702,26240.0,18.0,0,0,0,F,20,A,A,D,D,C
702,26241.0,17.0,10,15,10,F,20,A,A,D,D,C
702,26242.0,15.0,0,0,50,F,20,A,A,D,D,C
702,26243.0,14.5,30,15,10,F,20,A,A,D,D,C
702,26244.0,32.4,0,0,0,F,20,A,A,D,D,C
702,26245.0,13.5,0,0,30,M,20,A,A,D,D,D
1501,26246.0,10.5,15,55,10,F,20,A,A,D,E,C
1501,26247.0,22.5,0,0,0,F,20,A,B,D,E,C
1501,26248.0,22.5,0,0,0,F,20,A,B,D,E,C
1501,26249.0,7.5,20,0,80,F,20,A,C,D,E,D
1501,26250.0,11.3,0,75,0,F,20,A,C,D,E,D
1501,26251.0,22.5,0,0,0,M,20,,,,,
1501,26252.0,2.0,10,35,20,M,20,,,,,
1501,26253.0,4.8,0,0,0,M,20,,,,,
1501,26254.0,8.5,0,0,0,M,20,,,,,
1501,26255.0,14.7,35,0,20,M,20,,,,,
1501,26256.0,7.5,0,0,0,M,20,,,,,
1501,26257.0,14.3,25,0,40,M,20,,,,,
1501,26258.0,11.8,0,0,0,M,20,,,,,
1402,26259.0,6.4,0,50,30,F,20,A,A,A,B,A
1402,26260.0,9.9,10,5,0,F,20,A,A,B,B,A
1402,26261.0,8.4,0,0,0,M,20,A,A,B,C,A
1402,26262.0,30.0,20,0,0,M,20,A,A,B,C,B
1402,26263.0,4.2,0,0,0,M,20,A,A,B,C,B
1402,26264.0,14.5,0,50,0,M,20,A,A,C,C,B
1402,26265.0,9.6,25,0,0,M,20,A,A,D,D,B
1402,26266.0,16.5,30,5,10,M,20,A,A,D,D,C
1402,26267.0,17.0,25,0,15,M,20,A,A,D,D,C
1402,26268.0,14.3,25,10,0,M,20,A,A,D,D,C
1402,26269.0,20.8,0,0,0,M,20,A,A,D,D,C
1402,26270.0,21.0,0,0,0,M,20,A,A,D,D,C
1402,26271.0,8.4,0,0,0,M,20,A,B,D,D,C
1402,26272.0,20.2,25,0,0,M,20,A,D,E,D,C
1402,26273.0,10.1,10,45,0,M,20,A,D,E,E,C
1402,26274.0,7.5,0,0,30,M,20,A,D,E,E,D
3002,26275.0,5.0,0,0,0,F,20,A,A,A,A,A
3002,26276.0,4.4,30,20,0,F,20,A,A,A,B,A
3002,26277.0,0.0,0,0,5,F,20,A,A,A,B,B
3002,26278.0,15.0,0,0,55,F,20,A,A,B,B,B
3002,26279.0,12.9,0,35,0,F,20,A,A,B,B,B
3002,26280.0,0.0,0,5,0,F,20,A,A,B,B,B
3002,26281.0,7.5,30,0,0,F,20,A,A,B,C,B
3002,26282.0,7.5,45,60,0,F,20,A,A,B,C,B
3002,26283.0,9.5,10,70,10,F,20,A,A,C,C,B
3002,26284.0,11.9,0,0,0,F,20,A,A,C,C,B
3002,26285.0,22.6,0,15,50,F,20,A,A,C,C,B
3002,26286.0,18.4,0,0,0,F,20,A,A,C,C,B
3002,26287.0,0.0,0,5,0,M,20,A,A,D,D,B
3002,26288.0,18.6,0,0,0,M,20,A,A,D,D,C
3002,26289.0,17.0,0,10,0,M,20,A,B,D,D,C
3002,26290.0,4.8,0,0,0,M,20,B,D,E,F,D
3002,26291.0,23.4,25,30,0,M,20,C,D,E,F,D
3002,26292.0,7.5,40,65,0,M,37,D,D,E,F,E
3002,26293.0,19.3,0,0,25,M,20,,,,,
3002,26294.0,13.6,0,0,40,M,20,,,,,
3002,26295.0,11.9,0,0,0,M,20,,,,,
1602,26296.0,22.0,0,0,0,F,20,A,A,C,D,B
1602,26297.0,7.5,0,20,10,F,20,A,A,C,D,B
1602,26298.0,8.5,0,0,0,F,20,A,A,C,D,B
1602,26299.0,11.9,30,45,0,F,20,A,A,C,D,B
1602,26300.0,7.5,55,40,10,F,20,A,A,C,D,B
1602,26301.0,7.5,0,0,30,F,20,A,A,C,D,B
1602,26302.0,10.9,0,0,0,F,20,A,A,D,D,C
1602,26303.0,27.0,15,30,5,F,20,A,A,D,D,C
1602,26304.0,22.5,0,0,0,F,20,A,A,D,D,C
1602,26305.0,23.5,0,0,0,F,20,A,A,D,E,C
1602,26306.0,14.5,0,30,0,F,20,A,A,D,E,C
1602,26307.0,9.0,0,0,0,M,20,A,A,D,E,C
1602,26308.0,22.5,0,0,0,M,20,A,A,D,E,C
1602,26309.0,10.9,0,0,0,M,20,A,A,D,E,D
1602,26310.0,18.2,0,20,0,M,20,A,A,D,E,D
1602,26311.0,15.0,0,25,0,M,20,A,A,D,E,D
1602,26312.0,21.4,0,0,0,M,20,A,B,E,E,D
1602,26313.0,9.0,0,0,0,M,20,A,B,E,E,D
1602,26314.0,19.0,0,0,0,M,20,A,B,E,F,D
1602,26315.0,15.9,10,30,10,M,20,A,D,E,F,E
1602,26316.0,21.2,0,0,0,M,20,A,D,E,F,E
1602,26317.0,10.5,25,15,15,M,20,A,D,E,F,E
1602,26318.0,9.1,0,0,0,M,20,A,D,E,F,E
1602,26319.0,7.5,0,0,50,M,20,A,D,E,F,F
1602,26320.0,22.5,40,0,40,M,20,A,D,F,F,F
1602,26321.0,22.5,0,0,0,M,20,A,F,F,F,F
1602,26322.0,13.9,0,0,0,M,20,A,F,F,F,G
5402,26323.0,17.2,0,20,0,F,20,A,A,A,B,A
5402,26324.0,10.5,30,0,0,F,20,A,A,C,D,B
5402,26325.0,18.8,0,0,0,F,20,A,A,C,D,C
5402,26326.0,13.3,35,20,10,F,20,A,A,C,D,C
5402,26327.0,12.7,50,0,20,F,20,A,A,D,D,C
5402,26328.0,1.0,0,0,0,F,20,A,A,D,D,C
5402,26329.0,30.0,30,0,0,F,20,A,A,D,D,C
5402,26330.0,10.1,15,0,0,F,20,A,A,D,D,C
5402,26331.0,14.5,0,30,0,F,20,A,A,E,D,C
5402,26332.0,1.0,0,0,0,F,20,A,A,E,E,C
5402,26333.0,15.0,0,0,0,F,20,A,B,E,E,D
5402,26334.0,18.7,0,25,0,F,20,A,B,E,E,D
5402,26335.0,5.4,0,0,0,F,20,A,B,E,F,D
5402,26336.0,10.0,15,0,0,F,20,A,B,F,F,E
5402,26337.0,9.9,25,0,0,F,20,C,D,F,F,E
5402,26338.0,7.2,0,0,0,F,20,E,D,F,F,F
5402,26339.0,17.3,10,0,30,M,20,,,,,
5402,26340.0,1.0,0,0,0,M,20,,,,,
2402,26341.0,11.5,15,45,20,F,20,A,A,B,A,A
2402,26342.0,8.5,10,15,0,F,20,A,A,B,B,A
2402,26343.0,9.1,0,0,0,F,20,A,A,B,B,A
2402,26344.0,1.0,0,0,0,F,20,A,A,B,B,A
2402,26345.0,16.3,0,15,0,F,20,A,A,B,B,A
2402,26346.0,16.0,30,0,20,F,20,A,A,B,B,A
2402,26347.0,16.0,0,50,0,F,20,A,A,B,B,A
2402,26348.0,22.5,30,50,0,F,20,A,A,B,B,A
2402,26349.0,22.0,0,5,5,F,20,A,A,C,C,B
2402,26350.0,6.4,30,0,10,F,20,A,A,C,C,B
2402,26351.0,12.1,35,30,10,F,20,A,A,C,C,B
2402,26352.0,7.5,0,0,0,F,20,A,A,C,C,B
2402,26353.0,22.8,0,0,0,F,20,A,A,C,C,B
2402,26354.0,2.4,15,40,15,F,20,A,A,C,C,B
2402,26355.0,7.5,0,25,0,F,20,A,A,C,C,B
2402,26356.0,7.5,0,0,0,F,20,A,A,C,D,B
2402,26357.0,24.2,75,0,0,F,20,A,A,D,D,B
2402,26358.0,1.6,0,0,0,F,20,A,A,D,D,B
2402,26359.0,2.6,60,0,10,F,20,A,A,D,D,B
2402,26360.0,7.5,0,0,0,F,20,A,A,D,D,B
2402,26361.0,7.5,0,0,0,F,20,A,A,D,D,B
2402,26362.0,5.6,80,50,65,F,20,A,A,D,D,B
2402,26363.0,5.8,0,0,0,F,20,A,A,D,D,B
2402,26364.0,9.5,0,0,0,F,20,A,A,D,D,B
2402,26365.0,7.5,0,0,0,F,20,A,A,D,D,B
2402,26366.0,7.5,0,0,0,F,20,A,A,D,D,B
2402,26367.0,7.5,0,0,0,F,20,A,A,D,D,B
2402,26368.0,9.5,20,0,0,F,20,A,A,D,D,B
2402,26369.0,1.4,0,0,0,F,20,A,A,D,D,B
2402,26370.0,5.6,0,0,0,M,20,A,A,D,D,C
2402,26371.0,7.5,0,0,0,M,20,A,A,D,D,C
2402,26372.0,19.2,0,0,0,M,20,A,A,D,D,C
2402,26373.0,22.5,0,35,30,M,20,A,A,D,D,C
2402,26374.0,12.3,20,10,25,M,20,A,A,D,D,C
2402,26375.0,20.6,10,0,10,M,20,A,A,D,D,C
2402,26376.0,17.0,0,0,15,M,20,A,A,D,D,C
2402,26377.0,0.0,0,0,10,M,20,A,A,D,D,C
2402,26378.0,9.5,0,0,0,M,20,A,A,D,E,C
2402,26379.0,7.5,0,0,0,M,20,A,A,E,E,C
2402,26380.0,23.0,0,0,0,M,20,A,A,E,E,C
2402,26381.0,8.6,35,35,30,M,20,A,A,E,E,C
2402,26382.0,24.2,70,0,0,M,20,A,B,E,E,C
2402,26383.0,7.5,0,0,0,M,20,A,B,E,E,D
2402,26384.0,11.3,0,0,0,M,20,A,B,E,E,D
2402,26385.0,7.5,0,0,0,M,20,A,B,E,E,D
2402,26386.0,27.5,50,0,0,M,20,A,B,E,E,D
2402,26387.0,19.2,0,0,0,M,20,A,B,E,E,D
2402,26388.0,9.4,0,0,0,M,20,A,C,E,F,D
2402,26389.0,14.1,0,40,10,M,20,A,D,E,F,D
2402,26390.0,30.0,0,25,0,M,20,A,D,E,F,E
2402,26391.0,11.9,30,60,0,M,20,A,D,E,F,E
2402,26392.0,19.4,0,0,0,M,20,A,D,E,F,E
2402,26393.0,11.1,0,0,0,M,20,A,D,E,F,E
2402,26394.0,7.5,5,15,15,M,20,A,D,E,F,E
2402,26395.0,14.9,35,0,0,M,20,A,D,E,F,E
2402,26396.0,7.5,0,0,0,M,20,A,D,E,F,E
2402,26397.0,7.5,0,0,0,M,20,A,D,E,F,E
2402,26398.0,19.0,0,0,25,M,20,A,D,F,F,E
2402,26399.0,9.5,0,0,0,M,20,A,D,F,F,E
2402,26400.0,7.5,0,0,0,M,20,B,D,F,F,F
2402,26401.0,7.5,0,0,0,M,20,C,D,F,F,F
2402,26402.0,7.5,0,0,0,M,20,E,D,F,F,F
2402,26403.0,7.5,0,0,0,M,20,,,,,
2402,26404.0,7.5,0,0,0,M,20,,,,,
2402,26405.0,19.1,0,0,0,M,20,,,,,
2402,26406.0,7.5,35,0,0,M,20,,,,,
2402,26407.0,17.0,0,15,30,M,20,,,,,
2402,26408.0,12.1,5,0,0,M,20,,,,,
2402,26409.0,14.9,15,25,20,M,20,,,,,
2402,26410.0,7.5,10,10,15,M,20,,,,,
2402,26411.0,17.0,15,30,0,M,20,,,,,
2402,26412.0,23.8,0,0,0,M,20,,,,,
2402,26413.0,0.0,0,10,0,M,20,,,,,
2402,26414.0,9.5,0,0,0,M,20,,,,,
2402,26415.0,5.6,0,0,0,M,20,,,,,
2402,26416.0,3.8,0,60,0,M,20,,,,,
2402,26417.0,9.5,0,0,0,M,20,,,,,
2402,26418.0,0.0,70,15,0,M,20,,,,,
2402,26419.0,10.1,40,45,5,M,20,,,,,
2402,26420.0,7.5,35,0,0,M,20,,,,,
2402,26421.0,17.0,20,0,25,M,20,,,,,
2402,26422.0,7.5,0,0,0,M,20,,,,,
2402,26423.0,13.3,40,30,0,M,20,,,,,
2402,26424.0,7.5,0,0,0,M,20,,,,,
4004,26425.0,19.2,0,0,0,M,20,A,A,D,D,B
4004,26426.0,5.8,30,45,15,M,20,A,A,D,D,B
4004,26427.0,7.5,0,0,0,M,20,A,A,D,D,B
4004,26428.0,9.5,35,30,0,M,20,A,A,D,D,B
4004,26429.0,0.0,0,10,0,M,20,A,A,D,D,C
4004,26430.0,0.0,30,15,40,M,20,A,A,D,E,C
4004,26431.0,7.5,0,0,0,M,20,A,A,D,E,C
4004,26432.0,9.5,0,0,0,M,20,A,A,E,E,C
4004,26433.0,21.0,25,0,0,M,20,A,A,E,E,C
4004,26434.0,31.0,0,10,0,M,20,A,A,E,E,D
4004,26435.0,23.3,0,45,15,M,20,A,A,E,E,D
4004,26436.0,15.1,80,20,15,M,20,A,A,E,E,D
4004,26437.0,19.4,0,0,0,M,20,A,A,E,E,D
4004,26438.0,7.5,0,0,0,M,20,A,A,E,E,D
4004,26439.0,4.8,0,30,0,M,20,A,A,E,E,D
4004,26440.0,0.0,10,0,0,M,20,A,A,E,E,D
4004,26441.0,11.8,50,0,30,M,20,A,A,E,E,E
4004,26442.0,0.0,0,0,10,M,20,A,C,E,E,E
4004,26443.0,7.5,15,0,20,M,20,A,D,E,F,E
4004,26444.0,18.4,15,0,20,M,20,A,D,E,F,F
4004,26445.0,21.6,0,0,0,M,20,A,D,E,F,F
4004,26446.0,14.5,55,0,0,M,20,A,F,F,F,F
4004,26447.0,11.9,0,0,5,M,20,A,F,F,F,F
4004,26448.0,28.3,20,5,20,M,20,,,,,
3202,26449.0,19.6,0,15,0,F,20,A,A,B,B,A
3202,26450.0,7.5,0,0,0,F,20,A,A,B,B,B
3202,26451.0,14.6,10,60,50,F,20,A,A,B,B,B
3202,26452.0,0.0,0,0,10,F,20,A,A,B,C,B
3202,26453.0,12.5,0,0,0,F,20,A,A,B,C,B
3202,26454.0,1.6,0,0,0,F,20,A,A,B,C,B
3202,26455.0,17.0,50,65,5,F,20,A,A,B,C,B
3202,26456.0,12.7,0,0,0,F,20,A,A,C,C,B
3202,26457.0,7.0,10,0,30,M,20,A,A,C,D,B
3202,26458.0,0.0,0,0,10,M,20,A,A,C,D,B
3202,26459.0,2.0,0,0,0,M,20,A,A,C,D,B
3202,26460.0,10.9,15,0,0,M,20,A,A,C,D,B
3202,26461.0,17.9,0,20,0,M,20,A,A,C,E,C
3202,26462.0,2.0,0,0,0,M,20,A,A,D,E,C
3202,26463.0,17.4,0,30,0,M,20,A,A,D,E,C
3202,26464.0,18.0,75,25,0,M,20,A,A,D,E,C
3202,26465.0,19.8,30,0,0,M,20,A,A,D,E,C
3202,26466.0,22.2,0,0,0,M,20,A,B,D,E,C
3202,26467.0,4.0,70,45,20,M,20,B,B,D,E,C
3202,26468.0,3.6,0,0,0,M,20,C,C,D,E,D
3202,26469.0,21.0,0,0,0,M,20,E,C,E,F,D
3202,26470.0,7.5,0,40,0,M,20,E,D,E,F,D
3202,26471.0,17.1,0,25,0,M,20,E,D,F,F,E
3202,26472.0,22.0,0,0,0,M,20,E,F,F,F,E
4301,26473.0,8.5,5,5,20,F,20,A,A,A,A,A
4301,26474.0,24.1,0,0,0,F,20,A,A,C,C,B
4301,26475.0,10.9,15,0,0,F,20,A,A,D,C,B
4301,26476.0,15.0,30,30,0,M,20,A,A,D,D,B
4301,26477.0,17.5,30,0,0,M,20,A,B,E,D,D
4301,26478.0,33.4,0,0,0,M,20,A,B,E,E,D
4301,26479.0,0.0,0,0,0,M,20,A,C,E,E,E
4301,26480.0,11.5,0,0,0,M,20,B,D,E,E,E
4301,26481.0,0.0,0,0,0,M,20,B,D,E,E,F
4301,26482.0,34.9,0,0,0,M,20,B,D,E,F,F
4301,26483.0,0.0,0,0,0,M,20,B,F,F,F,F
3202,26484.0,16.0,30,0,25,M,20,,,,,
2001,26485.0,27.3,0,50,0,F,20,A,A,A,A,A
2001,26486.0,7.5,0,30,50,F,20,A,A,A,B,A
2001,26487.0,20.8,0,0,0,F,20,A,A,D,D,D
2001,26488.0,0.0,0,0,0,F,20,A,A,D,D,D
2001,26489.0,30.9,30,0,0,F,20,A,A,D,D,D
2001,26490.0,18.6,20,15,0,F,20,A,A,D,D,D
2001,26491.0,7.5,70,30,10,F,20,A,A,D,D,D
2001,26492.0,6.4,20,15,10,F,20,A,A,D,D,D
2001,26493.0,15.5,55,30,30,F,20,A,A,D,D,D
2001,26494.0,15.0,0,30,0,F,20,A,A,D,D,D
2001,26495.0,5.0,35,10,10,F,20,A,A,D,D,D
2001,26496.0,12.8,50,90,10,F,20,A,A,D,D,D
2001,26497.0,7.5,20,15,5,F,20,A,A,D,D,D
2001,26498.0,19.4,25,0,0,F,20,A,A,D,D,D
2001,26499.0,7.5,20,0,20,F,20,A,A,D,D,D
2001,26500.0,18.6,0,25,0,F,20,A,A,D,D,D
2001,26501.0,13.1,0,0,0,F,20,A,A,D,E,D
2001,26502.0,0.0,0,0,0,F,20,A,A,D,E,D
2001,26503.0,16.0,30,5,20,F,20,A,A,D,E,D
2001,26504.0,8.5,30,0,0,F,20,A,A,D,E,D
2001,26505.0,20.7,20,0,5,F,20,A,A,D,E,E
2001,26506.0,8.1,10,0,0,F,20,A,A,D,E,E
2001,26507.0,9.9,0,0,0,F,20,B,A,D,E,E
2001,26508.0,8.0,20,10,5,F,20,B,A,D,E,E
2001,26509.0,16.0,10,45,0,F,20,B,A,D,E,E
2001,26510.0,2.0,40,30,5,F,20,B,B,E,F,E
2001,26511.0,7.5,0,40,0,F,20,B,B,E,F,E
2001,26512.0,10.5,40,50,0,F,20,B,B,E,F,E
2001,26513.0,22.5,0,0,10,F,20,B,C,E,F,E
2001,26514.0,11.5,40,45,0,F,20,B,C,E,F,E
2001,26515.0,8.4,0,20,10,F,20,B,D,E,F,E
2001,26516.0,2.0,0,0,0,F,20,B,D,E,F,E
2001,26517.0,7.5,0,0,0,F,20,B,D,E,F,E
2001,26518.0,6.4,0,0,0,F,20,B,D,E,F,E
2001,26519.0,22.5,0,0,0,F,20,B,D,E,F,F
2001,26520.0,18.7,25,0,0,F,20,B,D,E,F,F
2001,26521.0,4.6,20,0,40,F,20,B,D,F,F,F
2001,26522.0,9.4,30,45,25,F,20,D,F,F,F,F
2001,26523.0,13.5,50,15,10,M,20,E,F,F,F,F
3502,26524.0,22.5,0,0,0,F,20,A,A,A,B,A
3502,26525.0,22.5,0,0,0,F,20,A,A,B,B,A
3502,26526.0,32.8,0,0,20,F,20,A,A,B,B,B
3502,26527.0,7.5,50,0,65,F,20,A,A,B,B,B
3502,26528.0,5.4,30,0,25,F,20,A,A,B,C,B
3502,26529.0,15.0,0,0,0,F,20,A,A,B,C,B
3502,26530.0,22.5,0,0,0,F,20,A,A,B,C,B
3502,26531.0,5.6,0,20,10,F,20,A,A,C,C,B
3502,26532.0,16.5,20,35,0,M,20,A,A,C,C,B
3502,26533.0,22.5,0,0,0,M,20,A,A,C,D,B
3502,26534.0,7.5,50,0,65,M,20,A,A,C,D,B
3502,26535.0,8.5,0,0,0,M,20,A,A,C,D,B
3502,26536.0,2.2,0,0,0,M,20,A,A,C,D,B
3502,26537.0,22.5,0,0,0,M,20,A,A,C,D,B
3502,26538.0,22.5,0,0,0,M,20,A,A,C,D,B
3502,26539.0,22.5,0,0,0,M,20,A,B,D,D,C
3502,26540.0,22.5,0,0,0,M,20,A,D,D,D,C
3502,26541.0,22.5,0,0,0,M,20,A,D,D,D,C
3502,26542.0,10.1,0,0,0,M,20,,,,,
702,26543.0,17.2,20,20,10,F,20,A,A,A,A,B
702,26544.0,18.1,20,5,20,F,20,A,A,B,B,B
702,26545.0,15.0,0,0,0,F,20,A,A,B,B,B
702,26546.0,7.8,40,0,0,F,20,A,A,B,B,B
702,26547.0,15.0,0,0,0,F,20,A,A,B,B,B
702,26548.0,22.5,0,0,0,F,20,A,A,C,C,B
702,26549.0,22.5,0,0,0,F,20,A,A,C,C,C
702,26550.0,17.0,0,20,0,F,20,A,A,C,C,C
702,26551.0,30.9,0,25,0,F,20,A,A,C,C,C
702,26552.0,22.5,0,0,0,F,20,A,A,C,C,C
702,26553.0,8.5,10,0,25,M,20,A,A,D,C,C
702,26554.0,22.5,0,0,0,M,20,A,A,D,D,C
702,26555.0,8.2,100,80,5,M,20,A,A,D,D,D
702,26556.0,4.2,0,0,0,M,20,A,A,D,D,D
702,26557.0,15.0,0,0,0,M,20,A,A,D,E,D
702,26558.0,15.0,0,0,0,M,20,A,A,D,E,D
702,26559.0,20.0,0,0,0,M,20,A,A,D,E,D
702,26560.0,26.5,0,0,0,M,20,A,D,E,F,E
1601,26561.0,15.0,0,0,0,F,20,A,A,B,B,A
1601,26562.0,22.5,0,0,0,F,20,A,A,B,B,A
1601,26563.0,22.5,0,0,0,F,20,A,A,C,D,B
1601,26564.0,22.5,0,0,0,F,20,A,A,C,D,B
1601,26565.0,22.5,0,0,0,F,20,A,A,C,D,B
1601,26566.0,18.9,0,25,0,F,20,A,A,D,D,C
1601,26567.0,10.1,0,0,0,F,20,A,A,D,D,C
1601,26568.0,22.5,0,0,0,F,20,A,A,D,D,C
1601,26569.0,17.2,10,0,40,F,20,A,A,D,E,D
1601,26570.0,13.9,20,0,50,F,20,A,A,D,E,D
1601,26571.0,18.6,15,25,0,F,20,A,A,E,E,D
1601,26572.0,9.1,20,10,0,F,20,A,A,E,E,E
1601,26573.0,21.4,25,50,20,F,20,A,A,F,E,E
1601,26574.0,12.3,10,0,0,M,20,A,A,F,F,E
1601,26575.0,28.2,30,10,10,M,20,A,A,F,F,E
1601,26576.0,29.2,25,0,0,M,20,A,A,F,F,E
1601,26577.0,13.1,0,45,0,M,20,A,A,F,F,F
1601,26578.0,6.4,0,0,0,M,20,A,A,F,F,F
4004,26579.0,22.5,0,0,0,F,20,A,A,B,C,B
4004,26580.0,6.6,30,45,15,M,20,A,A,B,D,D
4004,26581.0,19.1,5,15,15,M,20,A,A,C,D,D
4004,26582.0,22.5,0,0,0,M,20,A,A,C,D,D
4004,26583.0,15.0,0,0,0,M,20,A,A,D,D,D
4004,26584.0,20.0,0,0,0,M,20,A,A,D,D,E
4004,26585.0,8.5,0,0,0,M,20,A,A,D,D,E
4004,26586.0,18.0,25,5,15,M,20,A,A,D,D,E
4004,26587.0,13.9,10,30,0,M,20,A,A,D,D,E
4004,26588.0,22.5,0,0,0,M,20,A,A,D,E,E
4004,26589.0,22.5,0,0,0,M,20,A,A,D,E,E
4004,26590.0,20.0,0,0,0,M,20,A,A,E,E,E
4004,26591.0,14.9,0,50,0,M,20,A,A,E,E,E
4004,26592.0,18.6,10,0,30,M,20,A,A,E,E,E
4004,26593.0,10.3,10,0,10,M,20,A,A,E,E,E
4004,26594.0,22.5,0,0,0,M,20,A,A,E,E,F
4004,26595.0,22.5,0,0,0,M,20,A,A,E,E,F
4004,26596.0,7.2,0,70,15,M,20,A,A,E,E,F
4004,26597.0,8.5,30,45,0,M,20,A,A,E,E,F
4004,26598.0,4.2,75,30,0,M,20,A,A,E,E,F
4004,26599.0,22.5,0,0,0,M,20,A,A,E,E,F
4004,26600.0,22.6,0,0,0,M,20,A,A,E,E,F
4004,26601.0,10.1,0,0,0,M,20,A,A,E,E,F
4004,26602.0,11.3,10,5,0,M,20,A,B,F,F,F
4004,26603.0,22.5,0,0,0,M,20,A,C,F,F,F
4004,26604.0,22.5,0,0,0,M,20,A,C,F,F,G
4004,26605.0,22.5,0,0,0,M,20,A,C,F,F,G
4004,26606.0,22.5,0,0,0,M,20,A,C,F,F,G
4004,26607.0,22.5,0,0,0,M,20,A,D,F,F,G
4004,26608.0,22.5,0,0,0,M,20,A,F,F,F,G
4004,26609.0,22.5,0,0,0,M,20,,,,,
4004,26610.0,10.3,20,0,0,M,20,,,,,
4004,26611.0,27.4,10,35,10,M,20,,,,,
4004,26612.0,16.0,0,0,30,M,20,,,,,
3202,26613.0,8.8,0,0,0,F,20,A,A,B,B,A
3202,26614.0,8.8,0,0,0,F,20,A,A,B,B,A
3202,26615.0,17.6,0,50,0,F,20,A,A,B,D,B
3202,26616.0,1.0,0,40,0,F,20,A,A,D,D,B
3202,26617.0,17.3,30,0,20,M,20,A,B,D,D,B
3202,26618.0,25.1,0,0,0,M,20,A,B,D,D,B
3202,26619.0,27.8,50,30,50,M,20,A,D,D,D,B
3202,26620.0,16.7,0,15,25,M,20,A,D,D,D,B
3202,26621.0,5.6,20,10,25,M,20,A,D,D,E,C
3202,26622.0,33.2,0,0,10,M,20,C,D,E,F,D
2001,26623.0,10.5,0,0,0,F,20,A,A,B,B,A
2001,26624.0,22.9,0,0,0,F,20,A,A,B,B,A
2001,26625.0,10.5,0,0,0,F,20,A,B,C,C,A
2001,26626.0,10.5,0,0,0,F,20,A,D,C,C,A
2001,26627.0,22.8,0,0,0,F,20,A,D,C,D,A
2001,26628.0,2.6,55,0,0,F,20,A,D,C,D,A
2001,26629.0,23.9,0,0,0,F,20,A,D,D,D,B
2001,26630.0,10.1,0,55,15,F,20,A,D,D,D,B
2001,26631.0,11.5,0,60,0,F,20,B,D,D,D,B
2001,26632.0,10.5,0,0,0,F,20,B,D,D,E,B
2001,26633.0,12.3,0,0,0,F,20,B,D,D,E,B
2001,26634.0,11.5,50,35,5,F,20,B,D,D,E,B
2001,26635.0,12.7,10,0,0,F,20,B,D,D,E,C
2001,26636.0,8.4,0,15,0,F,20,E,F,F,F,D
2001,26637.0,11.4,100,0,65,F,20,,,,,
2402,26638.0,20.4,0,0,0,F,20,A,A,A,B,A
2402,26639.0,35.7,0,0,0,F,20,A,A,B,B,A
2402,26640.0,14.7,55,0,0,F,20,A,A,B,B,A
2402,26641.0,22.7,0,0,0,F,20,A,A,B,B,A
2402,26642.0,12.7,10,0,0,F,20,A,A,B,B,A
2402,26643.0,2.6,0,0,0,F,20,A,A,B,B,A
2402,26644.0,19.4,20,0,15,F,20,A,A,B,B,A
2402,26645.0,23.0,0,15,0,F,20,A,A,B,C,A
2402,26646.0,24.9,0,0,0,F,20,A,A,B,C,A
2402,26647.0,20.4,50,35,20,F,20,A,A,B,C,A
2402,26648.0,17.6,50,0,0,F,20,A,A,B,C,A
2402,26649.0,12.3,40,45,0,F,20,A,A,B,C,A
2402,26650.0,7.0,0,0,0,F,20,A,A,B,C,A
2402,26651.0,18.5,55,30,15,F,20,A,A,C,C,A
2402,26652.0,24.3,55,15,0,F,20,A,A,C,D,A
2402,26653.0,17.0,15,35,5,F,20,A,A,C,D,A
2402,26654.0,2.0,0,5,0,F,20,A,A,C,D,A
2402,26655.0,10.6,60,45,65,F,20,A,A,C,D,A
2402,26656.0,12.9,30,30,20,F,20,A,A,C,D,A
2402,26657.0,16.7,20,15,20,F,20,A,A,C,D,B
2402,26658.0,10.6,0,0,0,F,20,A,A,C,D,B
2402,26659.0,30.8,0,15,10,F,20,A,A,C,D,B
2402,26660.0,25.2,10,30,15,F,20,A,A,C,D,B
2402,26661.0,18.8,15,10,15,F,20,A,A,C,D,B
2402,26662.0,26.5,15,30,20,F,20,A,A,C,D,B
2402,26663.0,22.5,20,35,35,F,20,A,A,C,D,B
2402,26664.0,2.6,0,30,0,F,20,A,A,C,D,B
2402,26665.0,15.0,0,35,0,F,20,A,B,C,D,B
2402,26666.0,22.8,0,0,0,M,20,A,B,C,D,B
2402,26667.0,19.0,0,10,0,M,20,A,B,D,D,B
2402,26668.0,7.5,10,65,0,M,20,A,B,D,D,B
2402,26669.0,15.0,0,65,0,M,20,A,B,D,D,B
2402,26670.0,19.9,20,0,0,M,20,A,B,D,D,B
2402,26671.0,7.2,10,10,25,M,20,A,B,D,D,B
2402,26672.0,8.9,20,0,15,M,20,A,B,D,D,B
2402,26673.0,28.6,20,30,0,M,20,A,B,D,D,B
2402,26674.0,14.9,10,35,20,M,20,A,B,D,D,B
2402,26675.0,9.5,15,5,10,M,20,A,B,D,D,B
2402,26676.0,13.3,0,5,0,M,20,A,C,D,D,B
2402,26677.0,10.6,35,60,0,M,20,A,D,D,D,B
2402,26678.0,15.0,30,5,30,M,20,A,D,D,D,B
2402,26679.0,25.0,0,25,40,M,20,A,D,D,E,B
2402,26680.0,7.5,0,0,0,M,20,A,D,D,E,B
2402,26681.0,7.5,0,0,0,M,20,A,D,D,E,C
2402,26682.0,7.5,0,0,0,M,20,A,D,E,E,C
2402,26683.0,7.5,0,0,0,M,20,A,D,E,E,C
2402,26684.0,7.5,0,0,0,M,20,A,D,E,E,C
2402,26685.0,19.8,15,5,15,M,20,A,D,E,E,D
2402,26686.0,30.3,40,0,0,M,20,A,D,E,E,D
2402,26687.0,7.5,0,0,0,M,20,A,D,E,E,D
2402,26688.0,7.5,0,0,0,M,20,A,D,E,E,D
2402,26689.0,6.0,0,20,0,M,20,A,D,E,E,E
2402,26690.0,7.5,0,0,0,M,20,B,D,E,F,E
702,26691.0,10.9,0,0,0,M,20,A,A,C,D,A
702,26692.0,7.5,0,0,0,M,20,A,A,C,D,A
702,26693.0,7.4,0,0,0,M,20,A,B,C,D,B
702,26694.0,7.5,0,0,0,M,20,A,B,D,D,B
702,26695.0,7.5,0,0,0,M,20,A,B,D,D,B
702,26696.0,7.5,0,0,0,M,20,A,B,D,D,B
702,26697.0,7.5,0,0,0,M,20,A,C,D,D,B
702,26698.0,7.5,0,0,0,M,20,A,D,D,D,B
702,26699.0,7.5,0,0,0,M,20,B,D,D,E,B
702,26700.0,18.4,0,15,0,M,20,B,D,D,E,B
702,26701.0,7.5,0,0,0,M,20,B,D,E,F,B
702,26702.0,7.5,0,0,0,M,20,B,D,E,F,C
702,26703.0,29.7,10,25,10,M,20,B,D,F,F,D
702,26704.0,9.1,0,25,0,M,20,C,D,F,F,E
702,26705.0,7.5,0,0,0,M,20,,,,,
702,26706.0,20.0,0,0,5,M,20,,,,,
702,26707.0,0.6,0,45,0,M,20,,,,,
702,26708.0,14.4,65,45,40,M,20,,,,,
702,26709.0,7.5,0,0,0,M,20,,,,,
1402,26710.0,7.5,0,0,0,F,20,A,A,B,B,B
1402,26711.0,34.0,0,0,0,F,20,A,A,B,B,B
1402,26712.0,7.5,0,0,0,F,20,A,D,C,D,C
1402,26713.0,11.1,0,0,0,F,20,A,D,D,D,C
1402,26714.0,0.0,20,0,0,M,20,A,D,D,E,C
1402,26715.0,19.4,10,25,5,M,20,A,D,D,E,C
1402,26716.0,7.5,0,0,0,M,20,A,D,D,E,E
1402,26717.0,15.6,0,0,0,M,20,A,F,F,F,E
1402,26718.0,37.5,0,0,0,M,20,A,F,F,F,E
1402,26719.0,15.9,0,40,0,M,20,,,,,
4004,26720.0,10.1,0,80,0,F,20,A,A,B,C,A
4004,26721.0,7.5,0,0,0,F,20,A,A,C,D,B
4004,26722.0,7.5,0,0,0,F,20,A,A,C,D,B
4004,26723.0,7.5,55,20,15,F,20,A,A,C,D,B
4004,26724.0,26.4,25,0,40,F,20,A,A,D,D,B
4004,26725.0,7.5,0,0,0,F,20,A,A,D,D,B
4004,26726.0,23.2,0,0,0,F,20,A,A,D,D,B
4004,26727.0,23.4,0,0,0,F,20,A,A,D,D,B
4004,26728.0,7.5,0,0,0,F,20,A,A,D,D,C
4004,26729.0,7.5,25,0,20,M,20,A,A,D,D,C
4004,26730.0,19.8,35,0,0,M,20,A,A,D,D,C
4004,26731.0,7.5,0,0,0,M,20,A,A,D,D,C
4004,26732.0,15.3,100,30,10,M,20,A,A,D,D,C
4004,26733.0,11.1,10,0,10,M,20,A,A,D,D,C
4004,26734.0,0.0,0,0,20,M,20,A,A,D,D,C
4004,26735.0,25.2,0,0,0,M,20,A,A,D,D,C
4004,26736.0,22.5,20,0,0,M,20,A,A,D,D,D
4004,26737.0,12.7,20,60,5,M,20,A,A,D,E,D
4004,26738.0,2.6,0,5,0,M,20,A,A,D,E,D
4004,26739.0,4.2,0,60,10,M,20,A,A,D,E,D
4004,26740.0,22.5,20,0,0,M,20,A,A,D,E,D
4004,26741.0,7.5,0,0,0,M,20,A,A,E,E,D
4004,26742.0,8.5,30,0,10,M,20,A,A,E,E,D
4004,26743.0,21.4,50,30,20,M,20,A,A,E,E,D
4004,26744.0,7.5,0,0,0,M,20,A,A,E,E,D
4004,26745.0,3.2,20,45,10,M,20,A,A,E,E,E
4004,26746.0,8.4,50,0,0,M,20,A,A,E,E,E
4004,26747.0,7.5,0,0,0,M,20,A,A,E,E,E
4004,26748.0,7.5,0,0,0,M,20,A,A,E,E,E
4004,26749.0,15.4,0,35,0,M,20,A,A,E,E,E
4004,26750.0,17.6,0,45,65,M,20,A,A,E,E,E
4004,26751.0,7.5,0,0,0,M,20,A,A,E,E,E
4004,26752.0,7.5,0,0,0,M,20,A,A,E,E,E
4004,26753.0,7.5,0,0,0,M,20,A,A,E,E,E
4004,26754.0,28.8,0,20,20,M,20,A,A,E,E,E
4004,26755.0,7.5,0,0,0,M,20,A,A,E,E,E
4004,26756.0,7.5,0,0,0,M,20,A,D,E,F,F
4004,26757.0,7.5,0,0,0,M,20,A,D,E,F,F
4004,26758.0,7.5,0,0,0,M,20,A,D,E,F,F
4004,26759.0,12.3,35,20,0,M,20,A,D,E,F,F
4004,26760.0,7.5,0,0,0,M,20,A,D,E,F,F
4004,26761.0,7.5,0,0,0,M,20,A,D,E,F,F
4004,26762.0,7.5,0,0,0,M,20,A,D,E,F,F
4004,26763.0,7.5,0,0,0,M,20,A,D,F,F,F
4004,26764.0,7.5,0,0,0,M,20,A,D,F,F,F
4004,26765.0,7.5,0,0,0,M,20,A,D,F,F,F
4004,26766.0,7.5,0,0,0,M,20,A,D,F,F,F
4004,26767.0,3.6,25,0,0,M,20,A,D,F,F,F
4004,26768.0,18.0,0,20,0,M,20,A,D,F,F,F
4004,26769.0,7.5,0,0,0,M,20,A,D,F,F,F
4004,26770.0,7.5,0,0,0,M,20,A,D,F,F,F
4004,26771.0,8.5,10,30,0,M,20,A,F,F,F,F
4004,26772.0,7.5,0,0,0,M,20,,,,,
1502,26773.0,7.5,0,0,0,F,20,A,A,C,C,B
1502,26774.0,34.0,0,0,0,F,20,A,A,C,C,B
1502,26775.0,7.5,0,0,0,F,20,A,A,D,D,B
1502,26776.0,7.5,0,0,0,F,20,A,B,D,D,B
1502,26777.0,17.7,15,15,20,F,20,A,D,D,D,B
1502,26778.0,7.5,20,25,0,F,20,A,D,D,D,B
1502,26779.0,11.3,0,0,20,M,20,A,D,D,D,B
1502,26780.0,7.8,25,0,20,M,20,A,D,D,D,C
1502,26781.0,7.5,0,0,0,M,20,A,D,D,D,C
1502,26782.0,7.5,0,0,0,M,20,A,D,D,D,C
1502,26783.0,7.5,0,0,0,M,20,A,D,E,E,C
1502,26784.0,7.5,0,0,0,M,20,B,D,E,F,E
1502,26785.0,7.5,0,0,0,M,20,B,D,F,F,E
1502,26786.0,7.5,0,0,0,M,20,B,D,F,F,F
1502,26787.0,7.5,0,0,0,M,20,,,,,
1602,26788.0,8.5,0,0,40,F,20,A,A,A,B,A
1602,26789.0,7.5,0,0,0,F,20,A,B,D,D,B
1602,26790.0,7.5,0,0,0,F,20,A,B,D,D,B
1602,26791.0,7.5,0,0,0,F,20,A,D,E,D,B
1602,26792.0,7.5,0,0,0,F,20,A,D,E,E,C
1602,26793.0,7.5,0,0,0,F,20,A,D,E,E,D
1602,26794.0,7.5,0,0,0,M,20,A,D,E,E,D
1602,26795.0,7.5,0,0,0,M,20,A,D,F,E,E
1602,26796.0,3.0,0,0,0,M,20,,,,,
1602,26797.0,17.0,0,0,0,M,20,,,,,
3001,26798.0,7.5,0,0,0,F,20,A,A,A,A,A
3001,26799.0,7.5,0,0,0,F,20,A,A,B,B,A
3001,26800.0,7.5,0,0,0,F,20,A,A,B,B,A
3001,26801.0,34.0,0,0,0,M,20,A,A,B,B,B
3001,26802.0,7.5,0,0,0,M,20,A,A,C,C,B
3001,26803.0,7.5,0,35,10,M,20,A,A,C,C,B
3001,26804.0,24.5,5,0,0,M,20,A,A,D,D,B
3001,26805.0,1.6,10,0,0,M,20,A,A,D,D,C
3001,26806.0,19.8,25,0,10,M,20,A,A,D,D,C
3001,26807.0,11.1,20,0,0,M,20,A,A,D,E,C
3001,26808.0,20.1,10,80,20,M,20,A,A,D,E,D
3001,26809.0,10.7,15,10,0,M,20,E,F,F,F,D
3001,26810.0,0.0,30,35,30,M,20,,,,,
2402,26811.0,3.6,0,0,0,F,20,A,A,B,B,A
2402,26812.0,1.0,0,0,0,F,20,A,A,B,B,A
2402,26813.0,22.5,0,0,0,F,20,A,A,B,B,B
2402,26814.0,22.5,0,0,0,F,20,A,A,B,B,B
2402,26815.0,13.2,40,0,45,F,20,A,A,B,B,B
2402,26816.0,5.8,0,10,0,M,20,A,A,B,C,B
2402,26817.0,17.2,0,0,0,M,20,A,A,C,D,B
2402,26818.0,22.5,0,0,0,M,20,A,A,C,D,B
2402,26819.0,22.5,0,0,0,M,20,A,B,C,D,B
2402,26820.0,14.5,0,0,0,M,20,A,D,D,D,C
2402,26821.0,11.2,0,0,0,M,20,A,D,D,D,C
2402,26822.0,31.9,0,20,0,M,20,A,D,D,E,E
702,26823.0,18.1,0,20,0,F,20,A,A,B,B,A
702,26824.0,23.5,0,0,0,F,20,A,A,B,B,B
702,26825.0,31.0,0,40,0,F,20,A,A,B,B,B
702,26826.0,32.7,0,25,0,M,20,B,A,C,C,B
702,26827.0,21.0,0,25,0,M,20,B,A,C,C,B
702,26828.0,16.7,60,0,0,M,20,B,A,C,C,B
702,26829.0,10.9,15,0,10,M,20,B,A,D,C,B
702,26830.0,6.4,75,25,0,M,20,B,B,D,D,B
702,26831.0,22.5,0,0,0,M,20,C,B,D,E,C
702,26832.0,12.4,0,15,50,M,20,D,F,E,E,C
904,26833.0,19.2,0,30,0,F,20,A,A,B,B,A
904,26834.0,5.2,75,30,0,F,20,A,A,B,B,A
904,26835.0,47.8,0,0,0,F,20,A,A,B,B,A
904,26836.0,0.0,15,55,30,F,20,A,A,B,B,A
904,26837.0,10.1,10,20,0,F,20,A,A,B,C,A
904,26838.0,3.6,0,0,0,F,20,A,A,C,C,A
904,26839.0,16.3,0,0,0,F,20,A,A,C,C,A
904,26840.0,23.8,0,0,0,F,20,A,A,C,C,B
904,26841.0,23.8,0,0,0,F,20,A,A,C,C,B
904,26842.0,45.7,0,15,0,F,20,A,A,C,D,B
904,26843.0,23.8,0,0,0,F,20,A,A,C,D,B
904,26844.0,11.5,0,0,0,F,20,A,A,D,D,B
904,26845.0,7.5,0,0,15,F,20,A,A,D,D,B
904,26846.0,33.9,10,0,10,F,20,A,A,D,D,B
904,26847.0,12.3,10,60,20,F,20,B,A,D,D,B
904,26848.0,19.6,25,5,10,F,20,B,A,D,D,C
904,26849.0,16.1,0,0,0,F,20,B,A,E,D,C
904,26850.0,10.3,0,0,30,M,20,B,A,E,D,C
904,26851.0,13.1,50,10,25,M,20,E,A,E,E,D
904,26852.0,14.7,30,45,0,M,20,E,B,E,E,D
904,26853.0,2.2,10,0,0,M,20,E,B,E,E,D
904,26854.0,15.4,20,45,5,M,20,E,D,E,E,D
904,26855.0,12.5,0,15,0,M,20,E,D,F,E,E
904,26856.0,11.1,20,5,0,M,20,,,,,
904,26857.0,22.5,0,0,0,M,20,,,,,
2501,26858.0,4.6,0,20,0,F,20,A,A,A,A,A
2501,26859.0,13.5,10,0,0,F,20,A,A,B,A,A
2501,26860.0,13.5,0,0,10,F,20,A,A,B,B,A
2501,26861.0,0.0,50,45,5,F,20,A,A,B,B,A
2501,26862.0,13.3,0,0,0,F,20,A,A,C,B,A
2501,26863.0,9.5,20,15,0,F,20,A,A,C,C,A
2501,26864.0,2.4,0,35,0,M,20,,,,,
905,26865.0,7.8,0,0,0,F,20,A,A,B,B,A
905,26866.0,9.5,0,0,0,F,20,A,A,B,B,A
905,26867.0,16.0,10,15,40,F,20,A,A,B,C,A
905,26868.0,11.3,0,0,0,M,20,B,D,F,F,E
905,26869.0,11.2,0,0,0,M,20,,,,,
906,26870.0,9.6,0,25,0,F,20,A,A,A,A,A
906,26871.0,23.0,0,60,15,F,20,A,A,A,B,A
906,26872.0,14.5,30,45,0,F,20,A,A,A,B,A
906,26873.0,21.8,90,0,10,F,20,A,A,B,B,A
906,26874.0,16.0,0,0,0,F,20,A,A,B,B,A
906,26875.0,21.4,90,0,15,F,20,A,A,B,B,B
906,26876.0,1.6,0,0,0,F,20,A,A,B,B,B
906,26877.0,11.5,0,0,0,M,20,B,A,D,D,C
906,26878.0,5.4,15,0,0,M,20,E,D,E,F,E
2402,26879.0,12.1,25,0,0,F,20,A,A,A,B,A
2402,26880.0,8.9,30,0,10,F,20,A,A,A,B,A
2402,26881.0,9.1,15,5,20,F,20,A,A,B,B,A
2402,26882.0,0.0,20,0,5,F,20,A,A,B,C,B
2402,26883.0,17.6,20,5,30,F,20,A,A,C,C,B
2402,26884.0,19.7,20,75,20,F,20,A,A,C,C,B
2402,26885.0,6.6,20,25,10,F,20,A,A,C,C,B
2402,26886.0,0.0,25,0,0,F,20,A,A,C,C,B
2402,26887.0,11.1,25,0,0,F,20,A,A,C,C,B
2402,26888.0,10.1,0,0,0,F,20,A,A,C,D,B
2402,26889.0,18.6,0,20,0,F,20,A,A,C,D,C
2402,26890.0,10.1,0,25,0,F,20,A,A,C,D,C
2402,26891.0,7.5,0,0,0,F,20,A,A,C,D,C
2402,26892.0,15.0,0,0,0,F,20,A,A,D,D,C
2402,26893.0,23.0,10,0,10,F,20,A,A,D,D,C
2402,26894.0,15.0,0,0,0,M,20,A,A,D,D,C
2402,26895.0,15.0,0,0,0,M,20,C,D,D,F,E
2402,26896.0,15.0,0,0,0,M,20,C,F,F,F,F
2402,26897.0,15.0,0,0,0,M,20,,,,,
1602,26898.0,11.7,0,0,0,F,20,A,A,B,B,A
1602,26899.0,15.0,0,0,0,F,20,A,A,B,B,A
1602,26900.0,15.0,0,0,0,F,20,A,A,B,B,A
1602,26901.0,15.0,0,0,0,F,20,A,A,C,B,A
1602,26902.0,13.5,10,10,0,F,20,A,A,C,B,B
1602,26903.0,16.5,0,0,0,F,20,A,A,C,B,B
1602,26904.0,16.1,20,45,0,F,20,A,A,C,B,B
1602,26905.0,7.5,0,0,0,F,20,A,A,C,C,B
1602,26906.0,9.5,0,15,0,F,20,A,A,C,C,B
1602,26907.0,32.0,0,20,0,F,20,A,A,C,D,B
1602,26908.0,3.8,0,0,0,F,20,A,A,C,D,B
1602,26909.0,15.0,0,0,0,F,20,A,A,C,D,B
1602,26910.0,15.0,0,0,0,F,20,A,A,D,D,D
1602,26911.0,11.7,0,0,0,F,20,A,A,D,E,D
1602,26912.0,13.6,0,0,0,F,20,A,A,D,E,D
1602,26913.0,15.0,0,0,0,F,20,A,B,D,E,D
1602,26914.0,14.7,35,10,0,M,20,A,D,D,E,D
1602,26915.0,8.4,20,15,10,M,20,B,D,E,F,E
1602,26916.0,8.2,0,0,0,M,20,E,F,E,F,F
1602,26917.0,14.7,0,45,0,M,20,,,,,
1602,26918.0,13.1,30,0,0,M,20,,,,,
1602,26919.0,13.5,0,0,0,M,20,,,,,
1602,26920.0,15.0,0,0,0,M,20,,,,,
1602,26921.0,15.0,0,0,0,M,20,,,,,
4004,26922.0,15.0,0,0,0,M,20,A,A,B,B,B
4004,26923.0,7.5,0,0,0,M,20,A,A,B,B,C
4004,26924.0,15.0,0,0,0,M,20,A,A,B,C,C
4004,26925.0,22.5,0,0,10,M,20,A,A,D,D,D
4004,26926.0,15.0,0,0,0,M,20,A,A,D,D,E
4004,26927.0,16.5,0,0,0,M,20,A,A,D,D,E
4004,26928.0,15.0,0,0,0,M,20,A,A,D,D,E
4004,26929.0,15.0,0,0,0,M,20,A,A,D,D,E
4004,26930.0,15.0,0,0,0,M,20,A,A,D,D,E
4004,26931.0,11.7,25,65,5,M,20,A,A,D,D,E
4004,26932.0,15.0,0,0,0,M,20,A,A,D,D,E
4004,26933.0,9.5,0,15,0,M,20,A,A,D,D,E
4004,26934.0,7.5,0,0,0,M,20,A,A,D,D,E
4004,26935.0,18.6,0,20,0,M,20,A,A,D,D,E
4004,26936.0,15.0,0,0,0,M,20,A,A,E,E,E
4004,26937.0,15.0,0,0,0,M,20,E,F,F,F,F
4004,26938.0,15.0,0,0,0,M,20,E,F,F,F,G
4004,26939.0,15.0,0,0,0,M,20,,,,,
4004,26940.0,15.0,0,0,0,M,20,,,,,
702,26941.0,7.5,0,50,0,F,20,A,A,B,B,B
702,26942.0,15.0,0,0,0,F,20,A,A,B,B,B
702,26943.0,15.0,0,0,0,M,20,,,,,
2402,26944.0,15.0,0,0,0,F,20,A,A,A,A,A
2402,26945.0,15.0,0,0,0,F,20,A,A,B,B,A
2402,26946.0,15.0,0,0,0,F,20,A,A,B,B,A
2402,26947.0,15.0,0,0,0,F,20,A,A,B,B,B
2402,26948.0,15.0,0,0,0,F,20,A,A,B,B,B
2402,26949.0,15.0,0,0,0,F,20,A,A,B,B,B
2402,26950.0,15.0,0,0,0,F,20,A,A,B,B,C
2402,26951.0,15.0,0,0,0,F,20,A,A,B,C,C
2402,26952.0,21.8,5,5,20,F,20,A,A,C,C,C
2402,26953.0,15.0,0,0,0,F,20,A,A,D,D,D
2402,26954.0,17.3,0,30,0,M,20,A,A,D,D,D
2402,26955.0,15.0,0,0,0,M,20,A,A,D,D,D
2402,26956.0,15.0,0,0,0,M,20,,,,,
2402,26957.0,15.0,0,0,0,M,20,,,,,
2402,26958.0,15.0,0,0,0,M,20,,,,,
2402,26959.0,7.5,15,35,0,M,20,,,,,
2402,26960.0,15.0,0,0,0,M,20,,,,,
3202,26961.0,11.9,0,0,0,F,20,A,A,B,C,B
3202,26962.0,7.5,0,0,0,F,20,A,A,B,C,B
3202,26963.0,15.0,0,0,0,F,20,A,A,B,C,B
3202,26964.0,11.9,0,0,0,F,20,A,A,B,C,B
5402,26965.0,15.0,0,0,0,F,20,A,A,A,D,B
5402,26966.0,15.0,0,0,0,F,20,A,A,C,D,B
5402,26967.0,15.0,0,0,0,M,20,A,A,D,E,B
5402,26968.0,18.6,40,0,10,M,20,A,A,D,E,C
3502,26969.0,15.0,0,0,0,F,20,A,A,A,A,A
3502,26970.0,15.0,0,0,0,F,20,A,A,B,B,A
3502,26971.0,15.0,0,0,0,F,20,A,A,B,B,A
3502,26972.0,15.0,0,0,0,F,20,A,A,B,B,B
3502,26973.0,11.1,20,60,20,F,20,A,A,B,B,B
3502,26974.0,15.0,0,0,0,F,20,A,A,B,B,B
3502,26975.0,15.0,0,0,0,F,20,A,A,B,B,B
3502,26976.0,15.0,0,0,0,F,20,A,A,C,C,B
3502,26977.0,11.9,0,0,0,F,20,A,A,C,C,B
3502,26978.0,15.0,0,0,0,F,20,A,A,C,C,B
3502,26979.0,9.8,0,0,0,F,20,A,A,C,C,B
3502,26980.0,25.1,0,0,0,F,20,A,A,C,D,B
3502,26981.0,17.9,30,0,25,F,20,A,A,C,D,C
3502,26982.0,15.0,0,0,0,F,20,A,A,C,D,C
3502,26983.0,15.0,0,0,0,F,20,A,A,C,D,C
3502,26984.0,15.0,0,0,0,F,20,A,A,C,D,C
3502,26985.0,15.0,0,0,0,F,20,A,A,C,D,C
3502,26986.0,15.0,0,0,0,F,20,A,A,D,D,C
3502,26987.0,7.2,60,10,0,F,20,A,A,D,D,C
3502,26988.0,15.0,0,0,0,F,20,A,A,D,D,C
3502,26989.0,15.0,0,0,0,F,20,A,A,D,D,C
3502,26990.0,15.0,0,0,0,F,20,B,A,D,D,C
3502,26991.0,4.0,0,0,0,M,20,B,A,D,D,C
3502,26992.0,15.0,0,0,0,M,20,E,D,F,F,E
3502,26993.0,15.0,0,0,0,M,20,,,,,
3502,26994.0,15.0,0,0,0,M,20,,,,,
3502,26995.0,15.0,0,0,0,M,20,,,,,
3502,26996.0,15.0,0,0,0,M,20,,,,,
3502,26997.0,8.5,0,45,0,M,20,,,,,
3502,26998.0,15.0,0,0,0,M,20,,,,,
3502,26999.0,9.0,50,45,20,M,20,,,,,
3502,27000.0,15.0,0,0,0,M,20,,,,,
3502,27001.0,21.6,30,0,0,M,20,,,,,
3502,27002.0,7.5,25,20,5,M,20,,,,,
3502,27003.0,17.0,30,20,10,M,20,,,,,
3502,27004.0,15.0,0,0,0,M,20,,,,,
3502,27005.0,15.0,0,0,0,M,20,,,,,
3502,27006.0,13.1,15,0,0,M,20,,,,,
3502,27007.0,15.0,0,0,0,M,20,,,,,
3502,27008.0,15.0,0,0,0,M,20,,,,,
3502,27009.0,2.6,10,0,0,M,20,,,,,
3502,27010.0,15.0,0,0,0,M,20,,,,,
3502,27011.0,15.0,0,0,0,M,20,,,,,
3502,27012.0,15.0,0,0,0,M,20,,,,,
3502,27013.0,15.0,0,0,0,M,20,,,,,
4006,27014.0,15.0,0,0,0,F,20,A,A,A,B,B
4006,27015.0,15.0,0,0,0,F,20,A,A,B,B,B
4006,27016.0,7.5,50,0,0,F,20,A,A,B,B,B
4006,27017.0,15.0,0,0,0,M,20,A,A,B,C,B
4006,27018.0,15.0,0,0,0,M,20,A,A,B,C,C
4006,27019.0,15.0,0,0,0,M,20,A,A,B,D,D
4006,27020.0,11.1,30,30,40,M,20,A,A,B,D,D
4006,27021.0,11.1,30,0,0,M,20,A,A,C,D,D
4006,27022.0,0.0,0,0,0,M,20,A,A,D,D,D
4006,27023.0,19.5,50,65,5,M,20,A,A,D,D,E
4006,27024.0,14.7,0,50,0,M,20,A,A,D,D,E
4006,27025.0,42.9,40,0,0,M,20,A,A,D,D,E
4006,27026.0,4.8,10,0,0,M,20,A,A,D,D,E
4006,27027.0,14.5,0,35,15,M,20,A,A,D,D,E
4006,27028.0,19.4,0,0,0,M,20,A,A,E,D,E
4006,27029.0,0.0,0,0,0,M,20,A,A,E,E,F
4006,27030.0,40.8,20,15,20,M,20,A,A,E,E,F
4006,27031.0,19.0,20,85,20,M,20,A,A,E,E,F
4006,27032.0,48.7,0,0,0,M,20,B,A,E,E,F
2001,27033.0,0.0,0,0,0,F,20,A,A,B,B,A
2001,27034.0,0.0,0,0,0,F,20,A,A,B,B,A
2001,27035.0,0.0,0,0,0,F,20,A,A,B,C,A
2001,27036.0,0.0,0,0,0,F,20,A,A,B,C,A
2001,27037.0,0.0,0,0,0,F,20,A,B,B,C,A
2001,27038.0,0.0,0,0,0,F,20,A,B,C,D,B
2001,27039.0,0.0,0,0,0,F,20,A,D,C,D,B
2001,27040.0,0.0,0,0,0,F,20,B,D,D,E,B
2001,27041.0,0.0,0,0,0,F,20,B,D,E,E,B
2001,27042.0,0.0,0,0,0,F,20,C,D,E,E,C
2001,27043.0,0.0,0,0,0,F,20,C,D,E,E,F
2001,27044.0,0.0,0,0,0,F,20,E,D,F,F,F
2001,27045.0,0.0,0,0,0,F,20,,,,,
2001,27046.0,0.0,0,0,0,M,20,,,,,
2001,27047.0,0.0,0,0,0,M,20,,,,,
2001,27048.0,0.0,0,0,0,M,20,,,,,
3502,27049.0,0.0,0,0,0,F,20,A,A,A,B,A
3502,27050.0,0.0,0,0,0,F,20,A,B,B,D,B
3502,27051.0,0.0,0,0,0,F,20,A,B,C,D,B
3502,27052.0,0.0,0,0,0,F,20,A,C,C,D,B
3502,27053.0,0.0,0,0,0,F,20,A,D,D,D,B
3502,27054.0,0.0,0,0,0,F,20,A,D,D,D,B
3502,27055.0,0.0,0,0,0,F,20,A,D,D,D,B
3502,27056.0,0.0,0,0,0,F,20,A,D,D,D,C
3502,27057.0,0.0,0,0,0,M,20,A,D,D,E,D
3502,27058.0,0.0,0,0,0,M,20,A,D,D,E,D
3502,27059.0,0.0,0,0,0,M,20,A,D,D,E,D
3502,27060.0,0.0,0,0,0,M,20,B,D,D,F,D
3502,27061.0,0.0,0,0,0,M,20,B,D,E,F,E
3502,27062.0,0.0,0,0,0,M,20,B,D,E,F,E
3502,27063.0,0.0,0,0,0,M,20,E,F,F,F,E
3502,27064.0,0.0,0,0,0,M,20,,,,,
3502,27065.0,0.0,0,0,0,M,20,,,,,
3502,27066.0,0.0,0,0,0,M,20,,,,,
3502,27067.0,0.0,0,0,0,M,20,,,,,
3502,27068.0,0.0,0,0,0,M,20,,,,,
3502,27069.0,0.0,0,0,0,M,20,,,,,
3502,27070.0,0.0,0,0,0,M,20,,,,,
3502,27071.0,0.0,0,0,0,M,20,,,,,
3502,27072.0,0.0,0,0,0,M,20,,,,,
2001,27073.0,0.0,0,0,0,F,20,A,A,A,A,A
2001,27074.0,0.0,0,0,0,F,20,A,A,A,B,A
2001,27075.0,0.0,0,0,0,F,20,A,A,A,B,A
2001,27076.0,0.0,0,0,0,F,20,A,A,B,B,A
2001,27077.0,0.0,0,0,0,F,20,A,B,B,B,B
2001,27078.0,0.0,0,0,0,F,20,A,B,B,C,B
2001,27079.0,0.0,0,0,0,F,20,A,D,B,D,B
2001,27080.0,0.0,0,0,0,F,20,A,D,B,D,B
2001,27081.0,0.0,0,0,0,F,20,A,D,B,D,B
2001,27082.0,0.0,0,0,0,F,20,A,D,B,D,B
2001,27083.0,0.0,0,0,0,F,20,B,D,B,D,B
2001,27084.0,0.0,0,0,0,F,20,B,D,B,D,B
2001,27085.0,0.0,0,0,0,F,20,B,D,B,D,B
2001,27086.0,0.0,0,0,0,F,20,C,D,C,E,B
2001,27087.0,0.0,0,0,0,F,20,C,D,C,E,B
2001,27088.0,0.0,0,0,0,F,20,C,D,C,E,B
2001,27089.0,0.0,0,0,0,F,20,C,D,D,E,B
2001,27090.0,0.0,0,0,0,F,20,E,F,D,F,C
2001,27091.0,0.0,0,0,0,F,20,,,,,
2001,27092.0,0.0,0,0,0,M,20,,,,,
2001,27093.0,0.0,0,0,0,M,20,,,,,
3002,27094.0,0.0,0,0,0,F,20,A,A,A,A,A
3002,27095.0,0.0,0,0,0,F,20,A,A,A,B,A
3002,27096.0,0.0,0,0,0,F,20,A,A,A,B,A
3002,27097.0,0.0,0,0,0,F,20,A,B,B,B,A
3002,27098.0,0.0,0,0,0,F,20,A,B,B,B,A
3002,27099.0,0.0,0,0,0,F,20,A,B,B,B,B
3002,27100.0,0.0,0,0,0,M,20,A,D,B,B,B
3002,27101.0,0.0,0,0,0,M,20,A,D,B,B,B
3002,27102.0,0.0,0,0,0,M,20,A,D,B,C,B
3002,27103.0,0.0,0,0,0,M,20,A,D,C,C,B
3002,27104.0,0.0,0,0,0,M,20,A,D,D,C,B
3002,27105.0,0.0,0,0,0,M,20,A,D,D,C,B
3002,27106.0,0.0,0,0,0,M,20,B,D,D,D,C
3002,27107.0,0.0,0,0,0,M,20,,,,,
3002,27108.0,0.0,0,0,0,M,20,,,,,
2402,27109.0,0.0,0,0,0,F,20,A,A,B,B,A
2402,27110.0,0.0,0,0,0,F,20,A,A,B,B,A
2402,27111.0,0.0,0,0,0,F,20,A,A,B,B,A
2402,27112.0,0.0,0,0,0,F,20,A,A,B,B,A
2402,27113.0,0.0,0,0,0,F,20,A,A,B,B,A
2402,27114.0,0.0,0,0,0,F,20,A,B,B,C,B
2402,27115.0,0.0,0,0,0,F,20,A,B,B,C,B
2402,27116.0,0.0,0,0,0,F,20,A,B,B,D,B
2402,27117.0,0.0,0,0,0,F,20,A,B,C,D,B
2402,27118.0,0.0,0,0,0,F,20,A,D,C,D,B
2402,27119.0,0.0,0,0,0,F,20,A,D,D,D,B
2402,27120.0,0.0,0,0,0,F,20,A,D,D,D,B
2402,27121.0,0.0,0,0,0,M,20,A,D,D,D,C
2402,27122.0,0.0,0,0,0,M,20,A,D,D,D,C
2402,27123.0,0.0,0,0,0,M,20,A,D,D,D,C
2402,27124.0,0.0,0,0,0,M,20,B,D,D,E,C
2402,27125.0,0.0,0,0,0,M,20,B,D,E,E,D
2402,27126.0,0.0,0,0,0,M,20,B,D,E,E,D
2402,27127.0,0.0,0,0,0,M,20,E,F,E,E,D
2402,27128.0,0.0,0,0,0,M,20,E,F,E,F,E
2402,27129.0,0.0,0,0,0,M,20,,,,,
2402,27130.0,0.0,0,0,0,M,20,,,,,
2402,27131.0,0.0,0,0,0,M,20,,,,,
2402,27132.0,0.0,0,0,0,M,20,,,,,
2402,27133.0,0.0,0,0,0,M,20,,,,,
702,27134.0,0.0,0,0,0,F,20,A,A,B,B,A
702,27135.0,0.0,0,0,0,M,20,A,D,C,C,B
702,27136.0,0.0,0,0,0,M,20,A,D,C,D,C
702,27137.0,0.0,0,0,0,M,20,A,D,C,D,D
702,27138.0,0.0,0,0,0,M,20,A,D,D,D,D
702,27139.0,0.0,0,0,0,M,20,B,D,D,D,D
702,27140.0,0.0,0,0,0,M,20,B,D,E,D,E
702,27141.0,0.0,0,0,0,M,20,E,F,E,F,F
1402,27142.0,0.0,0,0,0,F,20,A,A,A,B,A
1402,27143.0,0.0,0,0,0,F,20,A,A,B,C,A
1402,27144.0,0.0,0,0,0,F,20,A,B,B,D,A
1402,27145.0,0.0,0,0,0,F,20,A,B,C,D,B
1402,27146.0,0.0,0,0,0,M,20,A,D,E,E,E
1402,27147.0,0.0,0,0,0,M,20,B,D,F,E,F
1602,27148.0,0.0,0,0,0,F,20,A,A,B,B,A
1602,27149.0,0.0,0,0,0,F,20,A,A,B,C,A
1602,27150.0,0.0,0,0,0,F,20,A,A,B,C,A
1602,27151.0,0.0,0,0,0,F,20,A,A,B,D,A
1602,27152.0,0.0,0,0,0,F,20,A,A,B,D,A
1602,27153.0,0.0,0,0,0,F,20,A,A,C,D,A
1602,27154.0,0.0,0,0,0,F,20,A,A,C,D,A
1602,27155.0,0.0,0,0,0,F,20,A,A,C,D,A
1602,27156.0,0.0,0,0,0,F,20,A,A,D,D,A
1602,27157.0,0.0,0,0,0,F,20,A,A,D,D,A
1602,27158.0,0.0,0,0,0,F,20,A,A,D,D,A
1602,27159.0,0.0,0,0,0,F,20,A,B,D,D,A
1602,27160.0,0.0,0,0,0,F,20,A,B,D,D,A
1602,27161.0,0.0,0,0,0,M,20,A,C,D,D,A
1602,27162.0,0.0,0,0,0,M,20,A,D,D,D,B
1602,27163.0,0.0,0,0,0,M,20,A,D,D,D,B
1602,27164.0,0.0,0,0,0,M,20,A,D,D,E,B
1602,27165.0,0.0,0,0,0,M,20,A,D,D,E,B
1602,27166.0,0.0,0,0,0,M,20,A,D,D,E,B
1602,27167.0,0.0,0,0,0,M,20,A,D,D,E,B
1602,27168.0,0.0,0,0,0,M,20,A,D,D,E,C
1602,27169.0,0.0,0,0,0,M,20,A,D,D,E,C
1602,27170.0,0.0,0,0,0,M,20,A,D,E,F,D
1602,27171.0,0.0,0,0,0,M,20,A,D,E,F,D
1602,27172.0,0.0,0,0,0,M,20,A,D,E,F,E
1602,27173.0,0.0,0,0,0,M,20,A,D,E,F,E
1602,27174.0,0.0,0,0,0,M,20,B,F,F,F,F
1602,27175.0,0.0,0,0,0,F,20,A,A,A,A,A
1602,27176.0,0.0,0,0,0,F,20,A,A,B,B,A
1602,27177.0,0.0,0,0,0,F,20,A,A,B,D,A
1602,27178.0,0.0,0,0,0,F,20,A,A,B,D,A
1602,27179.0,0.0,0,0,0,F,20,A,A,B,D,B
1602,27180.0,0.0,0,0,0,F,20,A,B,C,D,B
1602,27181.0,0.0,0,0,0,F,20,A,B,C,E,B
1602,27182.0,0.0,0,0,0,F,20,A,D,D,E,B
1602,27183.0,0.0,0,0,0,F,20,A,D,D,E,B
1602,27184.0,0.0,0,0,0,F,20,,,,,
1602,27185.0,0.0,0,0,0,F,20,,,,,
1602,27186.0,0.0,0,0,0,M,20,,,,,
1602,27187.0,0.0,0,0,0,M,20,,,,,
1602,27188.0,0.0,0,0,0,M,20,,,,,
1602,27189.0,0.0,0,0,0,M,20,,,,,
1602,27190.0,0.0,0,0,0,M,20,,,,,
1602,27191.0,0.0,0,0,0,M,20,,,,,
702,27192.0,0.0,0,0,0,F,20,A,A,A,A,A
702,27193.0,0.0,0,0,0,F,20,A,A,A,A,A
702,27194.0,0.0,0,0,0,F,20,A,B,B,A,B
702,27195.0,0.0,0,0,0,F,20,A,B,B,B,B
702,27196.0,0.0,0,0,0,F,20,A,B,B,B,B
702,27197.0,0.0,0,0,0,F,20,A,C,B,B,B
702,27198.0,0.0,0,0,0,F,20,A,D,B,D,B
702,27199.0,0.0,0,0,0,F,20,A,D,C,D,B
702,27200.0,0.0,0,0,0,M,20,A,D,D,D,B
702,27201.0,0.0,0,0,0,M,20,A,D,D,D,B
702,27202.0,0.0,0,0,0,M,20,A,D,D,E,C
702,27203.0,0.0,0,0,0,M,20,A,D,D,E,C
702,27204.0,0.0,0,0,0,M,20,B,D,E,F,D
702,27205.0,0.0,0,0,0,M,20,B,D,E,F,E
4004,27206.0,0.0,0,0,0,F,20,A,A,A,B,A
4004,27207.0,0.0,0,0,0,F,20,A,A,B,B,A
4004,27208.0,0.0,0,0,0,F,20,A,A,B,C,B
4004,27209.0,0.0,0,0,0,M,20,A,A,B,C,B
4004,27210.0,0.0,0,0,0,M,20,A,A,B,D,B
4004,27211.0,0.0,0,0,0,M,20,A,A,C,D,C
4004,27212.0,0.0,0,0,0,M,20,A,A,D,D,C
4004,27213.0,0.0,0,0,0,M,20,A,A,D,D,C
4004,27214.0,0.0,0,0,0,M,20,A,A,D,D,C
4004,27215.0,0.0,0,0,0,M,20,A,A,D,D,C
4004,27216.0,0.0,0,0,0,M,20,A,A,D,D,C
4004,27217.0,0.0,0,0,0,M,20,A,B,D,D,D
4004,27218.0,0.0,0,0,0,M,20,A,B,D,D,D
4004,27219.0,0.0,0,0,0,M,20,A,B,D,D,D
4004,27220.0,0.0,0,0,0,M,20,A,B,D,E,D
4004,27221.0,0.0,0,0,0,M,20,A,C,D,E,E
4004,27222.0,0.0,0,0,0,M,20,A,C,E,E,E
4004,27223.0,0.0,0,0,0,M,20,A,D,E,E,E
4004,27224.0,0.0,0,0,0,M,20,A,D,E,E,E
4004,27225.0,0.0,0,0,0,M,20,A,D,E,E,E
4004,27226.0,0.0,0,0,0,M,20,A,D,E,E,E
4004,27227.0,0.0,0,0,0,M,20,A,D,E,E,E
4004,27228.0,0.0,0,0,0,M,20,A,D,E,E,E
4004,27229.0,0.0,20,0,0,M,20,A,D,F,F,E
4004,27230.0,3.6,0,0,0,M,20,A,D,F,F,E
4004,27231.0,1.0,0,20,0,M,20,A,D,F,F,F
4004,27232.0,1.4,0,15,0,M,20,A,D,F,F,F
4004,27233.0,5.2,0,0,0,M,20,A,D,F,F,F
4004,27234.0,5.2,0,0,0,M,20,A,F,F,F,F
4004,27235.0,3.2,0,15,0,M,20,A,F,F,F,F
4004,27236.0,4.0,0,0,10,M,20,A,F,F,F,G
4004,27237.0,5.4,0,0,0,M,20,,,,,
4004,27238.0,3.4,15,0,0,M,20,,,,,
4004,27239.0,6.8,0,0,0,M,20,,,,,
4004,27240.0,0.0,0,45,0,F,20,A,A,A,B,A
4004,27241.0,3.6,0,20,0,F,20,A,A,A,C,A
4004,27242.0,6.6,0,0,0,F,20,A,A,B,C,A
4004,27243.0,7.5,0,0,0,F,20,A,A,B,C,B
4004,27244.0,7.5,0,0,0,F,20,A,A,B,C,B
4004,27245.0,7.5,0,0,0,F,20,A,A,B,D,B
4004,27246.0,7.5,0,0,0,F,20,A,A,B,D,B
4004,27247.0,7.5,0,0,0,F,20,A,A,B,D,B
4004,27248.0,7.5,0,0,0,F,20,A,A,C,D,B
4004,27249.0,7.5,0,0,0,F,20,A,A,C,D,B
4004,27250.0,7.5,0,0,0,F,20,A,A,C,D,B
4004,27251.0,7.5,0,0,0,F,20,A,A,D,D,C
4004,27252.0,7.5,0,0,0,F,20,A,A,D,D,C
4004,27253.0,7.5,0,0,0,F,20,A,A,D,D,C
4004,27254.0,7.5,0,0,0,M,20,A,A,D,D,C
4004,27255.0,7.5,0,0,0,M,20,A,A,D,D,C
4004,27256.0,7.5,0,0,0,M,20,A,A,D,D,C
4004,27257.0,7.5,0,0,0,M,20,A,A,D,D,C
4004,27258.0,7.5,0,0,0,M,20,A,A,D,D,C
4004,27259.0,7.5,0,0,0,M,20,A,A,D,D,C
4004,27260.0,7.5,0,0,0,M,20,A,A,D,D,C
4004,27261.0,7.4,0,0,0,M,20,A,A,D,D,C
4004,27262.0,7.5,0,0,0,M,20,A,A,D,D,C
4004,27263.0,7.5,0,0,0,M,20,A,A,D,D,D
4004,27264.0,7.5,0,0,0,M,20,A,A,D,D,D
4004,27265.0,7.5,0,0,0,M,20,A,A,D,D,D
4004,27266.0,7.6,0,0,0,M,20,A,A,D,D,D
4004,27267.0,7.8,0,0,0,M,20,A,A,D,D,D
4004,27268.0,7.8,0,0,0,M,20,A,A,D,D,D
4004,27269.0,2.0,30,10,0,M,20,A,A,D,D,D
4004,27270.0,6.4,10,0,0,M,20,A,A,D,E,D
4004,27271.0,8.4,0,0,0,M,20,A,A,D,E,D
4004,27272.0,8.4,0,0,0,M,20,A,A,D,E,E
4004,27273.0,9.2,0,0,0,M,20,A,A,E,E,E
4004,27274.0,0.0,0,0,0,M,20,A,A,E,E,E
4004,27275.0,9.4,0,0,0,M,20,A,A,E,E,E
4004,27276.0,7.5,0,15,0,M,20,A,A,E,E,E
4004,27277.0,10.1,0,0,0,M,20,A,A,E,E,E
4004,27278.0,0.0,20,45,0,M,20,A,A,E,E,E
4004,27279.0,0.0,40,10,20,M,20,A,B,E,E,E
4004,27280.0,10.6,0,0,0,M,20,A,B,E,E,E
4004,27281.0,10.6,0,0,0,M,20,A,B,E,E,E
4004,27282.0,0.0,0,0,0,M,20,A,B,E,E,E
4004,27283.0,11.1,0,0,0,M,20,A,B,E,E,F
4004,27284.0,0.0,0,0,0,M,20,A,B,E,E,F
4004,27285.0,11.1,0,0,0,M,20,A,B,E,E,F
4004,27286.0,9.5,0,0,10,M,20,A,C,E,E,F
4004,27287.0,2.2,60,0,0,M,20,A,C,E,E,F
4004,27288.0,0.0,0,0,0,M,20,A,C,E,E,F
4004,27289.0,0.0,0,0,0,M,20,A,D,E,E,F
4004,27290.0,0.0,0,0,0,M,20,A,D,E,E,F
4004,27291.0,0.0,0,0,0,M,20,A,D,E,E,F
4004,27292.0,0.0,0,0,0,M,20,A,D,E,F,F
4004,27293.0,11.5,0,0,0,M,20,A,D,E,F,F
4004,27294.0,6.2,30,5,0,M,20,A,D,E,F,F
4004,27295.0,4.6,0,50,0,M,20,A,D,E,F,F
4004,27296.0,12.1,0,0,0,M,20,A,D,E,F,F
4004,27297.0,11.9,0,0,0,M,20,A,D,E,F,F
4004,27298.0,0.0,0,0,0,M,20,A,D,E,F,F
4004,27299.0,2.0,0,0,0,M,20,A,D,E,F,F
4004,27300.0,0.0,0,0,0,M,20,A,D,E,F,F
4004,27301.0,9.2,0,20,0,M,20,A,D,E,F,F
4004,27302.0,12.5,0,0,0,M,20,A,D,E,F,F
4004,27303.0,1.6,0,0,0,M,20,A,D,F,F,F
4004,27304.0,0.0,0,0,0,M,20,A,D,F,F,F
4004,27305.0,12.9,0,0,0,M,20,A,D,F,F,F
4004,27306.0,9.4,25,0,0,M,20,A,D,F,F,F
4004,27307.0,8.5,0,15,15,M,20,A,D,F,F,F
4004,27308.0,0.0,0,0,0,M,20,A,D,F,F,F
4004,27309.0,0.0,0,0,0,M,20,A,D,F,F,F
4004,27310.0,0.0,0,0,0,M,20,A,D,F,F,F
4004,27311.0,6.2,20,0,30,M,20,A,D,F,F,F
4004,27312.0,0.0,0,0,0,M,20,A,D,F,F,G
4004,27313.0,11.0,0,15,0,M,20,A,D,F,F,G
4004,27314.0,0.0,0,0,0,M,20,A,D,F,F,G
4004,27315.0,0.0,0,0,0,M,20,A,D,F,F,G
4004,27316.0,0.0,0,0,0,M,20,A,D,F,F,G
4004,27317.0,0.0,0,0,0,M,20,B,F,F,F,G
4004,27318.0,2.6,0,0,0,M,20,B,F,F,F,G
4004,27319.0,0.0,0,0,0,M,20,B,F,F,F,G
4004,27320.0,0.0,0,0,0,M,20,E,F,F,,G
4004,27321.0,6.6,25,15,5,M,20,,,,,
4004,27322.0,0.0,0,0,0,M,20,,,,,
4004,27323.0,2.2,0,0,0,M,20,,,,,
4004,27324.0,14.4,0,0,0,M,20,,,,,
4004,27325.0,2.0,0,0,0,M,20,,,,,
4004,27326.0,14.3,0,0,0,M,20,,,,,
4004,27327.0,11.0,0,0,25,M,20,,,,,
4004,27328.0,4.2,20,0,50,M,20,,,,,
4301,27329.0,15.0,0,0,0,F,20,A,A,B,D,B
4301,27330.0,15.0,0,0,0,F,20,A,A,B,D,C
4301,27331.0,7.6,30,20,0,F,20,A,A,B,D,C
4301,27332.0,15.0,0,0,0,F,20,A,A,C,D,C
4301,27333.0,15.0,0,0,0,F,20,A,A,D,D,C
4301,27334.0,15.0,0,0,0,F,20,A,A,D,E,D
4301,27335.0,15.0,0,0,0,F,20,A,A,D,E,D
4301,27336.0,15.0,0,0,0,F,20,A,A,D,E,D
4301,27337.0,15.0,0,0,0,F,20,A,A,D,E,D
4301,27338.0,15.0,0,0,0,F,20,A,B,E,E,E
4301,27339.0,15.0,0,0,0,M,20,A,B,E,E,E
4301,27340.0,15.0,0,0,0,M,20,A,B,E,E,E
4301,27341.0,15.0,0,0,0,M,20,A,B,E,E,E
4301,27342.0,6.4,10,0,50,M,20,A,D,E,E,E
4301,27343.0,4.4,0,0,0,M,20,A,D,E,E,E
4301,27344.0,9.5,0,40,0,M,20,A,D,E,E,E
4301,27345.0,15.9,0,0,0,M,20,A,D,E,F,E
4301,27346.0,4.0,70,0,10,M,20,A,D,E,F,F
4301,27347.0,2.6,0,0,0,M,20,A,D,E,F,F
4301,27348.0,16.2,0,0,0,M,20,B,D,F,F,F
4301,27349.0,16.3,0,0,0,M,20,B,D,F,F,F
4301,27350.0,8.4,0,35,20,M,20,B,D,F,F,F
4301,27351.0,5.2,0,0,0,M,20,B,F,F,F,F
4301,27352.0,5.2,0,0,0,M,20,B,F,F,F,G
4301,27353.0,16.3,0,0,0,M,20,,,,,
4301,27354.0,16.3,0,0,0,M,20,,,,,
4301,27355.0,10.8,40,0,0,M,20,,,,,
4301,27356.0,7.5,0,0,0,M,20,,,,,
4301,27357.0,3.6,0,0,0,M,20,,,,,
4301,27358.0,15.6,0,0,10,M,20,,,,,
4301,27359.0,5.8,10,15,50,M,20,,,,,
3502,27360.0,17.0,0,0,0,F,20,A,A,A,B,A
3502,27361.0,6.8,25,45,0,F,20,A,A,A,B,A
3502,27362.0,17.6,0,0,0,F,20,A,A,B,C,A
3502,27363.0,2.4,0,0,15,F,20,A,A,B,C,A
3502,27364.0,17.6,0,0,0,F,20,A,A,B,C,A
3502,27365.0,15.0,0,0,20,F,20,A,A,B,C,A
3502,27366.0,17.9,0,0,0,F,20,A,A,B,C,A
3502,27367.0,18.0,0,0,0,F,20,A,A,B,C,A
3502,27368.0,17.8,0,0,0,F,20,A,A,B,C,A
3502,27369.0,7.5,0,0,0,F,20,A,A,C,C,A
3502,27370.0,3.2,20,70,10,F,20,A,A,C,C,A
3502,27371.0,18.4,0,0,0,F,20,A,A,C,C,B
3502,27372.0,10.9,50,0,0,F,20,A,A,C,D,B
3502,27373.0,0.0,50,0,0,F,20,A,A,C,D,B
3502,27374.0,2.6,25,5,0,F,20,A,A,C,D,B
3502,27375.0,10.5,10,30,15,F,20,A,A,C,D,B
3502,27376.0,7.5,0,0,0,F,20,A,A,C,D,B
3502,27377.0,7.4,75,0,0,F,20,A,A,C,D,B
3502,27378.0,18.9,0,0,0,F,20,A,A,C,D,B
3502,27379.0,7.5,0,0,0,F,20,A,A,C,D,B
3502,27380.0,7.5,0,0,0,F,20,A,A,C,D,B
3502,27381.0,7.5,0,0,0,F,20,A,A,C,D,B
3502,27382.0,7.5,0,0,0,F,20,A,A,C,D,B
3502,27383.0,7.5,0,0,0,F,20,A,A,D,D,B
3502,27384.0,7.5,0,0,0,F,20,A,A,D,D,B
3502,27385.0,7.5,0,0,0,F,20,A,A,D,D,B
3502,27386.0,15.0,0,25,0,F,20,A,A,D,D,B
3502,27387.0,7.5,0,0,0,F,20,A,A,D,D,B
3502,27388.0,7.5,0,0,0,F,20,A,A,D,D,B
3502,27389.0,7.5,0,0,0,F,20,A,A,D,D,B
3502,27390.0,7.5,0,0,0,F,20,A,A,D,D,C
3502,27391.0,7.5,0,0,0,F,20,A,A,D,D,C
3502,27392.0,7.5,0,0,0,F,20,A,A,D,D,C
3502,27393.0,7.5,0,0,0,F,20,A,A,D,D,C
3502,27394.0,18.6,0,0,0,F,20,A,A,D,D,C
3502,27395.0,7.5,0,0,0,F,20,A,A,D,D,C
3502,27396.0,7.5,0,0,0,M,20,A,B,D,D,C
3502,27397.0,7.5,0,0,0,M,20,A,B,D,D,C
3502,27398.0,7.5,0,0,0,M,20,A,B,D,D,D
3502,27399.0,7.5,0,0,0,M,20,A,B,D,D,D
3502,27400.0,7.5,0,0,0,M,20,A,B,D,D,D
3502,27401.0,7.5,0,0,0,M,20,A,B,D,D,D
3502,27402.0,19.2,0,0,0,M,20,A,D,E,E,E
3502,27403.0,19.4,0,0,0,M,20,A,D,E,E,E
3502,27404.0,7.4,0,0,0,M,20,A,D,E,E,E
3502,27405.0,7.8,0,30,50,M,20,A,D,E,E,E
3502,27406.0,7.5,0,0,0,M,20,A,D,E,E,E
3502,27407.0,16.3,25,0,0,M,20,A,D,E,E,E
3502,27408.0,7.5,0,0,0,M,20,A,D,E,E,E
3502,27409.0,7.5,0,0,0,M,20,A,D,E,E,E
3502,27410.0,3.4,10,10,0,M,20,A,D,E,E,E
3502,27411.0,7.5,0,0,0,M,20,A,D,E,E,E
3502,27412.0,7.5,10,0,0,M,20,A,D,E,E,E
3502,27413.0,8.4,60,20,0,M,20,A,D,E,E,E
3502,27414.0,7.5,0,0,0,M,20,A,D,E,E,E
3502,27415.0,9.1,0,0,0,M,20,A,D,E,E,E
3502,27416.0,7.0,0,0,0,M,20,A,D,E,F,E
3502,27417.0,7.5,0,0,0,M,20,A,D,E,F,E
3502,27418.0,7.5,0,0,0,M,20,A,D,E,F,E
3502,27419.0,13.6,0,45,0,M,20,A,D,E,F,E
3502,27420.0,8.1,0,0,0,M,20,A,D,E,F,E
3502,27421.0,18.9,10,0,0,M,20,A,D,F,F,E
3502,27422.0,9.5,0,0,0,M,20,A,D,F,F,F
3502,27423.0,20.2,0,0,0,M,20,A,D,F,F,F
3502,27424.0,10.2,70,0,0,M,20,A,D,F,F,F
3502,27425.0,9.7,0,0,0,M,20,A,D,F,F,F
3502,27426.0,6.8,20,0,0,M,20,A,D,F,F,F
2001,27427.0,18.6,20,0,0,F,20,A,A,A,B,A
2001,27428.0,21.4,0,0,0,F,20,A,A,B,B,A
2001,27429.0,9.4,0,0,0,F,20,A,A,B,B,A
2001,27430.0,8.8,0,0,0,F,20,A,A,B,B,A
2001,27431.0,9.1,0,0,0,F,20,A,A,B,B,A
2001,27432.0,1.0,15,30,20,F,20,A,A,B,B,A
2001,27433.0,18.5,0,20,0,F,20,A,A,B,B,A
2001,27434.0,13.6,55,0,0,F,20,A,A,B,B,A
2001,27435.0,3.8,15,30,0,F,20,A,A,B,B,A
2001,27436.0,9.5,0,0,0,F,20,A,A,B,B,A
2001,27437.0,21.8,0,0,0,F,20,A,A,B,B,A
2001,27438.0,22.0,0,0,0,F,20,A,A,B,B,A
2001,27439.0,8.4,0,0,0,F,20,A,A,B,B,A
2001,27440.0,9.5,0,10,0,F,20,A,A,B,B,A
2001,27441.0,8.6,50,30,10,F,20,A,A,B,B,A
2001,27442.0,12.2,30,35,0,F,20,A,A,B,B,A
2001,27443.0,11.1,0,0,0,F,20,A,A,B,C,A
2001,27444.0,8.5,0,0,0,F,20,A,A,B,C,A
2001,27445.0,4.0,70,50,0,F,20,A,A,B,C,A
2001,27446.0,22.5,0,0,0,F,20,A,A,B,C,B
2001,27447.0,0.0,0,0,0,F,20,A,A,B,C,B
2001,27448.0,0.0,0,0,0,F,20,A,A,B,C,B
2001,27449.0,0.0,0,0,0,F,20,A,A,B,C,B
2001,27450.0,22.5,0,0,0,F,20,A,A,B,C,B
2001,27451.0,11.3,0,0,0,F,20,A,A,B,C,B
2001,27452.0,0.0,0,0,0,F,20,A,A,C,C,B
2001,27453.0,22.5,0,0,0,F,20,A,A,C,C,B
2001,27454.0,0.0,0,0,0,F,20,A,A,C,C,B
2001,27455.0,0.0,0,0,0,F,20,A,A,C,D,B
2001,27456.0,8.9,0,0,0,F,20,A,A,C,D,B
2001,27457.0,7.5,0,15,10,F,20,A,A,C,D,B
2001,27458.0,3.4,0,50,0,F,20,A,A,C,D,B
2001,27459.0,0.0,0,0,0,F,20,A,A,C,D,B
2001,27460.0,0.0,0,0,0,F,20,A,A,C,D,B
2001,27461.0,0.0,0,0,0,F,20,A,A,C,D,B
2001,27462.0,22.5,0,0,0,F,20,A,A,C,D,B
2001,27463.0,11.5,0,0,0,F,20,A,A,C,D,B
2001,27464.0,10.2,40,40,0,F,20,A,A,D,D,B
2001,27465.0,22.5,0,0,0,F,20,A,A,D,D,B
2001,27466.0,10.1,0,0,0,F,20,A,A,D,D,B
2001,27467.0,0.0,0,0,0,F,20,A,B,D,D,B
2001,27468.0,0.0,0,0,0,F,20,A,B,D,D,B
2001,27469.0,22.3,0,0,0,F,20,A,B,D,D,B
2001,27470.0,11.3,0,0,0,F,20,A,B,D,D,B
2001,27471.0,0.0,0,0,0,F,20,A,B,D,D,B
2001,27472.0,7.5,25,0,0,F,20,A,B,D,D,B
2001,27473.0,22.5,0,0,0,F,20,A,B,D,D,B
2001,27474.0,0.0,0,0,0,F,20,A,B,D,D,B
2001,27475.0,0.0,0,0,0,F,20,A,B,D,D,B
2001,27476.0,0.0,0,0,0,F,20,A,C,D,D,C
2001,27477.0,22.5,0,0,0,F,20,A,D,D,D,C
2001,27478.0,0.0,0,0,0,F,20,A,D,D,D,C
2001,27479.0,0.0,0,0,0,F,20,A,D,D,D,C
2001,27480.0,0.0,0,0,0,F,20,A,D,D,D,C
2001,27481.0,0.0,0,0,0,F,20,A,D,D,D,C
2001,27482.0,19.0,25,0,0,F,20,A,D,D,D,C
2001,27483.0,8.5,10,0,0,F,20,A,D,D,D,C
2001,27484.0,10.1,10,0,0,F,20,A,D,D,D,C
2001,27485.0,10.1,10,0,0,F,20,A,D,D,D,D
2001,27486.0,4.0,45,50,30,F,20,A,D,D,D,D
2001,27487.0,11.7,0,0,0,F,20,A,D,D,D,D
2001,27488.0,5.2,50,0,0,F,20,A,D,D,D,D
2001,27489.0,11.5,0,0,0,F,20,A,D,D,D,D
2001,27490.0,0.0,0,0,0,F,20,A,D,D,D,D
2001,27491.0,7.5,20,0,10,F,20,A,D,D,E,D
2001,27492.0,9.5,0,0,0,F,20,A,D,D,E,D
2001,27493.0,0.0,0,0,0,F,20,A,D,D,E,D
2001,27494.0,9.5,0,0,0,F,20,A,D,D,E,D
2001,27495.0,23.0,0,0,0,F,20,A,D,E,E,D
2001,27496.0,8.0,0,10,0,F,20,A,D,E,E,E
2001,27497.0,9.5,0,10,0,F,20,A,D,E,E,E
2001,27498.0,10.4,10,60,15,F,20,A,D,E,E,E
2001,27499.0,0.0,0,0,0,F,20,A,D,E,E,E
2001,27500.0,1.0,0,0,0,F,20,A,D,E,E,E
2001,27501.0,7.5,0,0,30,F,20,A,D,E,E,E
2001,27502.0,0.0,0,0,10,F,20,B,D,E,E,E
2001,27503.0,11.1,0,0,0,F,20,B,D,E,E,E
2001,27504.0,23.4,0,0,0,F,20,B,D,E,E,E
2001,27505.0,0.0,10,0,0,F,20,B,D,E,E,E
2001,27506.0,10.0,0,0,0,F,20,B,D,E,E,E
2001,27507.0,6.6,10,15,0,F,20,B,D,F,F,F
2001,27508.0,7.6,0,20,0,F,20,B,D,F,F,F
2001,27509.0,9.6,70,15,10,F,20,B,D,F,F,F
2001,27510.0,16.6,20,0,30,F,20,B,D,F,F,F
2001,27511.0,9.1,10,15,0,F,20,B,D,F,F,F
2001,27512.0,8.2,30,0,0,F,20,B,D,F,F,F
2001,27513.0,23.8,0,0,0,F,20,B,D,F,F,F
2001,27514.0,11.3,10,0,0,F,20,B,D,F,F,F
2001,27515.0,12.7,0,0,0,F,20,C,D,F,F,F
2001,27516.0,3.4,0,45,0,F,20,E,F,F,F,F
2001,27517.0,1.6,0,0,0,F,20,E,F,F,F,G
2001,27518.0,10.0,20,0,0,F,20,E,F,F,F,G
2001,27519.0,15.0,10,0,50,F,20,,,,,
2001,27520.0,7.5,0,20,0,M,20,,,,,
2001,27521.0,7.6,50,20,40,M,20,,,,,
2001,27522.0,1.6,0,0,0,M,20,,,,,
2001,27523.0,10.7,0,0,0,M,20,,,,,
2001,27524.0,12.1,0,0,0,M,20,,,,,
2001,27525.0,0.0,0,0,0,M,20,,,,,
2001,27526.0,0.0,0,0,0,M,20,,,,,
2001,27527.0,11.9,0,0,0,M,20,,,,,
2001,27528.0,8.2,20,5,10,M,20,,,,,
2001,27529.0,20.0,20,0,0,M,20,,,,,
2001,27530.0,11.9,0,0,0,M,20,,,,,
2501,27531.0,0.0,15,70,0,F,20,A,A,B,B,A
2501,27532.0,0.0,0,0,0,F,20,A,A,B,B,A
2501,27533.0,0.0,0,0,0,F,20,A,A,C,D,A
2501,27534.0,0.0,0,0,0,F,20,A,A,C,D,A
2501,27535.0,0.0,0,0,0,F,20,A,A,C,D,A
2501,27536.0,0.0,0,0,0,F,20,A,A,C,D,A
2501,27537.0,0.0,0,0,15,F,20,A,A,C,D,A
2501,27538.0,0.0,0,10,5,F,20,A,A,D,D,B
2501,27539.0,10.1,0,0,20,F,20,A,A,D,D,B
2501,27540.0,19.0,20,5,10,F,20,A,A,D,D,B
2501,27541.0,0.0,0,0,0,F,20,A,A,D,D,B
2501,27542.0,9.6,35,45,20,F,20,A,A,D,D,C
2501,27543.0,7.5,0,25,0,F,20,A,A,D,D,C
2501,27544.0,2.6,0,0,0,F,20,A,A,D,D,C
2501,27545.0,11.3,0,0,0,F,20,A,A,E,E,C
2501,27546.0,8.9,0,15,0,F,20,A,A,E,E,D
2501,27547.0,9.9,25,0,0,F,20,A,A,E,E,D
2501,27548.0,1.0,0,0,10,F,20,A,A,E,E,D
2501,27549.0,3.6,0,0,0,F,20,A,A,E,E,D
2501,27550.0,17.7,0,15,30,F,20,A,A,E,E,D
2501,27551.0,11.2,60,10,20,F,20,A,A,E,E,D
2501,27552.0,22.5,0,5,10,F,20,A,A,E,E,D
2501,27553.0,11.3,0,0,0,F,20,A,B,E,E,D
2501,27554.0,9.7,0,0,15,F,20,A,B,E,E,D
2501,27555.0,1.6,0,0,0,F,20,A,B,E,E,E
2501,27556.0,11.8,0,0,0,F,20,A,C,E,F,E
2501,27557.0,2.2,80,0,0,M,20,B,F,F,F,F
2501,27558.0,7.4,40,5,0,M,20,C,F,F,F,F
2501,27559.0,25.2,0,0,0,M,20,C,F,F,F,F
2501,27560.0,9.5,20,10,0,M,20,E,F,F,F,G
2501,27561.0,9.5,25,0,0,M,20,,,,,
2501,27562.0,0.0,0,0,0,M,20,,,,,
2501,27563.0,0.0,0,0,0,M,20,,,,,
2501,27564.0,0.0,0,0,0,M,20,,,,,
2501,27565.0,13.1,0,0,0,M,20,,,,,
2501,27566.0,11.3,20,0,0,M,20,,,,,
2501,27567.0,3.8,25,30,0,M,20,,,,,
2501,27568.0,0.0,0,0,0,M,20,,,,,
2501,27569.0,6.0,10,30,0,M,20,,,,,
1402,27570.0,11.3,20,0,0,F,20,A,A,A,A,A
1402,27571.0,7.5,0,30,0,F,20,A,A,B,A,A
1402,27572.0,11.1,0,15,0,F,20,A,A,B,A,A
1402,27573.0,15.0,0,0,0,M,20,A,A,D,D,B
1402,27574.0,15.0,0,0,0,M,20,A,A,D,D,B
1402,27575.0,15.0,0,0,0,M,20,A,A,D,D,B
1402,27576.0,15.0,0,0,0,M,20,A,A,D,D,B
1402,27577.0,13.8,0,0,0,M,20,A,A,D,D,C
1402,27578.0,12.9,0,0,0,M,20,A,B,D,E,C
1402,27579.0,15.0,0,0,0,M,20,A,B,D,E,C
1402,27580.0,15.0,0,0,0,M,20,A,C,D,E,D
1402,27581.0,15.0,0,0,0,M,20,A,D,D,E,D
1402,27582.0,16.0,30,20,15,M,20,A,D,E,E,D
1402,27583.0,15.0,0,0,0,M,20,A,D,E,E,D
1402,27584.0,15.0,0,0,0,M,20,A,D,E,E,E
1402,27585.0,8.5,30,0,0,M,20,A,D,E,F,E
1402,27586.0,15.0,0,0,0,M,20,A,D,E,F,E
1402,27587.0,15.0,0,0,0,M,20,A,D,E,F,E
1402,27588.0,15.0,0,0,0,M,20,A,D,E,F,E
1402,27589.0,15.0,0,0,0,M,20,B,D,E,F,F
1402,27590.0,15.0,0,0,0,M,20,B,D,E,F,F
1502,27591.0,3.8,0,0,0,F,20,A,A,B,B,A
1502,27592.0,15.0,0,0,0,F,20,A,A,C,B,A
1502,27593.0,2.4,10,0,0,F,20,A,A,C,B,B
1502,27594.0,15.0,0,0,0,F,20,A,A,C,C,B
1502,27595.0,0.6,10,0,10,F,20,A,A,C,C,B
1502,27596.0,15.0,0,0,0,F,20,A,A,C,C,B
1502,27597.0,15.0,0,0,0,F,20,A,A,C,D,B
1502,27598.0,26.4,0,0,0,F,20,A,A,C,D,B
1502,27599.0,13.3,0,0,0,F,20,A,A,C,D,B
1502,27600.0,5.8,0,30,15,F,20,A,A,C,D,B
1502,27601.0,8.9,10,15,0,F,20,A,A,C,D,B
1502,27602.0,15.0,0,0,0,F,20,A,A,D,D,B
1502,27603.0,12.7,0,0,0,F,20,A,A,D,D,C
1502,27604.0,15.0,0,0,0,F,20,A,A,D,D,C
1502,27605.0,15.0,0,0,0,F,20,A,A,D,D,C
1502,27606.0,7.5,0,35,0,F,20,A,A,D,D,C
1502,27607.0,22.6,0,25,0,F,20,A,B,D,D,D
1502,27608.0,26.2,0,0,0,F,20,A,B,D,D,D
1502,27609.0,15.0,0,0,0,M,20,A,B,D,D,D
1502,27610.0,26.9,0,0,0,M,20,A,B,D,D,D
1502,27611.0,13.1,30,20,40,M,20,A,B,E,D,D
1502,27612.0,13.5,10,0,0,M,20,A,B,E,E,D
1502,27613.0,0.0,0,0,0,M,20,A,C,E,E,D
1502,27614.0,1.6,5,15,0,M,20,A,D,E,E,D
1502,27615.0,0.0,0,0,0,M,20,A,D,E,E,D
1502,27616.0,0.0,0,0,0,M,20,A,D,E,E,D
1502,27617.0,0.0,0,0,0,M,20,A,D,E,E,D
1502,27618.0,0.0,0,0,0,M,20,A,D,E,E,E
1502,27619.0,0.0,0,30,0,M,20,A,D,E,F,E
1502,27620.0,2.0,30,85,50,M,20,A,D,E,F,E
1502,27621.0,26.9,0,0,0,M,20,A,D,E,F,E
1502,27622.0,8.1,50,0,0,M,20,A,D,E,F,E
1502,27623.0,0.0,0,0,0,M,20,A,D,E,F,E
1502,27624.0,5.2,10,20,40,M,20,B,D,F,F,F
1502,27625.0,0.0,0,0,0,M,20,,,,,
1502,27626.0,0.0,0,0,0,M,20,,,,,
1502,27627.0,0.0,0,0,0,M,20,,,,,
1502,27628.0,0.0,0,0,0,M,20,,,,,
1502,27629.0,0.0,0,0,0,M,20,,,,,
1502,27630.0,0.0,0,0,0,M,20,,,,,
1602,27631.0,7.5,10,45,0,F,20,A,A,A,B,A
1602,27632.0,0.0,25,5,0,F,20,A,A,A,B,A
1602,27633.0,22.5,20,10,0,F,20,A,A,A,B,A
1602,27634.0,15.0,0,0,0,F,20,A,A,A,B,A
1602,27635.0,15.0,0,0,0,F,20,A,A,B,B,A
1602,27636.0,15.0,0,0,0,F,20,A,A,B,B,A
1602,27637.0,15.0,0,0,0,F,20,A,A,B,B,A
1602,27638.0,0.0,0,25,0,F,20,A,A,B,B,A
1602,27639.0,5.0,0,0,0,F,20,A,A,B,C,A
1602,27640.0,17.1,0,65,0,F,20,A,A,B,C,A
1602,27641.0,14.7,0,0,0,F,20,A,A,B,C,A
1602,27642.0,15.0,0,0,0,F,20,A,A,B,C,A
1602,27643.0,15.0,0,0,0,F,20,A,A,B,C,A
1602,27644.0,27.3,0,0,0,F,20,A,A,B,C,A
1602,27645.0,6.0,0,0,0,F,20,A,A,C,C,A
1602,27646.0,2.0,0,0,20,F,20,A,A,C,C,A
1602,27647.0,3.6,5,0,5,F,20,A,A,C,C,A
1602,27648.0,3.4,0,0,10,F,20,A,A,C,C,A
1602,27649.0,15.0,0,0,0,F,20,A,A,C,C,B
1602,27650.0,2.2,10,35,30,F,20,A,A,C,C,B
1602,27651.0,15.0,0,0,0,F,20,A,A,C,C,B
1602,27652.0,15.0,0,0,0,F,20,A,A,C,C,B
1602,27653.0,22.8,20,0,10,F,20,A,A,C,D,B
1602,27654.0,27.1,0,0,0,F,20,A,A,C,D,B
1602,27655.0,15.5,10,0,0,F,20,A,A,C,D,B
1602,27656.0,16.0,0,0,0,F,20,A,A,C,D,B
1602,27657.0,15.0,0,0,0,F,20,A,A,C,D,B
1602,27658.0,15.0,0,0,0,F,20,A,A,C,D,B
1602,27659.0,15.0,0,0,0,F,20,A,A,C,D,B
1602,27660.0,22.5,30,0,0,F,20,A,A,C,D,B
1602,27661.0,15.0,10,0,0,F,20,A,A,C,D,B
1602,27662.0,12.5,0,10,0,F,20,A,A,C,D,B
1602,27663.0,1.0,0,0,0,F,20,A,A,C,D,B
1602,27664.0,23.8,0,25,0,F,20,A,A,C,D,B
1602,27665.0,0.0,20,15,0,F,20,A,A,C,D,B
1602,27666.0,7.5,25,15,20,F,20,A,A,D,D,B
1602,27667.0,15.0,0,0,0,F,20,A,A,D,D,C
1602,27668.0,15.0,0,0,0,F,20,A,A,D,D,C
1602,27669.0,15.0,0,0,0,F,20,A,A,D,D,C
1602,27670.0,16.0,0,0,0,F,20,A,A,D,D,C
1602,27671.0,15.0,0,0,0,F,20,A,A,D,D,C
1602,27672.0,15.0,0,0,0,F,20,A,A,D,D,C
1602,27673.0,15.0,0,0,0,F,20,A,A,D,D,C
1602,27674.0,18.0,0,70,0,F,20,A,A,D,E,C
1602,27675.0,28.4,0,0,0,F,20,A,A,D,E,C
1602,27676.0,14.9,0,0,0,F,20,A,A,D,E,C
1602,27677.0,15.0,0,0,0,F,20,A,A,D,E,C
1602,27678.0,4.8,80,0,5,F,20,A,A,D,E,D
1602,27679.0,28.5,0,0,0,F,20,A,A,D,E,D
1602,27680.0,15.0,0,0,0,F,20,A,A,D,E,D
1602,27681.0,13.7,10,15,0,F,20,A,A,D,E,D
1602,27682.0,1.6,0,0,0,F,20,A,A,D,E,D
1602,27683.0,9.9,35,15,0,F,20,A,B,E,E,D
1602,27684.0,15.0,0,0,0,F,20,A,B,E,E,D
1602,27685.0,6.4,10,0,0,F,20,A,B,E,E,D
1602,27686.0,15.0,0,0,0,F,20,A,B,E,E,D
1602,27687.0,12.9,15,0,15,F,20,A,B,E,E,D
1602,27688.0,10.3,0,30,0,F,20,A,B,E,E,E
1602,27689.0,15.0,0,0,0,F,20,A,B,E,E,E
1602,27690.0,15.0,0,0,0,F,20,A,B,E,E,E
1602,27691.0,15.0,0,0,0,F,20,A,B,E,E,E
1602,27692.0,15.0,0,0,0,M,20,A,B,E,E,E
1602,27693.0,15.0,0,0,0,M,20,A,B,E,E,E
1602,27694.0,4.8,10,45,100,M,20,A,B,E,E,E
1602,27695.0,15.0,0,0,0,M,20,A,B,E,E,E
1602,27696.0,15.0,0,0,0,M,20,A,B,E,E,E
1602,27697.0,15.0,0,0,0,M,20,A,C,E,E,E
1602,27698.0,1.6,0,0,10,M,20,A,D,E,E,E
1602,27699.0,18.1,0,0,0,M,20,A,D,E,E,E
1602,27700.0,0.0,0,45,0,M,20,A,D,E,E,E
1602,27701.0,7.5,0,0,0,M,20,A,D,E,E,E
1602,27702.0,6.4,0,0,0,M,20,A,D,E,E,E
1602,27703.0,2.0,0,0,0,M,20,A,D,E,E,E
1602,27704.0,4.4,0,0,0,M,20,A,D,E,E,E
1602,27705.0,12.1,0,10,15,M,20,A,D,E,E,E
1602,27706.0,0.0,50,0,0,M,20,A,D,E,E,E
1602,27707.0,2.0,0,0,0,M,20,A,D,E,E,E
1602,27708.0,2.0,0,0,0,M,20,A,D,E,E,E
1602,27709.0,15.0,0,10,0,M,20,A,D,E,E,E
1602,27710.0,2.0,0,0,0,M,20,A,D,E,E,E
1602,27711.0,28.9,0,0,0,M,20,A,D,E,E,E
1602,27712.0,9.7,0,35,0,M,20,A,D,E,E,E
1602,27713.0,18.0,0,0,0,M,20,A,D,E,E,E
1602,27714.0,8.2,0,0,0,M,20,A,D,E,E,E
1602,27715.0,21.2,35,5,10,M,20,A,D,E,E,E
1602,27716.0,2.0,0,0,0,M,20,A,D,E,E,E
1602,27717.0,15.0,0,0,10,M,20,A,D,E,E,E
1602,27718.0,17.8,0,0,0,M,20,A,D,E,E,E
1602,27719.0,17.0,0,0,0,M,20,A,D,E,E,E
1602,27720.0,17.0,0,0,0,M,20,A,D,E,E,F
1602,27721.0,3.6,0,0,0,M,20,A,D,E,E,F
1602,27722.0,2.4,0,0,0,M,20,A,D,E,E,F
1602,27723.0,0.0,0,15,0,M,20,A,D,E,E,F
1602,27724.0,11.9,25,0,0,M,20,A,D,E,F,F
1602,27725.0,14.1,25,75,0,M,20,A,D,E,F,F
1602,27726.0,13.5,10,5,15,M,20,A,D,E,F,F
1602,27727.0,2.6,0,30,0,M,20,A,D,E,F,F
1602,27728.0,16.5,10,0,0,M,20,A,D,E,F,F
1602,27729.0,3.8,0,0,0,M,20,A,D,F,F,F
1602,27730.0,10.2,40,65,20,M,20,A,D,F,F,F
1602,27731.0,1.0,35,5,0,M,20,A,D,F,F,F
1602,27732.0,13.5,0,30,0,M,20,A,D,F,F,F
1602,27733.0,7.5,10,45,20,M,20,A,D,F,F,F
1602,27734.0,7.5,0,0,0,M,20,A,D,F,F,F
1602,27735.0,7.5,0,0,0,M,20,A,D,F,F,F
1602,27736.0,7.5,0,0,0,M,20,A,D,F,F,F
1602,27737.0,7.5,0,0,0,M,20,A,D,F,F,F
1602,27738.0,7.5,0,0,0,M,20,A,D,F,F,F
1602,27739.0,7.5,0,0,0,M,20,A,D,F,F,F
1602,27740.0,7.5,0,0,0,M,20,B,D,F,F,F
1602,27741.0,7.5,0,0,0,M,20,E,F,F,F,G
1602,27742.0,7.5,0,0,0,M,20,E,F,F,F,G
1602,27743.0,7.5,0,0,0,M,20,,,,,
1602,27744.0,7.5,0,0,0,M,20,,,,,
1602,27745.0,0.0,50,0,0,M,20,,,,,
1602,27746.0,7.5,0,0,0,M,20,,,,,
1602,27747.0,7.5,0,0,0,M,20,,,,,
1602,27748.0,7.5,0,0,0,M,20,,,,,
1602,27749.0,7.5,0,0,0,M,20,,,,,
1602,27750.0,7.5,0,0,0,M,20,,,,,
1602,27751.0,8.5,10,40,0,M,20,,,,,
1602,27752.0,7.5,0,0,0,M,20,,,,,
1602,27753.0,7.5,0,0,0,M,20,,,,,
1602,27754.0,7.5,0,0,0,M,20,,,,,
1602,27755.0,7.5,0,0,0,M,20,,,,,
1602,27756.0,7.5,0,0,0,M,20,,,,,
1602,27757.0,7.5,0,0,0,M,20,,,,,
1602,27758.0,7.5,0,0,0,M,20,,,,,
1602,27759.0,7.5,0,0,0,M,20,,,,,
1602,27760.0,7.5,0,0,0,M,20,,,,,
1602,27761.0,11.8,40,0,5,M,20,,,,,
702,27762.0,7.5,0,0,0,F,20,A,A,B,B,A
702,27763.0,0.0,0,20,0,F,20,A,A,B,C,A
702,27764.0,12.9,0,20,0,F,20,A,A,B,C,A
702,27765.0,7.5,0,0,0,F,20,A,A,C,C,A
702,27766.0,7.5,0,0,0,F,20,A,A,C,D,B
702,27767.0,4.0,0,0,0,M,20,A,A,D,D,B
702,27768.0,7.5,0,0,0,M,20,A,A,D,D,B
702,27769.0,7.5,0,0,0,M,20,A,A,D,D,C
702,27770.0,7.5,0,0,0,M,20,A,A,D,D,C
702,27771.0,7.5,0,0,0,M,20,A,B,D,D,C
702,27772.0,7.5,0,0,0,M,20,A,B,D,D,C
702,27773.0,0.0,10,10,0,M,20,,,,,
904,27774.0,7.5,0,0,0,F,20,A,A,A,A,A
904,27775.0,7.5,0,0,0,F,20,A,A,A,B,A
904,27776.0,7.5,0,0,0,F,20,A,A,A,B,A
904,27777.0,7.5,0,0,0,F,20,A,A,B,B,A
904,27778.0,7.5,0,0,0,F,20,A,A,B,B,A
904,27779.0,4.4,10,0,10,F,20,A,A,B,B,A
904,27780.0,7.5,0,0,0,F,20,A,A,B,B,A
904,27781.0,4.0,0,25,0,F,20,A,A,C,D,B
904,27782.0,16.7,20,0,0,F,20,A,B,C,D,B
904,27783.0,27.1,20,0,0,F,20,A,B,C,D,B
904,27784.0,17.8,0,0,0,F,20,A,B,D,D,B
904,27785.0,29.9,0,0,0,F,20,A,B,D,D,B
904,27786.0,17.2,0,0,10,F,20,A,B,D,D,B
904,27787.0,8.0,25,30,0,F,20,A,B,D,D,C
904,27788.0,7.5,0,50,100,F,20,A,B,D,D,C
904,27789.0,14.5,0,20,0,F,20,A,B,D,D,C
904,27790.0,26.5,0,25,0,F,20,A,B,D,D,C
904,27791.0,16.5,0,0,0,F,20,A,C,D,D,C
904,27792.0,18.6,0,0,0,F,20,A,D,D,D,C
904,27793.0,1.0,0,15,0,F,20,A,D,D,D,C
904,27794.0,23.4,0,45,0,F,20,A,D,D,D,C
904,27795.0,19.0,0,0,0,F,20,A,D,D,D,C
904,27796.0,15.3,0,10,0,F,20,A,D,D,D,D
904,27797.0,2.0,15,5,20,F,20,A,D,D,D,D
904,27798.0,30.4,0,0,0,F,20,A,D,E,D,D
904,27799.0,18.1,0,0,0,F,20,A,D,E,D,D
904,27800.0,2.0,0,0,20,F,20,A,D,E,D,D
904,27801.0,18.9,0,0,0,F,20,A,D,E,E,D
904,27802.0,10.1,0,0,0,F,20,A,D,E,E,D
904,27803.0,6.8,0,10,0,F,20,A,D,E,E,E
904,27804.0,17.0,0,0,0,F,20,A,D,E,E,E
904,27805.0,3.6,0,0,0,F,20,A,D,E,E,E
904,27806.0,6.0,0,0,0,F,20,A,D,E,E,E
904,27807.0,15.1,0,25,0,F,20,B,D,E,E,E
904,27808.0,3.6,0,0,0,F,20,B,D,E,E,E
904,27809.0,19.1,0,0,0,F,20,B,D,E,E,E
904,27810.0,11.1,20,25,10,F,20,B,D,E,E,E
904,27811.0,19.4,0,0,0,F,20,B,D,E,E,E
904,27812.0,15.8,45,45,10,F,20,B,D,F,E,E
904,27813.0,17.2,0,0,0,F,20,B,D,F,F,E
904,27814.0,8.5,0,0,0,F,20,B,D,F,F,E
904,27815.0,12.3,30,10,0,F,20,B,D,F,F,F
904,27816.0,7.5,0,0,0,F,20,B,D,F,F,F
904,27817.0,6.6,0,0,0,F,20,C,E,F,F,F
904,27818.0,3.6,0,0,10,M,20,E,F,F,F,F
904,27819.0,7.6,0,0,0,M,20,E,F,F,F,F
904,27820.0,13.5,40,45,30,M,20,E,F,F,F,F
904,27821.0,7.5,0,0,0,M,20,,,,,
904,27822.0,14.9,0,0,15,M,20,,,,,
904,27823.0,6.4,0,0,0,M,20,,,,,
904,27824.0,0.0,10,10,50,M,20,,,,,
904,27825.0,15.0,0,15,15,M,20,,,,,
904,27826.0,7.5,0,0,5,M,20,,,,,
904,27827.0,8.5,0,0,0,M,20,,,,,
904,27828.0,2.6,10,0,0,M,20,,,,,
904,27829.0,0.0,0,0,0,M,20,,,,,
904,27830.0,15.0,20,0,0,M,20,,,,,
904,27831.0,7.5,20,30,30,M,20,,,,,
904,27832.0,15.9,10,15,0,M,20,,,,,
904,27833.0,17.4,0,0,0,M,20,,,,,
904,27834.0,1.0,35,5,10,M,20,,,,,
904,27835.0,7.6,0,0,0,M,20,,,,,
904,27836.0,7.5,0,0,10,M,20,,,,,
904,27837.0,14.7,0,20,0,M,20,,,,,
904,27838.0,11.9,25,15,15,M,20,,,,,
904,27839.0,12.1,0,35,0,M,20,,,,,
904,27840.0,4.0,0,20,0,M,20,,,,,
904,27841.0,7.5,10,0,0,M,20,,,,,
904,27842.0,7.5,10,0,0,M,20,,,,,
904,27843.0,7.5,0,0,10,M,20,,,,,
904,27844.0,12.1,25,25,0,M,20,,,,,
904,27845.0,7.5,0,0,10,M,20,,,,,
2001,27846.0,9.1,0,0,0,F,20,A,A,A,A,A
2001,27847.0,18.0,0,0,0,F,20,A,A,B,C,B
2001,27848.0,14.5,20,0,20,F,20,A,A,B,C,B
2001,27849.0,14.1,0,25,0,F,20,A,A,C,C,B
2001,27850.0,30.0,10,0,0,F,20,A,A,C,C,B
2001,27851.0,21.6,55,0,10,F,20,A,A,C,C,B
2001,27852.0,1.0,0,25,0,F,20,A,B,C,C,B
2001,27853.0,7.5,0,0,0,F,20,A,D,D,D,C
2001,27854.0,7.5,0,0,0,F,20,A,D,D,D,C
2001,27855.0,20.6,0,0,0,F,20,A,D,D,D,C
2001,27856.0,0.0,20,45,0,F,20,A,D,D,D,D
2001,27857.0,19.8,0,0,0,F,20,A,D,D,D,D
2001,27858.0,7.5,0,0,0,F,20,A,D,D,D,D
2001,27859.0,11.1,0,20,30,F,20,A,D,D,D,D
2001,27860.0,7.5,0,0,0,F,20,A,D,D,D,D
2001,27861.0,19.8,0,0,0,F,20,A,D,D,D,D
2001,27862.0,7.5,0,0,0,F,20,A,D,D,D,E
2001,27863.0,7.5,0,0,0,F,20,A,D,D,E,E
2001,27864.0,10.5,30,15,20,F,20,A,D,D,E,E
2001,27865.0,9.5,0,60,0,F,20,A,D,D,E,E
2001,27866.0,7.5,0,0,0,F,20,A,D,D,E,E
2001,27867.0,16.2,55,0,50,F,20,A,D,D,E,E
2001,27868.0,7.8,0,0,0,F,20,A,D,E,E,E
2001,27869.0,7.5,0,0,0,F,20,B,D,E,E,E
2001,27870.0,7.5,0,0,0,F,20,B,D,E,E,E
2001,27871.0,19.5,0,0,0,F,20,B,D,E,E,E
2001,27872.0,0.0,0,10,0,F,20,B,D,E,E,E
2001,27873.0,9.7,0,0,0,F,20,B,D,E,E,E
2001,27874.0,0.0,0,45,20,F,20,B,D,E,E,E
2001,27875.0,7.5,0,0,0,M,20,B,D,E,F,F
2001,27876.0,7.5,0,0,0,M,20,B,D,E,F,F
2001,27877.0,7.5,0,0,0,M,20,B,D,F,F,F
2001,27878.0,7.5,0,0,0,M,20,B,D,F,F,F
2001,27879.0,0.0,0,0,0,M,20,B,D,F,F,F
2001,27880.0,0.0,0,0,0,M,20,B,D,F,F,F
2001,27881.0,0.0,0,0,0,M,20,B,D,F,F,F
2001,27882.0,15.0,0,20,20,M,20,B,F,F,F,G
2001,27883.0,0.0,0,0,0,M,20,,,,,
2001,27884.0,8.2,0,0,10,M,20,,,,,
2001,27885.0,11.0,60,60,20,M,20,,,,,
2001,27886.0,15.4,0,20,0,M,20,,,,,
2001,27887.0,7.5,0,0,0,M,20,,,,,
2001,27888.0,7.5,0,0,0,M,20,,,,,
2001,27889.0,0.0,0,35,0,M,20,,,,,
2001,27890.0,7.5,0,0,0,M,20,,,,,
2001,27891.0,20.9,0,0,0,M,20,,,,,
2001,27892.0,21.0,0,0,0,M,20,,,,,
2001,27893.0,7.5,0,0,0,M,20,,,,,
2001,27894.0,7.5,0,0,0,M,20,,,,,
702,27895.0,7.5,0,0,0,F,20,A,A,A,A,A
702,27896.0,18.9,0,0,0,F,20,A,A,A,A,A
702,27897.0,7.5,0,0,0,F,20,A,A,A,A,A
702,27898.0,7.5,0,0,0,F,20,A,A,A,B,A
702,27899.0,28.2,25,0,0,F,20,A,A,A,B,A
702,27900.0,7.5,0,0,0,F,20,A,A,A,B,A
702,27901.0,0.0,0,0,0,F,20,A,A,B,B,A
702,27902.0,31.9,0,0,0,F,20,A,A,B,B,A
702,27903.0,5.2,0,0,0,F,20,A,A,B,B,A
702,27904.0,7.5,0,0,0,F,20,A,A,B,B,A
702,27905.0,11.5,0,45,0,F,20,A,A,B,B,A
702,27906.0,7.5,0,0,0,F,20,A,A,B,B,A
702,27907.0,7.5,0,0,0,F,20,A,A,B,B,A
702,27908.0,18.0,0,0,20,F,20,A,A,B,B,A
702,27909.0,11.7,15,15,30,F,20,A,A,B,B,A
702,27910.0,3.0,0,35,10,F,20,A,A,B,B,A
702,27911.0,12.9,25,0,30,F,20,A,B,B,B,A
702,27912.0,7.5,0,0,0,F,20,A,B,B,B,A
702,27913.0,10.1,0,0,0,F,20,A,B,B,B,A
702,27914.0,20.3,50,0,30,F,20,A,B,B,B,A
702,27915.0,20.0,0,0,0,F,20,A,B,B,B,A
702,27916.0,8.5,0,20,50,F,20,A,B,B,B,A
702,27917.0,14.5,50,0,0,F,20,A,B,B,B,A
702,27918.0,19.4,0,0,0,F,20,A,B,B,B,A
702,27919.0,18.8,0,0,0,F,20,A,B,B,B,A
702,27920.0,10.1,0,0,0,F,20,A,B,B,B,A
702,27921.0,20.0,0,0,0,F,20,A,B,B,B,A
702,27922.0,8.0,0,0,0,F,20,A,B,B,B,A
702,27923.0,2.6,0,45,5,F,20,A,B,B,B,A
702,27924.0,10.1,0,0,0,F,20,A,B,B,B,A
702,27925.0,7.6,50,40,0,F,20,A,B,B,B,A
702,27926.0,10.7,50,0,20,F,20,A,B,B,B,A
702,27927.0,3.4,25,0,0,F,20,A,B,B,B,A
702,27928.0,10.1,0,0,0,F,20,A,D,B,C,A
702,27929.0,9.9,50,0,15,F,20,A,D,B,C,A
702,27930.0,3.4,0,15,0,F,20,A,D,B,C,A
702,27931.0,7.5,25,0,0,F,20,A,D,B,C,A
702,27932.0,20.2,0,0,0,F,20,A,D,B,C,A
702,27933.0,10.1,0,0,0,F,20,A,D,B,C,A
702,27934.0,18.6,0,10,0,F,20,A,D,C,C,A
702,27935.0,10.1,0,0,0,M,20,A,D,C,C,A
702,27936.0,11.8,0,45,0,M,20,A,D,C,C,A
702,27937.0,23.2,15,45,0,M,20,A,D,C,C,A
702,27938.0,4.0,50,0,0,M,20,A,D,C,C,A
702,27939.0,8.5,0,0,15,M,20,A,D,C,C,A
702,27940.0,19.8,0,0,0,M,20,A,D,C,C,B
702,27941.0,8.5,0,0,0,M,20,A,D,C,C,B
702,27942.0,8.5,0,0,0,M,20,A,D,C,C,B
702,27943.0,32.9,0,0,0,M,20,A,D,C,C,B
702,27944.0,8.5,0,0,0,M,20,A,D,C,C,B
702,27945.0,2.0,0,0,0,M,20,A,D,C,C,B
702,27946.0,21.2,0,0,0,M,20,A,D,C,C,B
702,27947.0,11.5,0,0,0,M,20,A,D,C,C,B
702,27948.0,11.8,0,35,15,M,20,A,D,C,D,B
702,27949.0,8.5,0,0,0,M,20,A,D,D,D,B
702,27950.0,20.6,0,0,0,M,20,A,D,D,D,B
702,27951.0,20.0,0,0,0,M,20,A,D,D,D,B
702,27952.0,8.5,0,0,0,M,20,A,D,D,D,B
702,27953.0,9.5,5,0,0,M,20,A,D,D,D,B
702,27954.0,7.5,20,0,0,M,20,A,D,D,D,B
702,27955.0,9.5,0,0,5,M,20,A,D,D,D,B
702,27956.0,19.4,0,0,0,M,20,A,D,D,D,B
702,27957.0,3.0,15,0,35,M,20,A,D,D,D,B
702,27958.0,1.0,0,0,0,M,20,A,D,D,D,B
702,27959.0,17.6,0,20,0,M,20,A,D,D,D,B
702,27960.0,29.7,20,0,0,M,20,A,D,D,D,B
702,27961.0,14.9,0,30,0,M,20,A,D,D,D,B
702,27962.0,6.2,55,15,35,M,39,A,D,D,D,B
2402,27963.0,0.0,0,0,0,F,20,A,D,D,D,B
2402,27964.0,7.5,0,0,0,F,20,A,D,D,D,B
2402,27965.0,0.0,0,0,0,F,20,A,D,D,D,B
2402,27966.0,12.9,0,40,20,M,20,A,D,D,D,B
2402,27967.0,2.0,0,25,35,M,20,A,D,D,D,B
2402,27968.0,0.0,0,0,0,M,20,A,D,D,D,C
2402,27969.0,0.0,0,0,0,M,20,A,D,D,D,C
2402,27970.0,0.0,0,0,0,M,20,A,D,D,D,C
2402,27971.0,7.5,0,0,0,M,20,A,D,D,D,C
2402,27972.0,7.5,0,0,0,M,20,A,D,D,D,C
2402,27973.0,29.7,0,25,0,M,20,A,D,D,D,C
2402,27974.0,0.0,0,0,0,M,20,A,D,E,D,D
2402,27975.0,0.0,0,0,0,M,20,A,D,E,E,D
2402,27976.0,7.5,0,0,0,M,20,A,D,E,E,D
2402,27977.0,10.9,60,15,0,M,20,A,D,E,E,D
2402,27978.0,33.3,0,0,0,M,20,A,D,E,E,D
2402,27979.0,9.9,0,0,0,M,20,B,D,E,F,D
2402,27980.0,16.5,0,30,0,M,20,B,F,E,F,D
2402,27981.0,0.0,0,0,0,M,20,C,F,F,F,E
2402,27982.0,0.0,0,0,0,M,20,C,F,F,F,E
2402,27983.0,11.9,0,0,0,M,20,E,F,F,F,F
2402,27984.0,0.0,0,0,0,M,20,,,,,
2402,27985.0,22.5,0,0,0,M,20,,,,,
2402,27986.0,0.0,0,0,0,M,20,,,,,
2402,27987.0,0.0,0,0,0,M,20,,,,,
2402,27988.0,0.0,0,0,0,M,20,,,,,
2402,27989.0,7.5,0,0,0,M,20,,,,,
2402,27990.0,0.0,0,0,0,M,20,,,,,
2402,27991.0,7.5,0,0,0,M,20,,,,,
2402,27992.0,0.0,0,0,0,M,20,,,,,
2402,27993.0,23.4,30,0,35,M,20,,,,,
2402,27994.0,7.5,0,0,0,M,20,,,,,
2402,27995.0,9.5,10,0,0,M,20,,,,,
2402,27996.0,0.0,0,0,0,M,20,,,,,
2402,27997.0,0.0,0,0,0,M,20,,,,,
2402,27998.0,0.0,0,0,0,M,20,,,,,
2402,27999.0,0.0,0,0,0,M,20,,,,,
2402,28000.0,0.0,0,0,0,M,20,,,,,
2402,28001.0,0.0,0,0,0,M,20,,,,,
2402,28002.0,0.0,0,0,0,M,20,,,,,
2402,28003.0,0.0,0,0,0,M,20,,,,,
2402,28004.0,0.0,0,0,0,M,20,,,,,
2001,28005.0,0.0,0,0,0,F,20,A,A,A,A,A
2001,28006.0,0.0,0,0,0,F,20,A,A,A,A,A
2001,28007.0,0.0,0,0,0,F,20,A,A,A,A,A
2001,28008.0,0.0,0,0,0,F,20,A,A,A,A,A
2001,28009.0,7.5,0,25,0,F,20,A,A,A,B,A
2001,28010.0,0.0,0,0,0,F,20,A,A,A,B,A
2001,28011.0,0.0,0,0,0,F,20,A,A,A,B,A
2001,28012.0,11.1,0,0,0,F,20,A,A,A,B,A
2001,28013.0,9.5,10,0,0,F,20,A,A,A,B,A
2001,28014.0,0.0,0,0,0,F,20,A,A,A,B,A
2001,28015.0,0.0,0,45,0,F,20,A,A,A,B,A
2001,28016.0,22.5,0,0,0,F,20,A,A,A,B,A
2001,28017.0,0.0,0,45,0,F,20,A,A,B,B,A
2001,28018.0,21.2,0,0,0,F,20,A,A,B,B,A
2001,28019.0,2.4,25,25,10,F,20,A,B,B,B,A
2001,28020.0,21.4,0,0,0,F,20,A,B,B,B,A
2001,28021.0,22.5,0,0,0,F,20,A,B,B,B,A
2001,28022.0,21.0,50,15,20,F,20,A,B,B,B,A
2001,28023.0,15.3,50,0,0,F,20,A,B,B,B,A
2001,28024.0,22.5,0,0,0,F,20,A,B,B,B,A
2001,28025.0,33.6,0,0,0,F,20,A,B,B,B,A
2001,28026.0,6.8,0,0,0,F,20,A,B,B,B,A
2001,28027.0,9.1,0,0,0,F,20,A,B,B,B,A
2001,28028.0,22.5,0,0,0,F,20,A,D,B,B,A
2001,28029.0,22.5,0,0,0,F,20,A,D,B,B,A
2001,28030.0,6.8,0,0,0,F,20,A,D,B,B,A
2001,28031.0,10.1,10,55,0,F,20,A,D,B,C,A
2001,28032.0,16.0,15,20,10,F,20,A,D,B,C,A
2001,28033.0,11.5,0,0,0,F,20,A,D,B,C,A
2001,28034.0,22.4,0,0,0,F,20,A,D,B,C,A
2001,28035.0,7.5,50,45,5,F,20,A,D,B,C,A
2001,28036.0,9.9,10,0,0,F,20,A,D,B,C,A
2001,28037.0,30.6,0,20,0,F,20,A,D,B,C,A
2001,28038.0,1.4,0,35,0,F,20,A,D,B,C,A
2001,28039.0,19.0,0,15,0,F,20,A,D,B,C,A
2001,28040.0,12.1,0,0,0,F,20,A,D,B,D,A
2001,28041.0,4.6,10,35,0,F,20,A,D,B,D,A
2001,28042.0,22.5,0,0,0,F,20,A,D,B,D,A
2001,28043.0,22.5,0,0,0,F,20,A,D,B,D,A
2001,28044.0,22.5,0,0,0,F,20,A,D,B,D,A
2001,28045.0,22.5,0,0,0,F,20,A,D,B,D,A
2001,28046.0,22.5,0,0,0,F,20,A,D,C,D,A
2001,28047.0,22.5,0,0,0,F,20,A,D,C,D,B
2001,28048.0,22.5,0,0,0,F,20,A,D,C,D,B
2001,28049.0,11.2,0,0,0,F,20,A,D,C,D,B
2001,28050.0,2.4,0,0,30,F,20,A,D,C,D,B
2001,28051.0,22.5,0,0,0,F,20,A,D,C,D,B
2001,28052.0,22.5,0,0,0,F,20,A,D,C,D,B
2001,28053.0,22.5,0,0,0,F,20,A,D,D,D,B
2001,28054.0,5.8,25,0,10,F,20,A,D,D,D,B
2001,28055.0,15.1,20,0,30,F,20,A,D,D,D,B
2001,28056.0,7.0,20,0,10,F,20,A,D,D,D,B
2001,28057.0,0.0,0,45,0,F,20,A,D,D,D,B
2001,28058.0,10.1,0,10,0,F,20,A,D,D,D,B
2001,28059.0,15.1,0,0,0,F,20,A,D,D,D,B
2001,28060.0,2.6,40,75,20,F,20,A,D,D,D,B
2001,28061.0,23.0,0,0,0,F,20,A,D,D,D,B
2001,28062.0,2.0,40,15,10,F,20,A,D,D,D,B
2001,28063.0,9.5,0,0,0,F,20,A,D,D,D,B
2001,28064.0,20.4,0,0,0,F,20,A,D,D,D,B
2001,28065.0,2.0,10,0,0,F,20,B,D,D,D,B
2001,28066.0,22.5,0,0,0,F,20,B,D,D,D,B
2001,28067.0,25.0,0,0,60,F,20,B,D,D,D,B
2001,28068.0,30.8,10,10,0,F,20,B,D,D,D,B
2001,28069.0,9.5,0,0,0,F,20,B,D,D,D,B
2001,28070.0,15.0,0,50,0,F,20,B,D,D,D,B
2001,28071.0,23.2,0,0,0,F,20,B,D,D,D,C
2001,28072.0,17.6,0,20,0,F,20,B,D,D,E,C
2001,28073.0,16.0,10,0,25,F,20,B,D,D,E,C
2001,28074.0,21.6,0,0,0,F,20,B,D,D,E,C
2001,28075.0,15.0,45,0,0,F,20,C,D,D,E,D
2001,28076.0,7.2,0,0,0,F,20,C,D,E,E,D
2001,28077.0,33.8,0,0,0,F,20,C,F,E,E,D
2001,28078.0,17.0,0,40,0,F,20,E,F,E,F,D
2001,28079.0,20.4,0,0,0,F,20,E,F,E,F,E
2001,28080.0,4.4,10,10,30,F,20,,,,,
2001,28081.0,8.6,10,0,10,F,20,,,,,
2001,28082.0,10.8,0,0,0,F,20,,,,,
2001,28083.0,2.6,30,0,0,F,20,,,,,
2001,28084.0,14.3,80,20,30,F,20,,,,,
2001,28085.0,20.4,0,0,0,F,20,,,,,
2001,28086.0,9.5,0,0,0,F,20,,,,,
2001,28087.0,18.0,0,0,15,F,20,,,,,
2001,28088.0,22.5,0,0,0,M,20,,,,,
2001,28089.0,3.2,0,50,0,M,20,,,,,
2001,28090.0,22.4,0,0,0,M,20,,,,,
2001,28091.0,18.8,20,40,40,M,20,,,,,
2001,28092.0,11.9,0,0,0,M,20,,,,,
4004,28093.0,7.5,0,0,0,F,20,A,A,A,A,A
4004,28094.0,7.5,30,0,0,F,20,A,A,A,B,A
4004,28095.0,7.5,0,0,0,F,20,A,A,A,B,A
4004,28096.0,0.0,0,5,5,F,20,A,A,A,B,A
4004,28097.0,19.6,0,0,25,F,20,A,A,A,B,A
4004,28098.0,7.5,0,0,0,F,20,A,A,B,B,A
4004,28099.0,7.5,0,0,0,F,20,A,A,B,B,A
4004,28100.0,7.5,0,0,0,F,20,A,A,B,B,A
4004,28101.0,7.5,0,0,0,F,20,A,A,B,B,A
4004,28102.0,7.5,0,20,10,F,20,A,A,B,B,B
4004,28103.0,12.1,0,0,0,F,20,A,A,B,B,B
4004,28104.0,17.4,40,0,0,F,20,A,A,B,C,B
4004,28105.0,7.5,0,0,0,M,20,A,A,B,C,B
4004,28106.0,22.2,0,0,0,M,20,A,A,B,C,B
4004,28107.0,10.0,0,0,0,M,20,A,A,B,C,B
4004,28108.0,7.5,20,10,0,M,20,A,A,B,C,B
4004,28109.0,7.5,0,0,0,M,20,A,A,B,C,B
4004,28110.0,7.5,0,0,0,M,20,A,A,C,C,B
4004,28111.0,7.5,0,0,0,M,20,A,A,C,C,B
4004,28112.0,10.1,0,0,0,M,20,A,A,C,C,B
4004,28113.0,10.0,0,0,0,M,20,A,A,C,C,B
4004,28114.0,0.0,0,0,10,M,20,A,A,C,C,B
4004,28115.0,7.5,0,25,0,M,20,A,A,C,C,C
4004,28116.0,0.0,0,0,10,M,20,A,A,C,C,C
4004,28117.0,9.5,0,5,0,M,20,A,A,C,D,C
4004,28118.0,7.5,0,0,0,M,20,A,B,C,D,C
4004,28119.0,7.5,0,0,0,M,20,A,B,C,D,C
4004,28120.0,7.5,0,0,0,M,20,A,B,D,D,C
4004,28121.0,1.0,0,0,0,M,20,A,B,D,D,C
4004,28122.0,10.1,0,0,0,M,20,A,B,D,D,C
4004,28123.0,7.5,0,0,0,M,20,A,B,D,D,C
4004,28124.0,7.5,0,0,0,M,20,A,B,D,D,C
4004,28125.0,7.5,0,0,0,M,20,A,B,D,D,C
4004,28126.0,7.5,0,0,0,M,20,A,B,D,D,D
4004,28127.0,7.5,0,0,0,M,20,A,C,D,D,D
4004,28128.0,7.5,0,0,0,M,20,A,C,D,D,D
4004,28129.0,22.5,0,5,0,M,20,A,D,D,D,D
4004,28130.0,7.5,0,0,0,M,20,A,D,D,D,D
4004,28131.0,7.5,0,0,0,M,20,A,D,D,D,D
4004,28132.0,21.9,0,0,0,M,20,A,D,D,D,D
4004,28133.0,7.5,0,0,0,M,20,A,D,D,D,D
4004,28134.0,7.5,0,0,0,M,20,A,D,D,D,D
4004,28135.0,7.5,0,0,0,M,20,A,D,D,D,D
4004,28136.0,7.5,0,0,0,M,20,A,D,D,D,D
4004,28137.0,8.4,30,60,10,M,20,A,D,D,D,D
4004,28138.0,29.1,0,25,10,M,20,A,D,D,D,D
4004,28139.0,7.5,0,0,0,M,20,A,D,D,D,D
4004,28140.0,0.0,0,0,10,M,20,A,D,D,D,D
4004,28141.0,0.0,0,0,10,M,20,A,D,D,D,D
4004,28142.0,7.5,0,0,0,M,20,A,D,D,D,D
4004,28143.0,7.5,0,0,0,M,20,A,D,D,D,E
4004,28144.0,7.5,0,0,0,M,20,A,D,D,D,E
4004,28145.0,7.5,0,0,0,M,20,A,D,D,D,E
4004,28146.0,7.5,0,0,0,M,20,A,D,D,D,E
4004,28147.0,7.8,0,0,0,M,20,A,D,D,D,E
4004,28148.0,7.5,0,0,0,M,20,A,D,D,E,E
4004,28149.0,7.5,0,0,0,M,20,A,D,D,E,E
4004,28150.0,7.5,0,0,0,M,20,A,D,D,E,E
4004,28151.0,7.5,0,0,0,M,20,A,D,D,E,E
4004,28152.0,10.5,0,65,20,M,20,A,D,D,E,E
4004,28153.0,7.5,0,0,0,M,20,A,D,D,E,E
4004,28154.0,7.5,0,0,0,M,20,A,D,D,E,E
4004,28155.0,7.5,0,0,0,M,20,A,D,D,E,E
4004,28156.0,7.4,30,45,15,M,20,A,D,E,E,E
4004,28157.0,7.5,0,0,0,M,20,A,D,E,E,E
4004,28158.0,7.5,0,0,0,M,20,A,D,E,E,E
4004,28159.0,16.3,0,30,0,M,20,A,D,E,E,E
4004,28160.0,1.0,0,0,0,M,20,A,D,E,E,E
4004,28161.0,7.5,0,0,0,M,20,A,D,E,E,E
4004,28162.0,7.5,0,0,0,M,20,A,D,E,E,E
4004,28163.0,7.5,0,0,0,M,20,A,D,E,E,E
4004,28164.0,7.5,0,0,0,M,20,A,D,E,E,E
4004,28165.0,7.5,0,0,0,M,20,A,D,E,E,E
4004,28166.0,7.5,0,0,0,M,20,A,D,E,F,E
4004,28167.0,7.5,0,0,0,M,20,A,D,E,F,F
4004,28168.0,7.5,0,0,0,M,20,A,D,E,F,F
4004,28169.0,6.0,0,10,0,M,20,A,D,E,F,F
4004,28170.0,7.5,0,0,0,M,20,A,D,E,F,F
4004,28171.0,8.2,60,20,20,M,20,A,D,E,F,F
4004,28172.0,7.5,0,0,0,M,20,B,F,E,F,F
4004,28173.0,21.0,0,0,0,M,20,B,F,F,F,F
4004,28174.0,7.5,0,0,0,M,20,B,F,F,F,F
4004,28175.0,7.5,0,0,0,M,20,B,F,F,F,F
4004,28176.0,7.5,0,0,0,M,20,C,F,F,F,F
4004,28177.0,7.5,0,0,0,M,20,E,F,F,F,F
4004,28178.0,7.5,0,0,0,M,20,,,,,
4004,28179.0,16.4,0,30,0,M,20,,,,,
4004,28180.0,7.5,0,0,0,M,20,,,,,
4004,28181.0,7.5,0,0,0,M,20,,,,,
4004,28182.0,30.0,0,30,0,M,20,,,,,
4004,28183.0,10.1,0,0,0,M,20,,,,,
4004,28184.0,23.0,0,0,0,M,20,,,,,
4004,28185.0,7.5,0,0,0,M,20,,,,,
4004,28186.0,7.5,0,0,0,M,20,,,,,
4004,28187.0,7.5,0,0,0,M,20,,,,,
4004,28188.0,3.6,0,0,0,M,20,,,,,
4004,28189.0,7.5,0,0,0,M,20,,,,,
4004,28190.0,7.5,0,0,0,M,20,,,,,
4004,28191.0,1.8,10,30,0,M,20,,,,,
5401,28192.0,10.1,0,0,0,F,20,A,A,A,A,A
5401,28193.0,0.0,0,0,25,F,20,A,A,B,B,A
5401,28194.0,7.5,0,0,0,F,20,A,A,B,B,A
5401,28195.0,7.5,0,0,0,F,20,A,A,B,B,A
5401,28196.0,22.5,5,0,0,F,20,A,A,B,B,A
5401,28197.0,22.6,0,5,0,F,20,A,A,B,B,A
5401,28198.0,1.0,35,40,0,F,20,A,A,B,B,A
5401,28199.0,21.0,0,0,15,F,20,A,A,B,B,A
5401,28200.0,22.5,0,0,0,F,20,A,A,B,B,A
5401,28201.0,22.5,0,0,0,F,20,A,A,B,C,A
5401,28202.0,22.5,0,0,0,F,20,A,A,B,C,A
5401,28203.0,10.5,0,0,0,F,20,A,A,B,C,A
5401,28204.0,27.7,35,0,10,F,20,A,A,B,C,A
5401,28205.0,10.6,0,0,0,F,20,A,A,B,C,A
5401,28206.0,22.5,0,0,0,F,20,A,A,C,C,A
5401,28207.0,16.0,35,0,0,F,20,A,A,C,D,A
5401,28208.0,0.0,0,75,10,F,20,A,B,C,D,A
5401,28209.0,22.5,0,0,0,F,20,A,B,C,D,A
5401,28210.0,21.9,0,0,0,F,20,A,B,D,D,A
5401,28211.0,22.5,0,0,0,F,20,A,B,D,D,A
5401,28212.0,22.5,0,0,0,F,20,A,B,D,D,A
5401,28213.0,22.5,0,0,0,F,20,A,B,D,D,A
5401,28214.0,2.4,85,35,20,F,20,A,B,D,D,A
5401,28215.0,21.2,0,0,0,F,20,A,B,D,D,A
5401,28216.0,6.6,0,10,0,F,20,A,B,D,D,B
5401,28217.0,22.5,0,0,0,F,20,A,B,D,D,B
5401,28218.0,22.5,0,0,0,F,20,A,B,D,D,B
5401,28219.0,22.4,0,0,0,F,20,A,B,D,D,B
5401,28220.0,2.6,0,35,0,F,20,A,D,D,D,B
5401,28221.0,4.8,90,80,30,F,20,A,D,D,D,B
5401,28222.0,23.5,0,0,0,F,20,A,D,D,D,C
5401,28223.0,16.9,0,30,0,F,20,A,D,D,D,C
5401,28224.0,12.7,50,15,10,F,20,A,D,D,D,C
5401,28225.0,0.0,0,0,0,F,20,A,D,D,D,C
5401,28226.0,2.6,10,30,25,F,20,A,D,D,E,C
5401,28227.0,20.8,0,0,10,F,20,A,D,E,E,C
5401,28228.0,29.3,0,35,0,M,20,A,D,E,E,C
5401,28229.0,9.5,20,0,0,M,20,B,D,E,E,C
5401,28230.0,21.2,0,0,0,M,20,B,D,E,E,D
5401,28231.0,22.4,0,0,0,M,20,B,D,E,E,D
5401,28232.0,22.5,0,0,0,M,20,C,D,E,E,E
5401,28233.0,22.5,0,0,0,M,20,C,D,E,E,E
5401,28234.0,22.5,0,0,0,M,20,E,D,E,F,E
5401,28235.0,0.0,0,0,0,M,20,E,D,F,F,E
5401,28236.0,22.5,0,0,0,M,20,E,D,F,F,E
5401,28237.0,0.0,0,0,0,M,20,E,D,F,F,F
5401,28238.0,21.8,0,0,0,M,20,E,F,F,F,F
5401,28239.0,6.4,55,45,0,M,20,,,,,
5401,28240.0,22.5,0,0,0,M,20,,,,,
5401,28241.0,11.1,10,55,20,M,20,,,,,
5401,28242.0,20.2,35,50,10,M,20,,,,,
5401,28243.0,12.9,0,0,0,M,20,,,,,
5401,28244.0,13.9,0,0,0,M,20,,,,,
5401,28245.0,3.4,0,0,0,M,20,,,,,
5401,28246.0,5.0,0,20,10,M,20,,,,,
5401,28247.0,5.4,40,10,0,M,20,,,,,
5401,28248.0,10.9,0,0,0,M,20,,,,,
1501,28249.0,10.8,0,0,0,F,20,A,A,B,A,A
1501,28250.0,21.0,20,0,0,F,20,A,A,B,A,A
1501,28251.0,10.3,25,0,0,F,20,A,A,B,B,A
1501,28252.0,8.4,30,0,0,F,20,A,A,B,B,A
1501,28253.0,12.9,0,0,0,F,20,A,A,B,B,A
1501,28254.0,30.6,10,0,20,F,20,A,A,B,B,A
1501,28255.0,14.0,35,0,25,F,20,A,A,C,C,B
1501,28256.0,12.9,0,0,0,F,20,A,B,C,C,B
1501,28257.0,9.5,10,0,25,F,20,A,B,C,D,B
1501,28258.0,22.0,0,15,0,F,20,A,B,D,D,B
1501,28259.0,16.5,30,0,20,F,20,A,B,D,D,B
1501,28260.0,4.8,35,20,0,F,20,A,B,D,D,B
1501,28261.0,5.6,0,20,0,F,20,A,D,D,D,B
1501,28262.0,22.4,0,0,0,F,20,A,D,D,D,B
1501,28263.0,10.1,20,0,0,F,20,A,D,D,D,B
1501,28264.0,3.2,10,25,0,F,20,A,D,D,D,B
1501,28265.0,35.0,0,0,0,F,20,A,D,D,D,B
1501,28266.0,7.5,70,10,30,M,20,A,D,D,D,B
1501,28267.0,8.5,0,0,0,M,20,A,D,D,D,B
1501,28268.0,20.1,0,100,0,M,20,A,D,D,D,C
1501,28269.0,9.5,0,0,0,M,20,B,D,D,D,C
1501,28270.0,8.5,0,0,0,M,20,B,D,D,E,E
1501,28271.0,8.5,0,0,0,M,20,B,D,D,E,E
1501,28272.0,0.0,70,60,30,M,20,E,F,D,F,E
1501,28273.0,2.0,0,0,0,M,20,,,,,
3202,28274.0,19.4,10,15,5,F,20,A,A,A,B,A
3202,28275.0,35.2,0,0,0,F,20,A,A,A,B,A
3202,28276.0,10.4,30,45,0,F,20,A,A,B,B,A
3202,28277.0,19.4,30,0,0,F,20,A,A,B,B,A
3202,28278.0,7.5,35,0,0,F,20,A,A,B,C,A
3202,28279.0,8.5,0,0,0,F,20,A,B,B,C,A
3202,28280.0,11.7,25,40,0,F,20,A,D,C,C,A
3202,28281.0,7.0,0,10,0,F,20,A,D,C,D,A
3202,28282.0,12.5,10,0,50,F,20,A,D,C,D,B
3202,28283.0,2.0,0,0,0,M,20,A,D,D,D,B
3202,28284.0,7.5,0,35,0,M,20,A,D,D,D,B
3202,28285.0,11.3,10,0,0,M,20,A,D,D,D,B
3202,28286.0,7.5,0,25,10,M,20,A,D,D,D,B
3202,28287.0,12.9,0,0,0,M,20,B,D,D,E,B
3202,28288.0,13.7,30,35,5,M,20,B,D,D,E,C
3202,28289.0,9.5,10,15,0,M,20,B,D,E,E,C
3202,28290.0,22.5,0,0,0,M,20,C,F,F,F,E
1602,28291.0,23.2,0,0,0,F,20,A,A,A,A,A
1602,28292.0,22.5,0,0,0,F,20,A,A,A,A,A
1602,28293.0,9.0,40,0,0,F,20,A,A,A,A,A
1602,28294.0,11.1,0,0,0,F,20,A,A,A,A,A
1602,28295.0,0.0,15,0,0,F,20,A,A,A,A,A
1602,28296.0,11.1,0,0,0,F,20,A,A,B,B,A
1602,28297.0,4.2,30,15,15,F,20,A,A,B,B,A
1602,28298.0,16.6,25,25,0,F,20,A,A,B,B,A
1602,28299.0,11.3,0,0,0,F,20,A,A,B,B,A
1602,28300.0,0.0,0,15,0,F,20,A,A,B,B,A
1602,28301.0,7.5,0,15,0,F,20,A,A,B,B,A
1602,28302.0,22.5,0,0,0,F,20,A,A,B,B,A
1602,28303.0,4.2,0,30,0,F,20,A,A,B,B,A
1602,28304.0,2.0,0,45,0,F,20,A,A,B,B,A
1602,28305.0,2.0,0,45,0,F,20,A,A,B,B,A
1602,28306.0,21.4,20,0,0,F,20,A,A,B,B,A
1602,28307.0,18.6,30,0,10,F,20,A,A,B,B,A
1602,28308.0,22.7,0,0,0,F,20,A,A,B,B,A
1602,28309.0,11.1,0,0,0,F,20,A,A,B,B,A
1602,28310.0,22.5,0,0,0,F,20,A,A,B,B,A
1602,28311.0,7.5,0,0,40,F,20,A,A,B,B,A
1602,28312.0,10.1,0,0,0,F,20,A,B,B,B,A
1602,28313.0,7.5,0,10,0,F,20,A,B,B,B,A
1602,28314.0,0.0,50,0,40,F,20,A,B,B,B,A
1602,28315.0,19.9,25,5,0,F,20,A,B,B,B,A
1602,28316.0,10.1,0,0,0,F,20,A,B,B,C,A
1602,28317.0,4.2,30,0,0,F,20,A,B,B,C,A
1602,28318.0,8.9,0,0,0,F,20,A,B,B,C,A
1602,28319.0,8.9,0,0,0,F,20,A,B,B,C,A
1602,28320.0,2.0,30,15,0,F,20,A,B,B,C,A
1602,28321.0,23.4,0,0,0,F,20,A,B,B,C,A
1602,28322.0,20.5,55,45,0,F,20,A,B,C,C,A
1602,28323.0,15.0,0,0,0,F,20,A,B,C,C,A
1602,28324.0,23.4,0,0,0,F,20,A,B,C,C,A
1602,28325.0,22.5,0,0,0,F,20,A,B,C,C,A
1602,28326.0,23.5,50,30,0,F,20,A,B,C,C,A
1602,28327.0,22.5,0,0,0,F,20,A,B,C,C,A
1602,28328.0,10.3,20,45,30,F,20,A,B,C,D,A
1602,28329.0,15.0,25,0,40,F,20,A,B,C,D,A
1602,28330.0,22.5,0,0,0,F,20,A,B,C,D,A
1602,28331.0,18.6,20,20,0,F,20,A,B,C,D,A
1602,28332.0,11.1,0,0,0,F,20,A,B,C,D,A
1602,28333.0,0.0,25,0,0,F,20,A,B,C,D,A
1602,28334.0,7.5,0,0,10,F,20,A,B,C,D,A
1602,28335.0,8.8,10,15,5,F,20,A,B,C,D,B
1602,28336.0,0.0,5,0,10,F,20,A,D,D,D,B
1602,28337.0,0.0,0,10,5,F,20,A,D,D,D,B
1602,28338.0,7.8,20,45,45,F,20,A,D,D,D,B
1602,28339.0,1.0,5,5,0,F,20,A,D,D,D,B
1602,28340.0,15.7,15,30,15,M,20,A,D,D,D,B
1602,28341.0,22.5,0,0,0,M,20,A,D,D,D,B
1602,28342.0,6.2,20,0,30,M,20,A,D,D,D,B
1602,28343.0,20.6,0,20,0,M,20,A,D,D,D,B
1602,28344.0,22.5,0,0,0,M,20,A,D,D,D,B
1602,28345.0,9.5,55,30,0,M,20,A,D,D,D,B
1602,28346.0,22.5,0,0,0,M,20,A,D,D,D,B
1602,28347.0,22.5,0,0,0,M,20,A,D,D,D,B
1602,28348.0,22.5,0,0,0,M,20,A,D,D,D,B
1602,28349.0,22.5,0,0,0,M,20,A,D,D,D,B
1602,28350.0,22.5,0,0,0,M,20,A,D,D,D,B
1602,28351.0,24.7,0,0,0,M,20,A,D,D,D,B
1602,28352.0,22.5,0,0,0,M,20,A,D,D,D,B
1602,28353.0,11.5,0,0,0,M,20,A,D,D,D,B
1602,28354.0,12.9,0,0,0,M,20,A,D,D,D,B
1602,28355.0,22.5,0,0,0,M,20,A,D,D,D,B
1602,28356.0,7.5,0,20,0,M,20,A,D,D,D,B
1602,28357.0,32.8,20,0,0,M,20,A,D,D,D,B
1602,28358.0,15.1,55,0,10,M,20,A,D,D,D,B
1602,28359.0,13.7,0,0,0,M,20,A,D,D,D,B
1602,28360.0,15.7,10,50,0,M,20,A,D,D,D,B
1602,28361.0,22.5,0,0,0,M,20,A,D,D,D,C
1602,28362.0,14.5,30,35,5,M,20,A,D,D,D,C
1602,28363.0,9.5,0,15,0,M,20,A,D,D,D,C
1602,28364.0,22.5,0,0,0,M,20,A,D,D,E,C
1602,28365.0,22.5,0,0,0,M,20,A,D,D,E,C
1602,28366.0,22.5,0,0,0,M,20,A,D,D,E,C
1602,28367.0,22.5,0,0,0,M,20,A,D,D,E,C
1602,28368.0,22.4,0,0,0,M,20,A,D,D,E,C
1602,28369.0,22.5,0,0,0,M,20,A,D,E,E,D
1602,28370.0,17.0,0,35,0,M,20,A,D,E,E,D
1602,28371.0,22.5,0,0,0,M,20,A,D,E,E,D
1602,28372.0,9.1,0,0,0,M,20,B,F,E,E,D
1602,28373.0,10.3,0,0,0,M,20,B,F,E,F,D
1602,28374.0,22.5,0,0,0,M,20,B,F,E,F,E
1602,28375.0,2.6,50,0,30,M,20,B,F,E,F,E
1602,28376.0,23.6,0,0,0,M,20,E,F,F,F,E
1602,28377.0,22.5,0,0,0,M,20,,,,,
1602,28378.0,22.5,0,0,0,M,20,,,,,
1602,28379.0,15.1,10,45,10,M,20,,,,,
1602,28380.0,21.0,0,15,0,M,20,,,,,
1602,28381.0,16.6,10,30,0,M,20,,,,,
1602,28382.0,9.1,0,0,0,M,20,,,,,
1602,28383.0,30.0,0,40,0,M,20,,,,,
1602,28384.0,15.0,50,0,0,M,20,,,,,
3002,28385.0,16.6,25,20,10,F,20,A,A,A,B,A
3002,28386.0,7.6,50,0,70,F,20,A,A,B,B,A
3002,28387.0,8.9,20,15,0,F,20,A,A,B,B,A
3002,28388.0,15.0,0,0,0,M,20,A,A,B,B,A
3002,28389.0,15.9,0,45,0,M,20,A,A,B,B,A
3002,28390.0,12.1,0,0,0,M,20,A,B,B,B,A
3002,28391.0,12.1,0,0,0,M,20,A,B,B,B,A
3002,28392.0,10.7,0,0,0,M,20,A,B,B,B,A
3002,28393.0,15.0,0,0,0,M,20,A,B,B,C,A
3002,28394.0,12.1,0,0,0,M,20,A,B,B,C,B
3002,28395.0,4.4,40,90,10,M,20,A,D,B,C,B
3002,28396.0,7.5,80,0,30,M,20,A,D,B,D,B
3002,28397.0,2.0,10,50,20,M,20,A,D,C,D,B
3002,28398.0,4.4,0,35,0,M,20,A,D,C,D,B
3002,28399.0,25.1,0,45,30,M,20,A,D,C,D,B
3002,28400.0,8.9,20,0,0,M,20,A,D,C,D,B
3002,28401.0,23.9,0,0,0,M,20,A,D,D,D,B
3002,28402.0,12.1,0,0,0,M,20,B,D,D,D,B
3002,28403.0,9.5,0,0,0,M,20,B,D,D,D,C
3002,28404.0,13.3,0,0,5,M,20,B,D,D,D,C
702,28405.0,14.7,0,0,0,F,20,A,D,B,C,A
702,28406.0,17.4,25,15,0,F,20,A,D,B,C,A
702,28407.0,5.4,15,45,0,F,20,A,D,B,D,B
702,28408.0,0.0,0,0,0,F,20,A,D,B,D,B
702,28409.0,3.2,0,45,0,F,20,A,D,C,D,B
702,28410.0,11.1,0,0,10,F,20,A,D,C,D,B
702,28411.0,0.0,0,0,0,F,20,A,D,C,D,B
702,28412.0,0.0,0,0,0,F,20,A,D,C,D,B
702,28413.0,12.5,0,0,0,F,20,A,D,C,D,B
702,28414.0,10.1,0,0,0,M,20,A,D,C,D,B
702,28415.0,10.1,0,0,0,M,20,A,D,C,D,B
702,28416.0,2.4,10,0,0,M,20,A,D,C,D,B
702,28417.0,10.5,0,35,50,M,20,A,D,C,D,B
702,28418.0,3.6,0,0,0,M,20,A,D,C,D,B
702,28419.0,21.4,25,0,0,M,20,A,D,C,D,B
702,28420.0,0.0,15,0,0,M,20,A,D,C,D,B
702,28421.0,7.5,0,10,15,M,20,A,D,D,D,C
702,28422.0,7.5,0,15,0,M,20,B,D,D,D,C
702,28423.0,4.8,0,0,0,M,20,B,D,D,D,C
702,28424.0,7.5,0,20,15,M,20,B,D,D,D,C
702,28425.0,0.0,0,0,0,M,20,B,D,D,D,C
702,28426.0,15.0,0,60,0,M,20,B,D,D,D,D
702,28427.0,11.7,25,0,0,M,20,B,D,D,D,D
702,28428.0,0.0,0,0,0,M,20,B,D,D,D,D
702,28429.0,20.4,0,20,0,M,20,B,D,D,E,D
702,28430.0,29.2,50,0,0,M,20,B,D,D,E,D
702,28431.0,7.0,30,20,0,M,20,B,D,E,E,D
702,28432.0,5.0,0,0,0,M,20,B,D,E,E,E
702,28433.0,13.1,10,0,0,M,20,B,D,E,F,E
702,28434.0,0.0,0,0,0,M,20,,,,,
702,28435.0,4.2,25,35,10,M,20,,,,,
3202,28436.0,11.7,40,15,40,F,20,A,A,A,B,A
3202,28437.0,18.0,0,50,0,F,20,A,A,A,B,A
3202,28438.0,14.5,0,0,0,F,20,A,A,A,B,A
3202,28439.0,23.4,0,0,0,F,20,A,A,A,B,A
3202,28440.0,0.0,0,25,0,F,20,A,A,B,B,A
3202,28441.0,11.3,0,0,0,F,20,A,A,B,B,A
3202,28442.0,7.5,0,15,0,F,20,A,A,B,C,A
3202,28443.0,8.5,10,0,0,F,20,A,B,B,C,A
3202,28444.0,26.1,0,0,0,F,20,A,C,B,C,A
3202,28445.0,25.8,0,0,0,F,20,A,D,B,C,A
3202,28446.0,0.0,0,0,0,F,20,A,D,B,D,A
3202,28447.0,10.4,25,75,0,F,20,A,D,C,D,A
3202,28448.0,0.0,0,0,0,F,20,A,D,C,D,A
3202,28449.0,10.1,10,0,20,F,20,A,D,C,D,B
3202,28450.0,12.4,0,0,0,F,20,A,D,C,D,B
3202,28451.0,7.0,10,0,40,F,20,A,D,D,D,B
3202,28452.0,10.0,0,0,0,F,20,A,D,D,D,B
3202,28453.0,10.1,0,0,0,F,20,A,D,D,D,B
3202,28454.0,0.0,0,0,0,M,20,A,D,D,D,B
3202,28455.0,15.0,20,0,50,M,20,A,D,D,D,B
3202,28456.0,11.1,10,15,0,M,20,A,D,D,D,B
3202,28457.0,0.0,0,0,0,M,20,B,D,D,D,B
3202,28458.0,24.6,0,0,0,M,20,B,D,D,D,B
3202,28459.0,7.0,30,0,20,M,20,B,D,D,D,B
3202,28460.0,15.0,0,0,0,M,20,B,D,D,D,B
3202,28461.0,3.4,0,30,15,M,20,B,D,D,E,C
3202,28462.0,23.2,10,0,0,M,20,D,D,E,E,D
3202,28463.0,15.0,0,0,0,M,20,E,D,F,E,D
3202,28464.0,15.0,0,0,0,M,20,,,,,
3202,28465.0,10.3,30,0,0,M,20,,,,,
3202,28466.0,15.0,0,0,0,M,20,,,,,
3202,28467.0,18.7,30,0,20,M,20,,,,,
3202,28468.0,15.0,0,0,0,M,20,,,,,
3202,28469.0,15.0,0,0,0,M,20,,,,,
3202,28470.0,15.0,0,0,0,M,20,,,,,
2001,28471.0,15.0,0,0,0,F,20,A,D,D,D,B
2001,28472.0,15.1,0,0,0,F,20,A,D,D,D,B
2001,28473.0,23.6,0,0,0,F,20,A,D,D,D,B
2001,28474.0,18.4,20,15,15,F,20,A,D,D,D,B
2001,28475.0,15.0,0,0,0,F,20,A,D,D,D,B
2001,28476.0,15.0,0,0,0,F,20,A,D,D,D,B
2001,28477.0,15.0,0,0,0,F,20,A,D,D,D,B
2001,28478.0,15.0,0,0,0,F,20,A,D,D,D,B
2001,28479.0,15.0,0,0,0,F,20,A,D,D,D,B
2001,28480.0,15.0,0,0,0,F,20,A,D,D,D,B
2001,28481.0,15.0,0,0,0,F,20,A,D,D,D,B
2001,28482.0,16.0,0,0,0,F,20,A,D,D,D,B
2001,28483.0,15.0,25,25,25,F,20,A,D,D,D,B
2001,28484.0,15.0,0,0,0,F,20,A,D,D,D,B
2001,28485.0,15.0,0,0,0,F,20,A,D,D,D,B
2001,28486.0,15.0,0,0,0,F,20,A,D,D,D,B
2001,28487.0,10.3,15,5,10,F,20,A,D,D,D,B
2001,28488.0,9.5,0,0,5,F,20,A,D,D,D,B
2001,28489.0,2.6,0,0,10,F,20,A,D,D,D,B
2001,28490.0,24.4,40,25,20,F,20,A,D,D,D,B
2001,28491.0,15.0,0,0,0,F,20,A,D,D,D,B
2001,28492.0,15.0,0,0,0,F,20,A,D,D,D,B
2001,28493.0,11.9,20,0,0,F,20,A,D,D,D,B
2001,28494.0,1.4,40,50,0,F,20,B,D,D,D,B
2001,28495.0,15.0,0,0,0,F,20,B,D,D,D,C
2001,28496.0,15.0,0,0,0,M,20,B,D,D,D,C
2001,28497.0,15.0,0,0,0,M,20,B,D,E,D,C
2001,28498.0,15.0,0,0,0,M,20,B,D,E,D,C
2001,28499.0,10.0,0,25,0,M,20,B,D,E,D,C
2001,28500.0,15.0,0,0,0,M,20,B,D,E,D,D
2001,28501.0,15.0,0,0,0,M,20,B,D,E,D,D
2001,28502.0,15.0,30,45,0,M,20,B,D,E,E,D
2001,28503.0,15.0,0,0,0,M,20,C,D,E,E,D
2001,28504.0,15.0,0,0,0,M,20,E,D,E,E,D
2001,28505.0,10.5,30,0,0,M,20,E,D,E,E,D
2001,28506.0,15.0,0,0,0,M,20,E,E,F,E,E
2001,28507.0,22.5,0,25,0,M,20,E,F,F,F,F
2001,28508.0,13.9,15,30,35,M,20,,,,,
2001,28509.0,13.3,65,0,20,M,20,,,,,
2001,28510.0,15.0,0,0,0,M,20,,,,,
2001,28511.0,15.0,0,0,0,M,20,,,,,
2001,28512.0,15.0,0,0,0,M,20,,,,,
2001,28513.0,15.0,0,0,0,M,20,,,,,
2001,28514.0,15.0,0,0,0,M,20,,,,,
2001,28515.0,15.0,0,0,0,M,20,,,,,
1502,28516.0,15.0,0,0,0,F,20,A,A,A,B,A
1502,28517.0,15.0,0,0,0,F,20,A,A,A,B,A
1502,28518.0,15.0,0,0,0,F,20,A,A,B,B,A
1502,28519.0,15.0,0,0,0,F,20,A,A,B,B,A
1502,28520.0,15.0,0,0,0,F,20,A,B,B,B,A
1502,28521.0,15.0,0,0,0,F,20,A,B,B,C,A
1502,28522.0,11.7,0,0,25,F,20,A,B,C,C,A
1502,28523.0,12.5,75,0,0,F,20,A,C,C,C,B
1502,28524.0,24.5,0,0,0,F,20,A,C,C,C,B
1502,28525.0,37.4,0,0,0,F,20,A,D,C,C,B
1502,28526.0,5.6,0,0,0,F,20,A,D,C,C,B
1502,28527.0,37.5,0,0,0,F,20,A,D,C,D,B
1502,28528.0,20.4,55,60,0,F,20,A,D,D,D,B
1502,28529.0,2.0,0,0,15,F,20,A,D,D,D,B
1502,28530.0,25.4,0,0,0,F,20,A,D,D,D,B
1502,28531.0,37.5,0,0,0,F,20,A,D,D,D,B
1502,28532.0,37.5,0,0,0,F,20,A,D,D,D,B
1502,28533.0,13.3,0,0,0,M,20,A,D,D,D,B
1502,28534.0,8.5,0,0,15,M,20,A,D,D,D,B
1502,28535.0,9.1,55,45,0,M,20,A,D,D,D,B
1502,28536.0,17.0,0,0,0,M,20,A,D,D,E,C
1502,28537.0,12.5,50,35,10,M,20,A,D,D,E,C
1502,28538.0,10.7,0,0,0,M,20,A,D,D,E,C
1502,28539.0,11.9,0,0,0,M,20,A,D,D,E,C
1502,28540.0,11.0,0,0,0,M,20,B,D,D,E,C
1502,28541.0,10.9,0,0,0,M,20,B,D,D,E,C
1502,28542.0,18.3,30,0,25,M,20,B,D,D,E,D
1502,28543.0,4.8,50,0,20,M,20,B,D,E,E,E
1502,28544.0,33.2,30,0,0,M,20,B,D,E,F,E
1502,28545.0,3.0,10,0,0,M,20,B,D,E,F,F
1502,28546.0,11.0,25,70,10,M,20,D,F,F,F,G
3502,28547.0,22.0,0,25,5,F,20,A,A,A,A,A
3502,28548.0,4.4,0,0,0,F,20,A,A,A,B,A
3502,28549.0,12.2,20,0,0,F,20,A,A,A,B,A
3502,28550.0,32.9,0,30,0,F,20,A,A,B,B,A
3502,28551.0,25.1,0,0,0,F,20,A,A,B,B,A
3502,28552.0,22.7,90,10,0,F,20,A,A,B,B,A
3502,28553.0,8.9,20,25,0,F,20,A,A,B,B,A
3502,28554.0,15.5,0,0,0,F,20,A,A,B,B,A
3502,28555.0,12.7,25,35,15,F,20,A,A,B,B,A
3502,28556.0,15.9,25,5,40,F,20,A,A,B,B,A
3502,28557.0,12.0,0,0,0,F,20,A,A,B,B,A
3502,28558.0,10.9,0,0,0,F,20,A,A,B,C,A
3502,28559.0,24.2,0,0,0,F,20,A,A,C,C,A
3502,28560.0,9.5,0,10,0,F,20,A,A,C,C,A
3502,28561.0,4.2,0,0,0,F,20,A,A,C,C,A
3502,28562.0,5.6,0,0,0,F,20,A,B,C,C,A
3502,28563.0,10.9,0,0,0,F,20,A,B,C,D,A
3502,28564.0,22.4,0,10,0,F,20,A,B,C,D,A
3502,28565.0,9.2,35,5,0,F,20,A,B,C,D,B
3502,28566.0,21.5,0,15,0,F,20,A,C,C,D,B
3502,28567.0,10.9,0,0,0,F,20,A,C,C,D,B
3502,28568.0,4.4,30,30,0,F,20,A,D,C,D,B
3502,28569.0,11.9,0,0,0,F,20,A,D,C,D,B
3502,28570.0,15.2,0,0,0,M,20,A,D,C,D,B
3502,28571.0,20.5,30,0,10,M,20,A,D,C,D,B
3502,28572.0,3.0,10,0,0,M,20,A,D,D,D,B
3502,28573.0,14.5,40,0,40,M,20,A,D,D,D,B
3502,28574.0,15.0,0,0,0,M,20,A,D,D,D,B
3502,28575.0,22.0,0,15,0,M,20,A,D,D,D,B
3502,28576.0,11.1,10,0,0,M,20,A,D,D,D,B
3502,28577.0,7.5,0,45,10,M,20,A,D,D,D,B
3502,28578.0,4.8,0,0,0,M,20,A,D,D,D,B
3502,28579.0,15.0,0,0,0,M,20,A,D,D,D,B
3502,28580.0,16.5,25,0,45,M,20,A,D,D,D,B
3502,28581.0,15.6,0,0,0,M,20,A,D,D,D,B
3502,28582.0,11.1,0,0,0,M,20,A,D,D,D,B
3502,28583.0,7.5,0,0,0,M,20,A,D,D,D,B
3502,28584.0,7.5,0,0,0,M,20,A,D,D,D,C
3502,28585.0,15.0,0,0,0,M,20,A,D,D,D,C
3502,28586.0,15.3,30,90,30,M,20,A,D,D,D,C
3502,28587.0,15.9,0,0,0,M,20,A,D,D,D,C
3502,28588.0,13.5,0,0,0,M,20,B,D,D,E,C
3502,28589.0,13.7,0,0,0,M,20,B,D,D,E,C
3502,28590.0,0.0,0,0,0,M,20,B,D,E,E,C
3502,28591.0,3.0,0,0,0,M,20,B,D,E,E,D
3502,28592.0,15.0,0,0,0,M,20,B,D,E,E,D
3502,28593.0,5.8,25,10,0,M,20,B,D,E,E,D
3502,28594.0,7.5,40,0,0,M,20,B,D,E,E,D
3502,28595.0,15.0,0,5,0,M,20,B,D,E,F,D
3502,28596.0,3.4,10,0,0,M,20,B,D,E,F,D
3502,28597.0,15.9,0,0,0,M,20,B,D,E,F,E
3502,28598.0,2.6,5,0,10,M,20,B,D,E,F,E
3502,28599.0,15.0,0,0,0,M,20,C,D,E,F,E
3502,28600.0,16.5,20,20,30,M,20,E,D,F,F,F
3502,28601.0,10.9,0,25,0,M,20,E,F,F,F,F
3502,28602.0,21.0,0,0,40,M,20,,,,,
3502,28603.0,0.0,30,0,0,M,20,,,,,
3502,28604.0,13.5,0,0,0,M,20,,,,,
3502,28605.0,15.0,0,0,0,M,20,,,,,
1402,28606.0,7.5,0,0,0,F,20,A,A,A,B,A
1402,28607.0,19.8,10,20,0,F,20,A,A,A,B,A
1402,28608.0,12.7,50,0,50,F,20,A,A,B,B,A
1402,28609.0,15.0,0,0,0,F,20,A,D,B,C,A
1402,28610.0,11.1,0,0,0,F,20,A,D,B,C,A
1402,28611.0,3.6,20,50,10,F,20,A,D,C,C,B
1402,28612.0,12.9,20,70,5,F,20,A,D,C,C,B
1402,28613.0,0.0,30,45,0,F,20,A,D,C,C,B
1402,28614.0,15.0,0,0,0,F,20,A,D,C,C,B
1402,28615.0,2.4,0,60,0,F,20,A,D,C,D,B
1402,28616.0,11.3,0,0,0,F,20,A,D,C,D,B
1402,28617.0,26.4,20,0,55,M,20,A,D,D,D,B
1402,28618.0,15.0,60,15,5,M,20,A,D,D,D,B
1402,28619.0,10.5,10,15,10,M,20,A,D,D,D,B
1402,28620.0,21.0,0,30,10,M,20,A,D,D,D,B
1402,28621.0,2.4,15,0,0,M,20,B,D,D,D,B
1402,28622.0,17.7,50,0,10,M,20,B,D,D,D,D
1402,28623.0,15.0,0,5,0,M,20,B,D,D,D,D
1402,28624.0,15.0,0,0,0,M,20,B,D,E,D,E
1402,28625.0,16.0,0,45,15,M,20,B,D,E,E,E
1402,28626.0,14.1,0,0,0,M,20,B,F,E,E,E
1402,28627.0,0.0,0,0,0,M,20,B,F,E,F,F
1602,28628.0,0.0,0,0,0,F,20,A,A,A,B,A
1602,28629.0,10.6,10,10,15,F,20,A,A,B,B,A
1602,28630.0,11.1,20,0,0,F,20,A,A,B,B,A
1602,28631.0,26.2,0,0,0,F,20,A,A,B,B,A
1602,28632.0,27.1,0,0,0,F,20,A,A,B,B,A
1602,28633.0,13.5,25,0,0,F,20,A,A,C,B,A
1602,28634.0,2.0,10,0,10,F,20,A,A,C,B,A
1602,28635.0,30.8,0,50,0,F,20,A,A,C,C,A
1602,28636.0,4.0,10,0,0,F,20,A,A,D,D,A
1602,28637.0,11.5,0,0,0,F,20,A,A,D,D,A
1602,28638.0,8.8,0,20,0,F,20,A,A,D,D,A
1602,28639.0,5.0,0,0,0,F,20,A,A,D,D,A
1602,28640.0,0.0,0,0,0,F,20,A,B,D,D,B
1602,28641.0,25.1,0,15,0,F,20,A,B,D,D,B
1602,28642.0,0.0,0,15,20,F,20,A,D,D,D,B
1602,28643.0,25.0,40,0,50,F,20,A,D,D,D,B
1602,28644.0,1.0,0,5,0,F,20,A,D,D,D,B
1602,28645.0,21.8,0,20,0,F,20,A,D,D,D,B
1602,28646.0,10.3,30,0,10,F,20,A,D,D,D,B
1602,28647.0,26.2,0,0,0,F,20,A,D,D,D,B
1602,28648.0,16.0,0,0,0,F,20,A,D,D,D,B
1602,28649.0,0.0,0,0,0,F,20,A,D,D,D,B
1602,28650.0,4.6,0,45,0,F,20,A,D,D,D,B
1602,28651.0,16.0,0,0,0,F,20,A,D,D,D,B
1602,28652.0,0.0,0,0,0,F,20,A,D,D,D,C
1602,28653.0,0.0,0,0,0,F,20,A,D,D,E,C
1602,28654.0,23.8,30,0,0,F,20,A,D,E,E,C
1602,28655.0,11.5,0,0,0,F,20,A,D,E,E,C
1602,28656.0,2.8,0,45,15,F,20,A,D,E,E,C
1602,28657.0,18.1,50,0,10,F,20,A,D,E,F,D
1602,28658.0,15.4,50,15,10,M,20,B,D,F,F,D
1602,28659.0,16.0,0,0,0,M,20,B,D,F,F,D
1602,28660.0,9.2,0,15,0,M,20,B,D,F,F,E
1602,28661.0,16.0,0,0,0,M,20,E,E,F,F,E
2402,28662.0,4.0,0,50,0,F,20,A,A,A,B,A
2402,28663.0,0.0,0,0,0,F,20,A,A,A,B,A
2402,28664.0,3.6,10,60,15,F,20,A,A,A,B,A
2402,28665.0,20.4,50,60,10,F,20,A,A,A,B,A
2402,28666.0,4.2,40,35,5,F,20,A,A,A,B,A
2402,28667.0,16.1,0,0,0,F,20,A,A,B,B,A
2402,28668.0,0.0,35,0,0,F,20,A,A,B,B,A
2402,28669.0,11.1,5,0,0,F,20,A,A,B,B,A
2402,28670.0,16.9,30,25,0,F,20,A,A,B,B,A
2402,28671.0,14.9,10,0,0,F,20,A,A,B,B,A
2402,28672.0,26.3,0,0,20,F,20,A,A,B,B,A
2402,28673.0,16.6,20,30,25,F,20,A,A,B,C,A
2402,28674.0,16.4,0,0,0,F,20,A,A,B,C,A
2402,28675.0,7.5,0,30,0,F,20,A,A,B,C,A
2402,28676.0,35.0,0,0,25,F,20,A,A,B,C,A
2402,28677.0,34.3,0,30,0,F,20,A,A,B,C,A
2402,28678.0,21.4,0,25,10,F,20,A,A,B,C,A
2402,28679.0,14.5,0,0,0,F,20,A,A,B,C,A
2402,28680.0,26.4,0,0,0,F,20,A,A,B,C,A
2402,28681.0,11.9,0,0,0,F,20,A,A,C,C,A
2402,28682.0,11.9,0,0,0,F,20,A,A,C,C,A
2402,28683.0,11.9,0,0,0,F,20,A,A,C,C,A
2402,28684.0,16.4,30,45,0,F,20,A,A,C,D,A
2402,28685.0,23.6,0,25,0,F,20,A,B,C,D,A
2402,28686.0,14.3,0,0,0,F,20,A,B,C,D,A
2402,28687.0,22.6,40,0,0,F,20,A,B,C,D,A
2402,28688.0,2.4,20,0,0,F,20,A,B,D,D,B
2402,28689.0,3.0,0,60,0,F,20,A,B,D,D,B
2402,28690.0,24.5,5,15,0,F,20,A,D,D,D,B
2402,28691.0,10.5,10,0,0,F,20,A,D,D,D,B
2402,28692.0,15.0,0,0,10,F,20,A,D,D,D,B
2402,28693.0,12.1,15,0,15,F,20,A,D,D,D,B
2402,28694.0,16.6,0,0,0,F,20,A,D,D,D,B
2402,28695.0,4.4,30,50,0,F,20,A,D,D,D,B
2402,28696.0,16.1,50,0,30,F,20,A,D,D,D,B
2402,28697.0,7.5,45,15,0,F,20,A,D,D,D,B
2402,28698.0,13.3,0,0,0,F,20,A,D,D,D,B
2402,28699.0,7.5,0,30,0,F,20,A,D,D,D,B
2402,28700.0,2.0,0,0,0,F,20,A,D,D,D,B
2402,28701.0,7.5,0,30,0,F,20,A,D,D,D,B
2402,28702.0,14.5,0,0,0,M,20,A,D,D,D,B
2402,28703.0,7.5,0,30,0,M,20,A,D,D,D,B
2402,28704.0,9.5,0,25,0,M,20,A,D,D,D,B
2402,28705.0,9.5,0,25,0,M,20,A,D,D,D,B
2402,28706.0,16.7,30,40,5,M,20,A,D,D,D,B
2402,28707.0,17.5,0,0,0,M,20,A,D,D,D,B
2402,28708.0,15.2,20,0,0,M,20,A,D,D,D,B
2402,28709.0,25.4,0,0,0,M,20,A,D,D,D,B
2402,28710.0,12.1,0,30,0,M,20,A,D,D,D,B
2402,28711.0,25.2,0,0,0,M,20,A,D,D,D,C
2402,28712.0,15.0,10,0,0,M,20,A,D,D,D,C
2402,28713.0,15.0,0,0,10,M,20,A,D,D,D,C
2402,28714.0,8.5,0,45,10,M,20,A,D,D,E,C
2402,28715.0,15.0,0,0,0,M,20,A,D,D,E,C
2402,28716.0,7.5,0,0,0,M,20,A,D,D,E,C
2402,28717.0,15.0,0,0,0,M,20,A,D,D,E,C
2402,28718.0,23.1,0,10,10,M,20,A,D,D,E,C
2402,28719.0,7.5,0,0,0,M,20,A,D,E,E,C
2402,28720.0,14.9,0,0,0,M,20,A,D,E,E,C
2402,28721.0,7.5,0,0,0,M,20,A,D,E,E,C
2402,28722.0,15.0,0,0,0,M,20,A,D,E,E,D
2402,28723.0,15.0,0,0,0,M,20,A,D,E,E,D
2402,28724.0,15.0,0,0,0,M,20,A,D,E,F,D
2402,28725.0,14.7,0,0,0,M,20,A,D,E,F,D
2402,28726.0,15.0,0,0,0,M,20,A,D,E,F,D
2402,28727.0,15.0,0,0,0,M,20,A,D,E,F,D
2402,28728.0,15.0,0,0,0,M,20,B,D,E,F,D
2402,28729.0,15.0,0,0,15,M,20,B,D,E,F,E
2402,28730.0,15.0,0,0,0,M,20,B,D,E,F,E
2402,28731.0,15.0,0,0,0,M,20,B,D,E,F,E
2402,28732.0,15.0,0,0,0,M,20,B,D,E,F,E
2402,28733.0,15.0,0,0,0,M,20,B,E,E,F,E
2402,28734.0,15.0,0,0,0,M,20,C,E,F,F,E
2402,28735.0,16.9,30,35,10,M,20,E,E,F,F,E
2402,28736.0,14.7,0,0,0,M,20,E,E,F,F,E
2402,28737.0,7.5,0,0,0,M,20,E,F,F,F,F
2402,28738.0,18.0,0,0,0,M,20,E,F,F,F,F
2402,28739.0,15.0,0,0,0,M,20,E,F,F,F,F
2402,28740.0,9.5,20,30,0,M,20,,,,,
2402,28741.0,28.1,0,0,0,M,20,,,,,
3002,28742.0,15.0,0,0,0,F,20,A,A,A,A,A
3002,28743.0,7.0,70,65,5,F,20,A,A,A,A,A
3002,28744.0,7.5,0,0,0,F,20,A,A,A,B,A
3002,28745.0,7.5,0,0,0,F,20,A,A,A,B,A
3002,28746.0,15.0,0,0,0,F,20,A,A,A,B,A
3002,28747.0,16.0,0,0,0,F,20,A,A,B,B,A
3002,28748.0,0.0,30,0,10,F,20,A,A,B,B,A
3002,28749.0,4.8,80,0,0,F,20,A,A,B,B,A
3002,28750.0,0.0,15,25,0,F,20,A,A,B,C,A
3002,28751.0,11.1,0,25,0,F,20,A,B,B,C,A
3002,28752.0,31.2,45,0,10,F,20,A,B,B,C,A
3002,28753.0,7.0,30,35,0,F,20,A,B,B,C,A
3002,28754.0,2.6,50,15,0,F,20,A,B,B,C,A
3002,28755.0,13.2,0,10,15,F,20,A,B,B,C,A
3002,28756.0,15.0,0,0,0,F,20,A,C,C,C,A
3002,28757.0,15.0,0,0,0,M,20,A,C,C,C,A
3002,28758.0,15.0,0,0,0,M,20,A,D,C,C,A
3002,28759.0,16.0,0,0,0,M,20,A,D,C,C,A
3002,28760.0,26.4,0,0,10,M,20,A,D,C,D,A
3002,28761.0,14.9,0,0,0,M,20,A,D,C,D,B
3002,28762.0,15.0,0,0,0,M,20,A,D,C,D,B
3002,28763.0,10.9,30,5,5,M,20,A,D,C,D,B
3002,28764.0,15.0,0,0,0,M,20,A,D,C,D,B
3002,28765.0,39.2,0,0,0,M,20,A,D,D,D,B
3002,28766.0,7.2,20,15,30,M,20,A,D,D,D,B
3002,28767.0,14.7,0,0,0,M,20,A,D,D,D,B
3002,28768.0,26.9,0,0,0,M,20,A,D,D,D,B
3002,28769.0,15.0,0,0,0,M,20,A,D,D,D,B
3002,28770.0,0.0,50,0,0,M,20,A,D,D,D,B
3002,28771.0,16.0,0,0,0,M,20,A,D,D,D,B
3002,28772.0,15.0,0,0,0,M,20,A,D,D,D,B
3002,28773.0,11.1,15,15,10,M,20,A,D,D,E,B
3002,28774.0,15.0,0,10,5,M,20,A,D,D,E,B
3002,28775.0,6.4,15,45,10,M,20,A,D,D,E,C
3002,28776.0,10.5,50,0,0,M,20,B,D,D,E,C
3002,28777.0,5.4,0,45,0,M,20,B,D,D,E,C
3002,28778.0,2.6,0,0,0,M,20,B,D,D,E,D
3002,28779.0,9.6,0,45,5,M,20,B,D,D,E,D
3002,28780.0,7.5,0,0,0,M,20,B,D,D,E,D
3002,28781.0,15.0,0,0,0,M,20,B,D,D,F,E
3002,28782.0,13.5,10,0,0,M,20,B,D,E,F,E
3002,28783.0,17.0,0,0,0,M,20,C,E,F,F,E
3002,28784.0,9.5,10,30,10,M,20,E,E,F,F,F
3002,28785.0,2.6,0,0,0,M,20,,,,,
5401,28786.0,15.0,0,0,0,F,20,A,A,A,A,A
5401,28787.0,15.0,0,0,0,F,20,A,A,A,A,A
5401,28788.0,15.0,0,0,0,F,20,A,A,B,B,A
5401,28789.0,15.0,0,0,0,F,20,A,A,B,B,A
5401,28790.0,15.0,0,0,0,F,20,A,A,B,B,A
5401,28791.0,14.4,80,10,0,F,20,A,A,B,C,A
5401,28792.0,6.6,40,20,10,F,20,A,A,C,C,A
5401,28793.0,1.4,5,25,0,F,20,A,B,C,C,B
5401,28794.0,15.0,0,15,0,F,20,A,B,D,C,B
5401,28795.0,7.5,0,0,0,F,20,A,B,D,D,B
5401,28796.0,14.9,0,0,0,F,20,A,B,D,D,B
5401,28797.0,27.1,0,0,0,F,20,A,D,D,D,B
5401,28798.0,16.6,0,0,0,F,20,A,D,D,D,B
5401,28799.0,12.7,0,0,0,F,20,A,D,D,D,B
5401,28800.0,9.9,20,20,10,F,20,A,D,D,D,B
5401,28801.0,7.5,0,0,65,F,20,A,D,D,D,B
5401,28802.0,15.1,0,0,0,M,20,A,D,D,D,B
5401,28803.0,6.4,0,0,0,M,20,A,D,D,D,B
5401,28804.0,27.0,10,0,0,M,20,A,D,D,D,C
5401,28805.0,15.1,0,0,0,M,20,B,D,E,D,D
5401,28806.0,6.0,0,45,0,M,20,B,D,E,E,D
5401,28807.0,20.2,0,25,15,M,20,B,D,E,E,D
5401,28808.0,8.5,25,0,40,M,20,B,D,E,E,D
5401,28809.0,12.9,0,0,0,M,20,B,D,E,E,E
5401,28810.0,7.5,0,35,0,M,20,B,F,F,F,E
5401,28811.0,1.0,0,0,0,M,20,D,F,F,F,E
5401,28812.0,20.8,40,10,0,M,20,E,F,F,F,F
3502,28813.0,13.9,20,0,5,F,20,A,A,B,B,A
3502,28814.0,25.1,25,0,0,F,20,A,A,B,B,A
3502,28815.0,7.5,0,35,0,F,20,A,A,B,B,A
3502,28816.0,14.1,0,0,0,F,20,A,A,B,B,A
3502,28817.0,6.4,50,20,5,F,20,A,A,B,C,A
3502,28818.0,16.0,0,0,10,F,20,A,A,B,C,A
3502,28819.0,26.1,0,0,0,F,20,A,A,B,C,A
3502,28820.0,32.5,30,15,0,F,20,A,A,B,C,A
3502,28821.0,10.7,30,5,10,F,20,A,A,B,C,A
3502,28822.0,22.5,30,10,0,F,20,A,B,B,C,A
3502,28823.0,1.0,25,0,10,F,20,A,B,C,C,A
3502,28824.0,14.1,0,0,0,F,20,A,B,C,C,A
3502,28825.0,4.0,90,35,40,F,20,A,B,C,C,A
3502,28826.0,15.3,0,0,0,F,20,A,B,C,C,A
3502,28827.0,14.9,30,20,40,F,20,A,B,C,C,A
3502,28828.0,0.0,0,0,10,F,20,A,B,C,D,A
3502,28829.0,8.2,30,30,0,F,20,A,B,C,D,A
3502,28830.0,11.9,20,15,0,F,20,A,B,C,D,A
3502,28831.0,1.6,20,0,10,F,20,A,B,C,D,A
3502,28832.0,10.9,35,0,10,M,20,A,C,C,D,A
3502,28833.0,6.8,55,80,10,M,20,A,C,C,D,A
3502,28834.0,6.8,40,10,20,M,20,A,D,C,D,B
3502,28835.0,16.0,30,45,10,M,20,A,D,C,D,B
3502,28836.0,4.0,0,5,10,M,20,A,D,C,D,B
3502,28837.0,24.9,10,15,0,M,20,A,D,C,D,B
3502,28838.0,11.5,0,40,0,M,20,A,D,C,D,B
3502,28839.0,15.5,15,60,15,M,20,A,D,D,D,B
3502,28840.0,13.1,10,0,20,M,20,A,D,D,D,B
3502,28841.0,4.6,0,5,10,M,20,A,D,D,D,B
3502,28842.0,1.6,0,0,0,M,20,A,D,D,D,B
3502,28843.0,5.0,0,0,0,M,20,A,D,D,D,B
3502,28844.0,14.0,0,10,0,M,20,A,D,D,D,B
3502,28845.0,25.4,30,15,50,M,20,A,D,D,D,B
3502,28846.0,5.8,40,35,80,M,20,A,D,D,E,C
3502,28847.0,8.2,0,0,0,M,20,A,D,D,E,C
3502,28848.0,18.2,65,0,0,M,20,A,D,D,E,C
3502,28849.0,11.7,0,0,10,M,20,A,D,D,E,C
3502,28850.0,11.9,25,5,10,M,20,A,D,D,E,C
3502,28851.0,16.2,80,5,0,M,20,A,D,D,E,C
3502,28852.0,25.2,0,25,0,M,20,A,D,D,E,C
3502,28853.0,14.9,15,0,5,M,20,A,D,D,E,C
3502,28854.0,10.3,20,30,0,M,20,A,D,D,E,C
3502,28855.0,13.7,0,15,0,M,20,A,D,D,E,C
3502,28856.0,26.5,0,0,0,M,20,A,D,D,E,C
3502,28857.0,11.7,40,0,0,M,20,A,D,D,E,C
3502,28858.0,13.9,30,30,40,M,20,A,D,E,E,C
3502,28859.0,21.2,0,40,10,M,20,B,D,E,E,C
3502,28860.0,14.7,40,15,40,M,20,B,D,E,E,C
3502,28861.0,5.8,50,5,25,M,20,B,D,E,E,C
3502,28862.0,7.5,75,0,0,M,20,B,D,E,F,D
3502,28863.0,12.1,0,15,0,M,20,C,D,E,F,D
3502,28864.0,14.3,10,0,15,M,20,E,D,E,F,D
3502,28865.0,8.9,0,30,0,M,20,E,F,F,F,E
3502,28866.0,27.1,0,0,0,M,20,E,F,F,F,E
3502,28867.0,23.4,0,20,0,M,20,,,,,
3502,28868.0,6.6,0,0,0,M,20,,,,,
3502,28869.0,3.4,0,0,0,M,20,,,,,
3502,28870.0,16.7,0,0,0,M,20,,,,,
3502,28871.0,0.0,0,0,0,M,20,,,,,
3502,28872.0,8.6,0,0,0,M,20,,,,,
3502,28873.0,10.2,30,30,0,M,20,,,,,
3502,28874.0,15.0,0,0,0,M,20,,,,,
3502,28875.0,0.0,0,0,0,M,20,,,,,
3502,28876.0,0.0,0,0,0,M,20,,,,,
3502,28877.0,15.0,0,0,0,M,20,,,,,
3502,28878.0,15.0,50,0,45,M,20,,,,,
3502,28879.0,15.0,0,0,0,M,20,,,,,
2402,28880.0,3.6,0,0,0,F,20,A,A,A,A,A
2402,28881.0,22.5,50,0,70,F,20,A,A,A,A,A
2402,28882.0,0.0,70,50,0,F,20,A,A,A,A,A
2402,28883.0,15.0,0,0,20,F,20,A,A,A,A,A
2402,28884.0,15.0,0,0,0,F,20,A,A,B,B,A
2402,28885.0,7.5,10,60,0,F,20,A,A,B,B,A
2402,28886.0,14.5,0,0,25,F,20,A,A,B,B,A
2402,28887.0,17.8,0,30,30,F,20,A,A,B,B,A
2402,28888.0,26.7,0,0,0,F,20,A,A,B,B,A
2402,28889.0,0.0,0,0,0,F,20,A,A,B,B,A
2402,28890.0,0.0,0,25,0,F,20,A,A,B,B,A
2402,28891.0,0.0,0,0,0,F,20,A,A,B,B,A
2402,28892.0,11.5,50,0,0,F,20,A,A,B,C,A
2402,28893.0,17.4,0,0,0,F,20,A,A,B,C,A
2402,28894.0,9.9,0,0,0,F,20,A,B,B,C,A
2402,28895.0,16.0,0,0,0,F,20,A,B,B,C,B
2402,28896.0,15.0,0,0,0,F,20,A,B,C,C,B
2402,28897.0,11.4,40,60,25,F,20,A,B,C,C,B
2402,28898.0,15.0,0,0,0,F,20,A,B,C,C,B
2402,28899.0,0.0,0,0,0,F,20,A,B,C,D,B
2402,28900.0,12.4,0,0,15,F,20,A,B,C,D,B
2402,28901.0,13.3,0,0,25,F,20,A,B,C,D,B
2402,28902.0,27.9,0,0,0,F,20,A,C,C,D,B
2402,28903.0,18.0,0,0,0,F,20,A,C,C,D,B
2402,28904.0,15.0,20,0,0,F,20,A,D,D,D,B
2402,28905.0,15.0,20,0,0,F,20,A,D,D,D,B
2402,28906.0,4.2,20,0,0,F,20,A,D,D,D,B
2402,28907.0,0.0,0,0,0,F,20,A,D,D,D,B
2402,28908.0,0.0,0,0,0,F,20,A,D,D,D,B
2402,28909.0,0.0,0,0,0,F,20,A,D,D,D,B
2402,28910.0,0.0,0,0,0,F,20,A,D,D,D,B
2402,28911.0,15.0,0,0,0,F,20,A,D,D,D,B
2402,28912.0,0.0,0,0,0,F,20,A,D,D,D,B
2402,28913.0,0.0,0,0,0,F,20,A,D,D,D,B
2402,28914.0,15.0,0,0,0,F,20,A,D,D,D,B
2402,28915.0,0.0,0,0,0,F,20,A,D,D,D,B
2402,28916.0,0.0,0,0,0,F,20,A,D,D,D,B
2402,28917.0,22.5,0,45,0,F,20,A,D,D,D,B
2402,28918.0,15.0,0,0,0,M,20,A,D,E,E,C
2402,28919.0,0.0,0,0,0,M,20,A,D,E,E,D
2402,28920.0,0.0,0,0,0,M,20,A,D,E,E,D
2402,28921.0,0.0,0,0,0,M,20,B,D,E,E,D
2402,28922.0,3.6,0,0,0,M,20,B,D,E,E,D
2402,28923.0,16.0,0,0,0,M,20,B,D,E,E,D
2402,28924.0,0.0,0,0,0,M,20,B,D,E,E,E
2402,28925.0,14.1,0,15,0,M,20,B,F,F,F,E
2402,28926.0,0.0,0,0,0,M,20,C,F,F,F,E
2402,28927.0,19.2,0,0,0,M,20,E,F,F,F,F
2402,28928.0,0.0,0,0,0,M,20,,,,,
2402,28929.0,0.0,0,0,0,M,20,,,,,
2402,28930.0,0.0,0,0,0,M,20,,,,,
2402,28931.0,0.0,0,0,0,M,20,,,,,
2402,28932.0,0.0,0,0,0,M,20,,,,,
2402,28933.0,15.0,0,0,0,M,20,,,,,
2402,28934.0,0.0,0,0,0,M,20,,,,,
2402,28935.0,0.0,0,0,0,M,20,,,,,
2402,28936.0,0.0,0,0,0,M,20,,,,,
2402,28937.0,0.0,0,0,0,M,20,,,,,
2402,28938.0,16.0,0,0,0,M,20,,,,,
2402,28939.0,0.0,0,0,0,M,20,,,,,
2402,28940.0,15.0,15,5,0,M,20,,,,,
2402,28941.0,9.1,20,0,40,M,20,,,,,
2402,28942.0,9.2,45,75,15,M,20,,,,,
2402,28943.0,6.0,0,0,10,M,20,,,,,
2402,28944.0,17.0,40,45,70,M,20,,,,,
2402,28945.0,7.5,0,0,0,M,20,,,,,
2402,28946.0,7.5,0,0,0,M,20,,,,,
2402,28947.0,7.5,0,0,0,M,20,,,,,
2402,28948.0,17.5,0,0,0,M,20,,,,,
2402,28949.0,7.5,0,0,0,M,20,,,,,
2402,28950.0,7.5,0,0,0,M,20,,,,,
2402,28951.0,7.5,0,0,0,M,20,,,,,
2402,28952.0,20.7,20,0,40,M,20,,,,,
2402,28953.0,7.5,0,0,0,M,20,,,,,
2402,28954.0,7.5,0,0,0,M,20,,,,,
2402,28955.0,16.4,0,0,0,M,20,,,,,
2402,28956.0,19.3,0,0,0,M,20,,,,,
2402,28957.0,7.5,0,0,0,M,20,,,,,
2402,28958.0,0.0,10,0,40,M,20,,,,,
2402,28959.0,7.5,0,0,0,M,20,,,,,
2402,28960.0,7.5,0,0,0,M,20,,,,,
2402,28961.0,7.5,0,0,0,M,20,,,,,
2402,28962.0,7.5,0,0,0,M,20,,,,,
2402,28963.0,7.5,0,0,0,M,20,,,,,
2402,28964.0,7.5,0,0,0,M,20,,,,,
2402,28965.0,7.5,30,0,45,M,20,,,,,
2402,28966.0,7.5,50,0,30,M,20,,,,,
2402,28967.0,7.5,0,0,0,M,20,,,,,
2402,28968.0,7.5,0,0,0,M,20,,,,,
2402,28969.0,7.5,0,0,0,M,20,,,,,
2402,28970.0,7.5,0,0,0,M,20,,,,,
3002,28971.0,13.9,0,0,0,F,20,A,A,A,A,A
3002,28972.0,6.4,0,50,0,F,20,A,A,A,A,A
3002,28973.0,9.5,0,50,10,F,20,A,A,A,A,A
3002,28974.0,6.4,0,10,0,F,20,A,A,A,A,A
3002,28975.0,7.5,0,0,0,F,20,A,A,A,A,A
3002,28976.0,7.5,0,0,0,F,20,A,A,A,A,A
3002,28977.0,0.0,0,0,0,F,20,A,A,A,B,A
3002,28978.0,7.5,0,0,0,F,20,A,A,B,B,A
3002,28979.0,7.5,0,0,0,F,20,A,A,B,B,A
3002,28980.0,7.5,0,0,0,F,20,A,A,B,B,A
3002,28981.0,7.5,0,0,0,F,20,A,A,B,B,A
3002,28982.0,17.6,0,0,0,F,20,A,B,B,B,A
3002,28983.0,16.8,50,90,20,F,20,A,B,B,B,A
3002,28984.0,7.5,0,0,0,F,20,A,B,B,B,A
3002,28985.0,9.1,10,0,0,F,20,A,B,B,B,A
3002,28986.0,27.4,30,25,35,F,20,A,B,B,C,A
3002,28987.0,0.0,0,0,0,F,20,A,B,B,C,A
3002,28988.0,7.5,0,0,0,F,20,A,B,B,C,A
3002,28989.0,12.7,50,60,0,F,20,A,B,B,C,A
3002,28990.0,0.0,0,0,0,F,20,A,C,B,C,A
3002,28991.0,7.5,0,0,0,F,20,A,C,B,C,A
3002,28992.0,7.5,0,0,0,F,20,A,C,B,C,A
3002,28993.0,7.5,0,0,0,F,20,A,D,B,C,A
3002,28994.0,7.5,0,0,0,F,20,A,D,B,C,A
3002,28995.0,7.5,0,0,0,F,20,A,D,C,C,A
3002,28996.0,7.5,0,0,0,F,20,A,D,C,C,A
3002,28997.0,7.5,0,0,0,F,20,A,D,C,C,A
3002,28998.0,7.5,0,0,0,F,20,A,D,C,C,A
3002,28999.0,7.5,0,0,0,F,20,A,D,C,C,A
3002,29000.0,14.3,15,0,0,M,20,A,D,C,D,A
3002,29001.0,7.5,0,0,0,M,20,A,D,C,D,B
3002,29002.0,7.5,0,0,0,M,20,A,D,C,D,B
3002,29003.0,7.5,0,0,0,M,20,A,D,D,D,B
3002,29004.0,7.5,0,0,0,M,20,A,D,D,D,B
3002,29005.0,7.5,0,0,0,M,20,A,D,D,D,B
3002,29006.0,17.0,10,0,0,M,20,A,D,D,D,B
3002,29007.0,7.5,0,0,0,M,20,A,D,D,D,B
3002,29008.0,17.5,25,55,0,M,20,A,D,D,D,B
3002,29009.0,7.5,0,0,0,M,20,A,D,D,D,B
3002,29010.0,7.5,0,0,0,M,20,A,D,D,D,B
3002,29011.0,7.5,0,0,0,M,20,A,D,D,D,B
3002,29012.0,7.5,0,0,0,M,20,A,D,D,D,B
3002,29013.0,7.5,0,0,0,M,20,A,D,D,D,B
3002,29014.0,7.5,0,0,0,M,20,A,D,D,D,B
3002,29015.0,3.0,20,0,10,M,20,A,D,D,D,B
3002,29016.0,7.5,0,0,0,M,20,A,D,D,D,B
3002,29017.0,7.5,0,0,0,M,20,A,D,D,D,B
3002,29018.0,7.5,0,0,0,M,20,A,D,D,D,B
3002,29019.0,7.5,0,0,0,M,20,A,D,D,D,B
3002,29020.0,7.5,0,0,0,M,20,A,D,D,D,B
3002,29021.0,7.5,0,0,0,M,20,A,D,D,D,B
3002,29022.0,0.0,30,0,20,M,20,A,D,D,D,B
3002,29023.0,7.5,0,0,0,M,20,B,D,D,D,B
3002,29024.0,7.5,0,0,0,M,20,B,D,D,D,B
3002,29025.0,0.0,10,30,10,M,20,B,D,D,D,B
3002,29026.0,18.4,0,0,0,M,20,B,D,D,D,B
3002,29027.0,7.5,0,0,0,M,20,B,D,D,D,B
3002,29028.0,7.5,0,0,0,M,20,B,D,D,D,C
3202,29029.0,9.5,30,0,0,F,20,A,A,A,A,A
3202,29030.0,7.5,0,0,0,F,20,A,A,B,B,A
3202,29031.0,7.4,0,0,0,F,20,A,A,B,B,A
3202,29032.0,7.5,0,0,0,F,20,A,A,B,B,A
3202,29033.0,7.5,0,0,0,F,20,A,A,B,B,A
3202,29034.0,7.5,0,0,0,F,20,A,B,B,B,A
3202,29035.0,7.5,0,0,0,F,20,A,B,B,B,A
3202,29036.0,9.5,10,20,30,F,20,A,B,B,B,A
3202,29037.0,7.5,0,0,0,F,20,A,B,B,C,A
3202,29038.0,7.5,0,0,0,F,20,A,B,B,C,A
3202,29039.0,7.5,0,0,0,F,20,A,D,C,D,A
3202,29040.0,22.2,10,25,15,F,20,A,D,C,D,A
3202,29041.0,7.5,0,0,0,F,20,A,D,C,D,B
3202,29042.0,7.5,50,5,20,M,20,A,D,C,D,B
3202,29043.0,7.5,0,0,0,M,20,A,D,C,D,B
3202,29044.0,7.5,0,0,0,M,20,A,D,C,D,B
3202,29045.0,15.3,50,30,0,M,20,,,,,
3202,29046.0,7.5,0,0,0,M,20,,,,,
3202,29047.0,7.5,0,0,0,M,20,,,,,
5401,29048.0,7.5,0,0,0,F,20,A,A,A,C,A
5401,29049.0,7.5,0,0,0,F,20,A,A,B,C,B
5401,29050.0,23.5,20,15,5,F,20,A,A,B,D,B
5401,29051.0,7.5,0,0,0,F,20,A,A,C,D,B
5401,29052.0,7.5,0,0,0,F,20,A,B,C,D,B
5401,29053.0,7.5,0,0,0,F,20,A,D,D,D,B
5401,29054.0,7.5,0,0,0,F,20,A,D,D,D,B
5401,29055.0,7.5,20,40,15,F,20,A,D,D,D,C
5401,29056.0,7.5,0,0,0,F,20,A,D,D,D,D
5401,29057.0,7.5,0,0,0,F,20,A,D,D,D,D
4004,29058.0,7.5,0,0,0,M,20,A,A,B,D,B
4004,29059.0,7.5,0,0,0,M,20,A,A,C,D,B
4004,29060.0,7.5,0,0,0,M,20,A,A,C,D,B
4004,29061.0,7.5,0,0,0,M,20,A,A,C,D,B
4004,29062.0,7.5,0,0,0,M,20,A,A,C,D,B
4004,29063.0,7.5,0,0,0,M,20,A,A,C,D,B
4004,29064.0,7.5,0,0,0,M,20,A,A,D,D,B
4004,29065.0,7.5,0,0,0,M,20,A,A,D,D,B
4004,29066.0,7.5,0,0,0,M,20,A,A,D,D,B
4004,29067.0,7.5,0,0,0,M,20,A,A,D,D,B
4004,29068.0,7.5,0,0,0,M,20,A,A,D,D,B
4004,29069.0,7.5,0,0,0,M,20,A,B,D,D,B
4004,29070.0,7.5,0,0,0,M,20,A,B,D,D,B
4004,29071.0,8.5,20,30,15,M,20,A,B,D,D,B
4004,29072.0,7.5,0,0,0,M,20,A,B,D,D,C
4004,29073.0,7.5,0,0,0,M,20,A,D,D,D,C
4004,29074.0,0.0,0,0,0,M,20,A,D,D,D,C
4004,29075.0,7.5,0,0,0,M,20,A,D,D,E,C
4004,29076.0,4.4,0,0,0,M,20,A,D,D,E,C
4004,29077.0,18.0,0,0,0,M,20,A,D,D,E,D
4004,29078.0,13.1,30,0,10,M,20,A,D,D,E,D
4004,29079.0,1.6,0,20,0,M,20,A,D,E,E,D
4004,29080.0,1.0,0,0,0,M,20,A,D,E,E,E
4004,29081.0,17.0,0,0,0,M,20,A,D,E,E,E
4004,29082.0,10.1,50,10,0,M,20,A,D,E,E,E
4004,29083.0,12.7,30,0,25,M,20,A,D,E,E,E
4004,29084.0,17.0,0,0,0,M,20,A,D,E,E,E
4004,29085.0,4.6,0,0,0,M,20,A,D,E,F,E
4004,29086.0,35.6,0,35,0,M,20,A,D,E,F,E
4004,29087.0,17.0,0,0,0,M,20,A,D,E,F,E
4004,29088.0,17.0,0,0,0,M,20,A,D,E,F,E
4004,29089.0,15.5,10,15,0,M,20,A,D,E,F,F
4004,29090.0,20.0,0,0,0,M,20,B,D,F,F,F
4004,29091.0,7.8,10,0,0,M,20,B,D,F,F,F
4004,29092.0,28.9,0,0,0,M,20,B,E,F,F,F
4004,29093.0,3.4,0,0,30,M,20,E,F,F,F,G
1501,29094.0,35.2,25,15,0,F,20,A,A,A,B,A
1501,29095.0,8.0,0,0,0,F,20,A,A,A,B,A
1501,29096.0,24.0,0,35,5,F,20,A,A,A,B,A
1501,29097.0,4.4,10,15,0,F,20,A,A,B,B,A
1501,29098.0,30.0,0,0,0,F,20,A,A,B,C,A
1501,29099.0,7.5,0,45,0,F,20,A,A,B,C,A
1501,29100.0,9.5,0,0,0,F,20,A,A,B,D,A
1501,29101.0,17.1,0,0,25,F,20,A,B,B,D,A
1501,29102.0,6.8,30,50,0,F,20,A,B,B,D,A
1501,29103.0,30.0,0,0,0,F,20,A,B,C,D,A
1501,29104.0,13.5,90,0,20,F,20,A,B,D,D,B
1501,29105.0,3.2,100,0,5,F,20,A,B,D,D,B
1501,29106.0,14.5,0,0,0,F,20,A,D,D,D,B
1501,29107.0,1.0,0,0,0,F,20,A,D,D,D,B
1501,29108.0,7.5,0,45,0,F,20,A,D,D,D,B
1501,29109.0,17.0,0,0,0,F,20,A,D,D,D,B
1501,29110.0,13.7,0,20,0,F,20,A,D,D,D,B
1501,29111.0,1.0,0,0,0,M,20,A,D,D,D,B
1501,29112.0,14.3,0,0,0,M,20,A,D,D,D,B
1501,29113.0,23.6,25,20,0,M,20,A,D,D,D,B
1501,29114.0,16.1,75,0,0,M,20,A,D,D,D,B
1501,29115.0,12.5,50,50,0,M,20,A,D,D,D,C
1501,29116.0,1.0,0,0,0,M,20,A,D,D,E,C
1501,29117.0,7.5,0,45,0,M,20,A,D,D,E,C
1501,29118.0,14.1,0,10,0,M,20,A,D,E,F,C
1501,29119.0,18.8,0,0,0,M,20,B,D,E,F,C
1501,29120.0,30.0,0,0,0,M,20,E,F,E,F,F
1501,29121.0,11.3,10,30,10,M,20,,,,,
1601,29122.0,29.9,0,0,0,F,20,A,A,B,B,A
1601,29123.0,17.0,0,0,0,F,20,A,A,C,B,A
1601,29124.0,3.2,20,0,10,F,20,A,A,C,C,A
1601,29125.0,17.0,15,0,0,F,20,A,A,C,C,A
1601,29126.0,4.0,20,60,20,F,20,A,A,C,C,A
1601,29127.0,3.2,30,0,0,F,20,A,A,C,C,B
1601,29128.0,15.0,0,0,0,F,20,A,A,C,D,B
1601,29129.0,12.3,0,25,0,F,20,A,A,D,D,B
1601,29130.0,15.0,0,0,0,F,20,A,B,D,D,B
1601,29131.0,7.0,0,40,20,F,20,A,B,D,D,B
1601,29132.0,24.5,10,20,10,F,20,A,B,D,D,B
1601,29133.0,11.3,30,20,5,F,20,A,D,D,D,B
1601,29134.0,15.0,0,0,0,M,20,A,D,D,D,C
1601,29135.0,4.8,0,0,0,M,20,A,D,D,D,C
1601,29136.0,15.7,70,20,0,M,20,A,D,D,E,C
1601,29137.0,14.3,0,20,0,M,20,A,D,E,E,D
1601,29138.0,15.0,0,0,0,M,20,A,D,E,E,E
2402,29139.0,17.1,0,0,0,F,20,A,A,D,D,B
2402,29140.0,15.0,0,0,0,F,20,A,A,D,D,B
2402,29141.0,15.0,0,0,0,F,20,A,A,D,D,B
2402,29142.0,5.0,0,0,0,F,20,A,A,D,D,C
2402,29143.0,15.0,0,0,0,M,20,A,A,D,D,C
2402,29144.0,3.8,20,5,5,M,20,A,A,D,D,C
2402,29145.0,7.5,5,0,0,M,20,A,A,E,E,C
2402,29146.0,33.6,25,30,0,M,20,A,A,E,E,C
2402,29147.0,3.6,30,0,0,M,28,A,B,E,E,C
904,29148.0,15.0,0,0,0,F,20,A,A,B,B,A
904,29149.0,15.0,0,0,0,F,20,A,A,B,B,A
904,29150.0,15.0,0,0,0,F,20,A,A,B,B,A
904,29151.0,12.3,0,15,0,F,20,A,A,B,B,A
904,29152.0,15.0,0,0,0,F,20,A,A,B,B,A
904,29153.0,15.0,0,0,0,F,20,A,A,B,B,A
904,29154.0,10.4,0,30,0,F,20,A,A,B,B,A
904,29155.0,15.0,0,0,0,F,20,A,A,B,B,A
904,29156.0,15.0,0,0,0,F,20,A,A,B,C,A
904,29157.0,15.0,0,0,0,F,20,A,A,B,C,B
904,29158.0,15.0,0,15,0,F,20,A,A,B,C,B
904,29159.0,15.0,0,0,0,F,20,A,A,B,C,B
904,29160.0,15.0,0,0,0,F,20,A,A,B,C,B
904,29161.0,17.3,0,0,0,F,20,A,A,C,C,B
904,29162.0,4.8,0,0,0,F,20,A,A,C,C,B
904,29163.0,2.4,40,0,0,F,20,A,A,C,D,B
904,29164.0,10.5,0,30,0,F,20,A,B,C,D,B
904,29165.0,7.5,5,0,0,M,20,C,D,E,F,D
904,29166.0,15.0,0,0,0,M,20,C,D,E,F,D
904,29167.0,6.0,10,0,5,M,20,D,D,E,F,E
904,29168.0,14.7,30,0,0,M,20,E,D,E,F,E
904,29169.0,16.3,30,60,5,M,20,E,D,E,F,E
904,29170.0,16.4,10,0,10,M,20,E,F,E,F,E
904,29171.0,3.6,20,0,10,M,20,E,F,E,F,E
904,29172.0,16.5,40,45,10,M,20,,,,,
904,29173.0,11.1,35,20,0,M,20,,,,,
904,29174.0,7.5,0,0,5,M,20,,,,,
4004,29175.0,13.3,0,20,0,M,20,A,A,C,D,C
4004,29176.0,15.0,0,0,10,M,20,A,A,C,D,C
4004,29177.0,30.9,0,0,0,M,20,A,A,C,D,C
4004,29178.0,15.0,80,80,20,M,20,A,A,C,D,D
4004,29179.0,7.5,0,10,0,M,20,A,A,C,D,D
4004,29180.0,12.3,0,20,0,M,20,A,A,D,D,D
4004,29181.0,18.6,0,35,30,M,20,A,A,D,D,D
4004,29182.0,11.7,30,15,10,M,20,A,A,D,D,D
4004,29183.0,10.3,0,0,0,M,20,A,A,D,D,D
4004,29184.0,15.0,25,0,0,M,20,A,A,D,D,D
4004,29185.0,13.9,0,0,15,M,20,A,A,D,D,D
4004,29186.0,8.1,0,5,0,M,20,A,D,D,E,E
4004,29187.0,8.5,0,0,0,M,20,A,D,D,E,E
4004,29188.0,19.6,0,0,0,M,20,A,D,D,E,E
4004,29189.0,1.0,25,5,20,M,20,A,D,E,E,E
4004,29190.0,31.2,0,0,0,M,20,A,D,E,E,E
4004,29191.0,10.7,30,20,10,M,20,A,D,E,E,F
4004,29192.0,8.6,50,0,10,M,20,A,F,E,F,F
4004,29193.0,5.2,0,0,0,M,20,B,F,F,F,F
4004,29194.0,30.1,80,0,0,M,20,B,F,F,F,F
3202,29195.0,16.1,25,0,0,M,20,,,,,
4004,29196.0,17.7,0,0,0,F,20,A,A,A,B,A
4004,29197.0,8.5,0,45,0,F,20,A,A,A,B,A
4004,29198.0,8.5,0,0,0,F,20,A,A,B,B,A
4004,29199.0,16.3,25,0,0,F,20,A,A,B,B,A
4004,29200.0,15.1,0,0,0,F,20,A,A,B,B,B
4004,29201.0,15.1,0,0,0,F,20,A,A,B,C,B
4004,29202.0,8.2,0,45,0,F,20,A,A,B,C,B
4004,29203.0,2.0,45,0,0,F,20,A,A,B,C,B
4004,29204.0,7.5,0,0,0,M,20,A,A,D,D,C
4004,29205.0,8.9,0,0,0,M,20,A,A,D,D,C
4004,29206.0,5.0,30,70,0,M,20,A,A,D,D,C
4004,29207.0,7.5,0,0,0,M,20,A,A,D,D,C
4004,29208.0,7.5,0,0,0,M,20,A,A,D,D,C
4004,29209.0,30.0,0,0,0,M,20,A,A,D,D,C
4004,29210.0,7.5,0,0,0,M,20,A,A,D,D,C
4004,29211.0,7.5,0,0,0,M,20,A,A,D,D,C
4004,29212.0,8.9,50,25,0,M,20,A,A,D,D,C
4004,29213.0,10.7,0,0,0,M,20,A,A,D,D,C
4004,29214.0,31.4,0,0,0,M,20,A,A,D,D,C
4004,29215.0,5.8,0,0,0,M,20,A,A,D,D,C
4004,29216.0,10.1,0,35,0,M,20,A,A,D,E,D
4004,29217.0,30.0,0,0,0,M,20,A,A,D,E,D
4004,29218.0,18.2,0,0,0,M,20,A,A,D,E,D
4004,29219.0,17.9,0,0,0,M,20,A,A,D,E,D
4004,29220.0,30.0,0,0,0,M,20,A,A,D,E,D
4004,29221.0,9.1,0,0,0,M,20,A,A,D,E,E
4004,29222.0,18.6,0,0,10,M,20,A,A,D,E,E
4004,29223.0,8.5,0,0,5,M,20,A,A,D,E,E
4004,29224.0,1.4,10,0,40,M,20,A,A,D,E,E
4004,29225.0,4.0,35,0,0,M,20,A,B,E,E,E
4004,29226.0,14.7,35,0,0,M,20,A,B,E,E,E
4004,29227.0,12.8,50,0,0,M,20,A,C,E,E,E
4004,29228.0,11.7,30,70,30,M,20,A,C,E,E,E
4004,29229.0,18.0,0,0,0,M,20,A,C,E,E,E
4004,29230.0,19.2,50,0,30,M,20,A,C,E,E,E
4004,29231.0,1.4,50,0,0,M,20,A,C,E,E,E
4004,29232.0,17.5,25,0,0,M,20,A,C,E,E,E
4004,29233.0,30.0,0,0,0,M,20,A,C,E,E,E
4004,29234.0,7.5,0,0,0,M,20,A,D,E,E,F
4004,29235.0,11.9,0,25,0,M,20,A,D,E,E,F
4004,29236.0,9.7,10,30,0,M,20,A,D,E,E,F
4004,29237.0,13.3,0,15,0,M,20,A,D,E,E,F
4004,29238.0,2.0,0,0,0,M,20,A,D,E,E,F
1602,29239.0,3.2,10,0,0,F,20,A,A,C,D,B
1602,29240.0,11.7,0,0,30,F,20,A,A,C,D,B
1602,29241.0,17.6,20,0,0,F,20,A,A,C,D,B
1602,29242.0,15.0,0,35,0,F,20,A,A,C,D,B
1602,29243.0,30.0,0,0,0,F,20,A,A,C,D,B
1602,29244.0,4.4,30,5,0,F,20,A,A,C,D,B
1602,29245.0,10.5,0,20,15,F,20,A,A,C,D,B
1602,29246.0,30.5,0,0,0,F,20,A,A,C,D,B
1602,29247.0,7.5,30,0,0,F,20,A,A,D,D,B
1602,29248.0,9.5,0,0,0,F,20,A,A,D,D,B
1602,29249.0,5.0,0,0,0,F,20,A,A,D,D,B
1602,29250.0,2.6,0,0,0,F,20,A,A,D,D,B
1602,29251.0,31.6,0,0,0,F,20,A,A,D,D,B
1602,29252.0,0.0,0,0,0,F,20,A,A,D,D,B
1602,29253.0,2.8,0,45,0,F,20,A,A,D,D,C
1602,29254.0,29.8,0,0,0,F,20,A,A,D,D,C
1602,29255.0,6.0,40,0,0,F,20,A,A,D,D,C
1602,29256.0,14.5,30,60,25,F,20,A,A,D,D,C
1602,29257.0,6.4,20,0,0,F,20,A,A,D,D,C
1602,29258.0,14.5,5,25,10,F,20,A,A,D,E,C
1602,29259.0,26.5,30,5,0,F,20,A,A,D,E,C
1602,29260.0,13.3,25,0,30,F,20,A,A,D,E,C
1602,29261.0,13.5,70,50,0,F,20,A,B,D,E,D
1602,29262.0,23.4,10,45,0,F,20,A,B,E,E,D
1602,29263.0,24.2,0,40,0,F,20,A,B,E,E,D
1602,29264.0,0.0,0,0,0,F,20,A,C,E,E,D
1602,29265.0,19.3,10,65,0,M,20,A,C,E,E,D
1602,29266.0,9.4,0,0,0,M,20,A,D,E,E,D
1602,29267.0,31.5,0,0,0,M,20,A,D,E,E,D
1602,29268.0,18.6,0,0,0,M,20,A,D,E,E,D
1602,29269.0,8.4,75,35,30,M,20,A,D,E,E,E
1602,29270.0,9.5,0,0,0,M,20,A,D,E,E,E
1602,29271.0,20.8,75,0,0,M,20,A,D,F,E,E
1602,29272.0,27.7,10,0,0,M,20,B,D,F,F,F
1602,29273.0,3.6,10,0,30,M,20,E,E,F,F,F
1602,29274.0,8.4,50,0,30,M,20,,,,,
1602,29275.0,2.4,0,0,0,M,20,,,,,
1602,29276.0,7.5,15,0,0,M,20,,,,,
1602,29277.0,15.7,0,0,10,M,20,,,,,
1602,29278.0,29.1,0,0,0,M,20,,,,,
1402,29279.0,20.6,0,0,0,M,20,A,A,D,D,B
1402,29280.0,6.2,0,0,0,M,20,A,A,D,D,B
1402,29281.0,30.3,0,0,0,M,20,A,A,D,D,B
1402,29282.0,18.6,0,0,0,M,20,A,A,D,D,B
1402,29283.0,18.4,0,0,0,M,20,A,A,D,D,B
1402,29284.0,20.4,30,35,10,M,20,A,A,D,D,B
1402,29285.0,23.5,15,30,10,M,20,A,B,D,D,B
1402,29286.0,18.0,10,60,20,M,20,A,B,D,D,C
1402,29287.0,5.0,20,0,10,M,20,A,B,D,D,C
1402,29288.0,7.5,0,15,0,M,20,A,B,E,E,C
1402,29289.0,20.6,0,0,0,M,20,A,D,E,E,D
1402,29290.0,9.5,0,0,0,M,20,A,D,E,E,D
702,29291.0,7.5,15,0,0,F,20,A,A,B,B,A
702,29292.0,17.5,0,0,0,F,20,A,A,B,B,B
702,29293.0,2.4,15,20,15,F,20,A,A,B,B,B
702,29294.0,1.4,10,0,0,F,20,A,A,B,B,B
702,29295.0,19.0,0,0,0,F,20,A,A,C,C,B
702,29296.0,16.9,15,0,0,F,20,A,A,C,C,B
702,29297.0,21.0,0,0,0,F,20,A,A,C,D,B
702,29298.0,9.9,0,0,0,F,20,A,A,D,D,B
702,29299.0,6.6,0,0,0,F,20,A,A,D,D,B
702,29300.0,27.8,0,20,0,F,20,A,A,D,D,B
702,29301.0,0.0,0,20,0,F,20,A,A,D,D,B
702,29302.0,15.0,0,0,10,F,20,A,A,D,D,B
702,29303.0,2.4,30,0,20,F,20,A,A,D,D,C
702,29304.0,4.2,20,20,0,F,20,A,A,D,D,C
702,29305.0,7.4,25,0,0,M,20,A,A,D,D,C
702,29306.0,16.3,30,0,0,M,20,A,B,D,D,C
702,29307.0,30.9,0,0,0,M,20,A,D,E,E,E
702,29308.0,28.9,25,0,0,M,20,A,D,F,E,E
702,29309.0,18.3,25,0,0,M,20,A,D,F,F,F
702,29310.0,11.5,0,0,0,M,20,A,F,F,F,F
702,29311.0,30.9,0,0,0,M,20,,,,,
5401,29312.0,15.0,25,15,0,F,20,A,A,A,B,A
5401,29313.0,6.4,0,0,0,F,20,A,A,B,B,A
5401,29314.0,21.3,20,40,0,F,20,A,A,B,B,A
5401,29315.0,8.5,0,0,0,F,20,A,A,B,B,A
5401,29316.0,19.4,30,15,40,F,20,A,A,B,B,A
5401,29317.0,7.5,0,60,0,F,20,A,A,B,B,A
5401,29318.0,24.6,50,0,0,F,20,A,A,B,B,A
5401,29319.0,12.7,10,5,40,F,20,A,A,B,C,A
5401,29320.0,26.0,40,0,0,F,20,A,A,B,C,A
5401,29321.0,11.2,0,45,20,F,20,A,A,B,C,A
5401,29322.0,27.1,40,45,20,F,20,A,A,B,C,A
5401,29323.0,7.5,25,0,0,F,20,A,A,B,C,A
5401,29324.0,18.7,0,0,0,F,20,A,A,B,C,A
5401,29325.0,17.8,0,0,0,F,20,A,A,B,C,A
5401,29326.0,15.0,0,0,0,F,20,A,A,B,C,A
5401,29327.0,8.5,0,0,10,F,20,A,A,C,C,A
5401,29328.0,15.0,0,40,0,F,20,A,A,C,C,A
5401,29329.0,16.4,0,0,0,F,20,A,A,C,C,A
5401,29330.0,17.6,0,0,0,F,20,A,A,C,C,A
5401,29331.0,15.0,0,10,0,F,20,A,A,C,D,A
5401,29332.0,16.6,0,0,0,F,20,A,A,C,D,A
5401,29333.0,8.9,70,0,10,F,20,A,A,C,D,A
5401,29334.0,21.0,0,0,0,F,20,A,A,C,D,A
5401,29335.0,26.5,40,0,0,F,20,A,A,D,D,C
5401,29336.0,19.4,0,0,0,F,20,A,A,D,D,C
5401,29337.0,7.0,0,0,0,F,20,A,A,D,D,C
5401,29338.0,30.0,0,0,0,F,20,A,A,D,D,C
5401,29339.0,19.4,0,0,0,F,20,A,A,D,D,C
5401,29340.0,3.4,0,0,0,F,20,A,A,D,E,C
5401,29341.0,3.2,0,0,0,F,20,A,A,D,E,C
5401,29342.0,16.3,0,20,0,F,20,A,A,D,E,C
5401,29343.0,19.4,0,0,0,F,20,A,A,D,E,C
5401,29344.0,11.9,0,0,0,F,20,A,A,D,E,C
5401,29345.0,10.4,0,0,0,F,20,A,A,D,E,C
5401,29346.0,11.7,0,0,0,F,20,A,A,D,E,C
5401,29347.0,11.9,0,0,0,F,20,A,A,D,E,C
5401,29348.0,10.1,0,0,0,F,20,A,A,D,E,D
5401,29349.0,18.8,30,0,0,F,20,A,A,D,E,D
5401,29350.0,2.6,10,0,40,M,20,A,B,E,E,D
5401,29351.0,15.3,40,0,0,M,20,A,B,E,E,D
5401,29352.0,30.1,0,0,0,M,20,A,B,E,E,D
5401,29353.0,30.0,0,0,0,M,20,A,B,E,E,D
5401,29354.0,10.4,0,0,0,M,20,A,B,E,E,D
5401,29355.0,7.4,5,0,15,M,20,A,B,E,E,D
5401,29356.0,30.0,0,0,0,M,20,A,B,E,E,E
5401,29357.0,25.5,0,30,0,M,20,A,C,E,E,E
5401,29358.0,12.5,0,30,0,M,38,A,C,E,E,E
5401,29359.0,30.0,0,0,0,M,20,A,D,E,F,E
5401,29360.0,9.5,0,0,5,M,20,A,D,E,F,E
5401,29361.0,22.5,0,40,10,M,20,A,D,E,F,E
5401,29362.0,19.9,10,0,0,M,20,A,D,E,F,E
5401,29363.0,10.1,0,30,15,M,20,A,D,E,F,E
5401,29364.0,32.1,0,0,0,M,20,A,D,E,F,F
5401,29365.0,30.0,0,0,0,M,20,A,D,E,F,F
5401,29366.0,10.7,20,45,5,M,20,A,D,E,F,F
5401,29367.0,13.1,10,15,0,M,20,A,D,E,F,F
5401,29368.0,30.0,0,0,0,M,20,B,D,F,F,F
5401,29369.0,8.5,0,55,0,M,20,B,D,F,F,F
5401,29370.0,30.0,0,0,0,M,20,E,D,F,F,F
5401,29371.0,2.6,0,45,5,M,20,E,D,F,F,F
5401,29372.0,2.6,40,0,10,M,20,E,D,F,F,F
5401,29373.0,30.6,0,0,0,M,20,E,F,F,F,G
5401,29374.0,17.0,0,0,0,M,20,E,F,F,F,G
5401,29375.0,12.5,30,0,0,M,20,,,,,
5401,29376.0,19.4,0,0,0,M,20,,,,,
5401,29377.0,21.5,35,10,30,M,20,,,,,
5401,29378.0,18.4,0,0,0,M,20,,,,,
5401,29379.0,31.6,0,0,0,M,20,,,,,
5401,29380.0,5.4,0,25,0,M,20,,,,,
5401,29381.0,7.5,0,0,0,M,20,,,,,
5401,29382.0,9.5,0,0,10,M,20,,,,,
3502,29383.0,4.4,55,30,0,F,20,A,A,A,B,A
3502,29384.0,10.7,0,0,0,F,20,A,A,B,B,A
3502,29385.0,10.7,0,0,0,F,20,A,A,B,B,A
3502,29386.0,7.5,0,0,0,F,20,A,A,B,B,A
3502,29387.0,30.0,20,0,0,F,20,A,A,B,C,A
3502,29388.0,9.1,0,0,0,F,20,A,A,B,C,A
3502,29389.0,7.5,0,0,0,F,20,A,A,C,C,B
3502,29390.0,7.5,0,0,0,F,20,A,A,C,C,B
3502,29391.0,7.5,0,0,0,F,20,A,A,C,C,B
3502,29392.0,7.5,0,0,0,F,20,A,A,C,C,B
3502,29393.0,15.0,0,30,0,F,20,A,A,C,C,B
3502,29394.0,7.5,0,0,0,F,20,A,A,C,D,B
3502,29395.0,7.5,0,0,0,F,20,A,A,D,D,B
3502,29396.0,7.5,0,0,0,F,20,A,A,D,D,B
3502,29397.0,7.5,0,0,0,F,20,A,A,D,D,B
3502,29398.0,0.0,0,20,20,M,20,A,A,D,D,B
3502,29399.0,7.5,0,0,0,M,20,A,A,D,D,B
3502,29400.0,16.5,5,0,0,M,20,A,A,D,D,B
3502,29401.0,26.4,25,0,0,M,20,A,A,D,D,B
3502,29402.0,7.5,0,0,0,M,20,A,A,D,D,C
3502,29403.0,7.5,0,0,0,M,20,A,A,D,D,C
3502,29404.0,7.5,0,0,0,M,20,A,A,D,D,C
3502,29405.0,19.6,0,0,0,M,20,A,B,D,D,C
3502,29406.0,7.5,0,0,0,M,20,A,B,D,D,C
3502,29407.0,15.0,30,0,0,M,20,A,B,D,E,C
3502,29408.0,7.5,0,0,0,M,20,A,B,D,E,C
3502,29409.0,15.0,50,0,0,M,20,A,B,E,E,C
3502,29410.0,10.5,0,0,0,M,20,A,B,E,E,C
3502,29411.0,6.0,20,0,10,M,20,A,D,E,E,D
3502,29412.0,15.5,0,20,0,M,20,A,D,E,E,D
3502,29413.0,7.5,0,0,0,M,20,B,D,E,F,E
3502,29414.0,7.5,0,0,0,M,20,B,D,E,F,E
3502,29415.0,7.5,0,0,0,M,20,C,D,E,F,E
3502,29416.0,7.5,20,55,20,M,20,C,D,F,F,F
3502,29417.0,18.3,0,0,0,M,20,E,D,F,F,F
3502,29418.0,7.5,20,0,0,M,20,,,,,
3502,29419.0,11.1,0,20,20,M,20,,,,,
702,29420.0,30.0,0,0,10,F,20,A,A,A,B,A
702,29421.0,19.8,0,0,0,F,20,A,A,B,B,B
702,29422.0,14.3,0,20,0,F,20,A,A,B,B,B
702,29423.0,7.5,20,0,0,F,20,A,A,B,B,B
702,29424.0,19.8,0,40,30,F,20,A,A,B,C,B
702,29425.0,9.2,0,0,0,F,20,A,A,B,C,B
702,29426.0,10.8,0,0,0,F,20,A,A,B,C,B
702,29427.0,21.6,0,60,0,F,20,A,A,C,C,B
702,29428.0,7.5,0,0,0,F,20,A,A,C,C,B
702,29429.0,7.5,0,0,0,F,20,A,A,C,D,B
702,29430.0,7.5,0,0,0,F,20,A,A,D,D,C
702,29431.0,7.5,0,0,0,F,20,A,A,D,D,C
702,29432.0,7.5,0,0,0,M,20,A,A,D,D,C
702,29433.0,42.4,10,0,0,M,20,A,A,D,D,C
702,29434.0,7.5,0,0,0,M,20,A,A,D,D,C
702,29435.0,7.5,0,0,20,M,20,A,A,D,D,C
702,29436.0,7.5,0,0,20,M,20,A,A,D,D,C
702,29437.0,10.1,0,0,5,M,20,A,A,D,D,D
1602,29438.0,12.0,0,35,0,F,20,A,A,B,C,A
1602,29439.0,9.5,10,0,0,F,20,A,A,B,C,A
1602,29440.0,13.5,10,15,0,F,20,A,A,B,C,A
1602,29441.0,7.5,0,0,0,F,20,A,A,C,C,B
1602,29442.0,7.5,0,0,0,F,20,A,A,C,C,B
1602,29443.0,2.6,0,20,0,F,20,A,A,C,C,B
1602,29444.0,25.8,0,30,0,F,20,A,A,C,C,B
1602,29445.0,0.0,25,0,0,F,20,A,A,C,C,B
1602,29446.0,17.4,0,0,30,F,20,A,A,C,C,B
1602,29447.0,18.9,25,0,0,F,20,A,A,D,D,B
1602,29448.0,11.9,20,15,30,F,20,A,A,D,D,B
1602,29449.0,7.5,20,0,0,F,20,A,A,D,D,B
1602,29450.0,8.2,50,0,40,F,20,A,A,D,D,B
1602,29451.0,14.1,30,0,20,F,20,A,A,D,D,B
1602,29452.0,7.5,0,0,0,F,20,A,B,D,D,B
1602,29453.0,7.5,0,0,0,F,20,A,B,D,D,B
1602,29454.0,3.2,0,0,0,F,20,A,B,D,D,B
1602,29455.0,6.2,50,45,10,F,20,A,B,D,D,B
1602,29456.0,16.3,40,45,25,F,20,A,B,D,D,B
1602,29457.0,6.8,35,50,15,F,20,A,C,D,D,B
1602,29458.0,16.5,70,30,10,F,20,A,C,D,D,C
1602,29459.0,7.5,0,0,0,M,20,A,C,D,E,C
1602,29460.0,17.1,0,0,0,M,20,A,D,D,E,C
1602,29461.0,17.1,0,0,0,M,20,A,D,D,E,C
1602,29462.0,10.7,0,0,0,M,20,A,D,D,E,C
1602,29463.0,12.3,75,45,0,M,20,A,D,D,E,C
1602,29464.0,24.4,60,0,0,M,20,,,,,
1602,29465.0,0.0,0,0,0,M,20,,,,,
1602,29466.0,0.0,0,0,0,M,20,,,,,
3502,29467.0,0.0,0,0,0,F,20,A,A,A,A,A
3502,29468.0,0.0,0,0,0,F,20,A,A,A,A,A
3502,29469.0,0.0,0,0,0,F,20,A,A,B,B,A
3502,29470.0,0.0,0,0,0,F,20,A,A,B,C,B
3502,29471.0,23.0,0,0,0,F,20,A,A,B,D,B
3502,29472.0,25.7,0,0,40,F,20,A,A,C,D,B
3502,29473.0,0.0,0,0,0,F,20,A,A,C,D,B
3502,29474.0,0.0,0,0,0,M,20,A,A,D,D,B
3502,29475.0,0.0,0,0,0,M,20,A,A,D,D,B
3502,29476.0,23.6,15,40,10,M,20,A,A,D,D,B
3502,29477.0,31.9,0,0,0,M,20,A,B,D,E,B
3502,29478.0,11.2,0,0,0,M,20,A,D,D,E,C
3502,29479.0,0.0,0,0,0,M,20,A,D,D,E,C
3502,29480.0,32.0,0,0,0,M,20,A,D,D,E,C
3502,29481.0,7.6,0,0,0,M,20,A,D,D,E,C
1402,29482.0,7.5,25,0,0,F,20,A,A,B,B,A
1402,29483.0,13.3,20,35,5,F,20,A,A,B,C,B
1402,29484.0,0.0,0,0,0,F,20,A,A,C,D,B
1402,29485.0,11.1,0,0,0,M,20,A,B,D,E,C
1402,29486.0,23.8,30,15,20,M,20,A,D,D,E,C
1402,29487.0,0.0,0,0,0,M,20,A,D,D,F,C
1402,29488.0,13.1,20,30,10,M,20,A,D,D,F,C
1402,29489.0,2.6,35,0,0,M,20,B,D,F,F,C
702,29490.0,0.0,0,0,0,F,20,A,A,A,A,A
702,29491.0,7.0,0,60,20,F,20,A,A,B,A,A
702,29492.0,0.0,0,0,0,F,20,A,A,B,A,A
702,29493.0,12.7,0,0,0,F,20,A,A,B,B,A
702,29494.0,0.0,0,0,0,F,20,A,A,B,B,A
702,29495.0,0.0,0,0,0,F,20,A,A,B,B,A
702,29496.0,0.0,0,0,0,F,20,A,A,B,B,A
702,29497.0,17.5,0,0,25,F,20,A,A,B,B,A
702,29498.0,17.6,0,0,0,F,20,A,A,B,B,A
702,29499.0,16.3,0,0,15,F,20,A,A,B,B,A
702,29500.0,0.0,0,0,0,F,20,A,A,B,B,A
702,29501.0,0.0,0,0,0,F,20,A,A,B,C,A
702,29502.0,0.0,0,0,0,F,20,A,A,B,C,A
702,29503.0,0.0,0,0,0,F,20,A,A,B,C,A
702,29504.0,22.3,0,0,0,M,20,A,A,B,C,B
702,29505.0,18.4,20,5,0,M,20,A,A,B,C,B
702,29506.0,0.0,0,0,0,M,20,A,B,C,C,B
702,29507.0,18.7,0,0,0,M,20,A,B,C,C,B
702,29508.0,0.0,0,0,0,M,20,A,B,C,D,B
702,29509.0,0.0,0,0,0,M,20,A,B,C,D,B
702,29510.0,6.4,20,0,10,M,20,A,B,C,D,B
702,29511.0,11.1,50,20,5,M,20,A,D,D,D,B
702,29512.0,0.0,0,0,0,M,20,A,D,D,E,C
702,29513.0,17.6,0,30,0,M,20,A,D,D,E,D
702,29514.0,15.0,0,0,0,M,20,A,D,E,E,D
702,29515.0,0.0,0,0,0,M,20,A,D,E,F,E
2001,29516.0,0.0,45,0,0,F,20,A,A,A,B,A
2001,29517.0,0.0,0,0,0,F,20,A,A,A,B,A
2001,29518.0,0.0,0,0,0,F,20,A,A,A,B,A
2001,29519.0,0.0,0,0,0,F,20,A,A,A,B,A
2001,29520.0,0.0,0,0,0,F,20,A,A,B,B,A
2001,29521.0,0.0,0,0,0,F,20,A,A,B,B,A
2001,29522.0,25.8,0,50,0,F,20,A,A,B,B,A
2001,29523.0,0.0,0,0,0,F,20,A,A,B,B,A
2001,29524.0,32.9,0,60,15,F,20,A,A,B,B,A
2001,29525.0,9.7,0,0,0,F,20,A,A,B,B,A
2001,29526.0,0.0,0,0,0,F,20,A,A,B,B,A
2001,29527.0,0.0,0,0,0,F,20,A,A,B,B,A
2001,29528.0,0.0,0,0,0,F,20,A,A,B,B,A
2001,29529.0,7.5,0,15,10,F,20,A,A,B,B,A
2001,29530.0,40.9,25,0,0,F,20,A,A,B,B,A
2001,29531.0,0.0,0,0,0,F,20,A,A,B,B,B
2001,29532.0,0.0,0,0,0,F,20,A,B,C,C,B
2001,29533.0,22.2,20,45,10,F,20,A,B,C,D,B
2001,29534.0,0.0,0,0,0,F,20,A,B,C,D,B
2001,29535.0,0.0,0,0,0,F,20,A,B,C,D,B
1502,29536.0,0.0,0,0,0,F,20,A,A,B,B,A
1502,29537.0,1.0,25,35,10,F,20,A,A,B,B,B
1502,29538.0,1.6,20,40,5,F,20,A,A,B,B,B
1502,29539.0,0.0,0,0,0,F,20,A,A,B,C,B
1502,29540.0,16.0,0,0,40,F,20,A,A,B,C,B
1502,29541.0,10.9,0,0,0,F,20,A,A,C,C,B
1502,29542.0,0.0,0,0,0,F,20,A,B,C,D,B
1502,29543.0,0.0,0,0,0,F,20,A,B,D,D,B
1502,29544.0,0.0,0,0,0,F,20,A,B,D,D,B
1502,29545.0,11.5,25,15,30,F,20,A,C,D,D,B
1502,29546.0,0.0,0,0,0,F,20,A,C,D,D,B
1502,29547.0,0.0,0,0,0,F,20,A,D,D,D,B
1502,29548.0,0.0,0,0,0,F,20,A,D,D,E,C
1502,29549.0,8.8,30,60,0,M,20,A,D,D,E,C
1502,29550.0,17.3,30,60,0,M,20,A,D,D,E,C
1502,29551.0,0.0,0,0,0,M,20,A,D,D,E,C
1502,29552.0,12.1,10,15,15,M,20,A,D,D,E,D
1502,29553.0,11.9,0,10,20,M,20,A,D,E,F,D
1502,29554.0,17.0,0,0,15,M,20,B,D,E,F,D
1502,29555.0,8.2,0,0,0,M,20,B,D,F,F,E
1502,29556.0,12.2,40,0,30,M,20,B,F,F,F,F
4004,29557.0,30.3,25,0,0,F,20,A,A,B,A,A
4004,29558.0,31.9,0,0,0,F,20,A,A,B,B,A
4004,29559.0,3.8,0,40,10,F,20,A,A,B,C,B
4004,29560.0,22.5,0,0,0,F,20,A,A,B,C,B
4004,29561.0,18.0,0,0,0,M,20,A,A,C,D,B
4004,29562.0,11.3,0,45,0,M,20,A,A,C,D,C
4004,29563.0,8.4,10,10,0,M,20,A,A,C,D,C
4004,29564.0,20.3,0,0,0,M,20,A,A,C,D,C
4004,29565.0,14.3,15,0,40,M,20,A,A,C,D,C
4004,29566.0,23.5,0,0,0,M,20,A,A,C,D,C
4004,29567.0,24.5,55,0,0,M,20,A,A,D,D,C
4004,29568.0,22.5,0,0,0,M,20,A,A,D,D,C
4004,29569.0,8.5,0,0,20,M,20,A,A,D,D,D
4004,29570.0,4.6,0,0,0,M,20,A,A,D,E,D
4004,29571.0,12.5,0,35,0,M,20,A,A,D,E,D
4004,29572.0,2.0,0,0,0,M,20,A,A,D,E,D
4004,29573.0,5.0,0,20,0,M,20,A,A,D,E,D
4004,29574.0,11.3,0,0,0,M,20,A,B,D,E,D
4004,29575.0,0.0,0,30,0,M,20,A,B,E,E,D
4004,29576.0,3.2,50,5,0,M,20,A,D,E,F,E
4004,29577.0,17.0,15,0,20,M,20,A,D,E,F,E
4004,29578.0,22.5,0,0,0,M,20,A,D,E,F,E
4004,29579.0,26.0,50,0,0,M,20,A,D,F,F,E
4004,29580.0,22.5,0,0,0,M,20,A,D,F,F,F
4004,29581.0,22.5,0,0,0,M,20,A,D,F,F,F
4004,29582.0,22.5,0,0,0,M,20,A,D,F,F,F
4004,29583.0,27.5,35,5,0,M,20,B,F,F,F,G
3502,29584.0,18.8,15,0,10,F,20,A,A,A,B,A
3502,29585.0,22.5,0,0,0,F,20,A,A,A,B,A
3502,29586.0,12.1,50,20,0,F,20,A,A,B,B,B
3502,29587.0,4.4,0,0,0,F,20,A,A,B,B,B
3502,29588.0,16.4,40,0,0,F,20,A,A,B,B,B
3502,29589.0,8.5,15,5,0,F,20,A,A,C,C,B
3502,29590.0,21.5,35,45,0,F,20,A,A,D,D,B
3502,29591.0,22.5,0,0,0,F,20,A,A,D,D,B
3502,29592.0,0.0,30,0,0,F,20,A,A,D,D,C
3502,29593.0,13.5,0,30,0,F,20,A,A,D,D,C
3502,29594.0,16.7,0,0,40,F,20,A,A,D,E,C
3502,29595.0,22.5,0,0,0,F,20,A,A,D,E,D
3502,29596.0,22.5,0,0,0,F,20,A,A,D,E,D
3502,29597.0,21.8,0,0,0,F,20,A,B,E,E,D
3502,29598.0,22.5,0,0,0,M,20,B,D,F,F,F
3502,29599.0,15.0,0,20,0,M,20,,,,,
3502,29600.0,9.5,20,10,0,M,20,,,,,
3502,29601.0,15.3,75,30,0,M,20,,,,,
3502,29602.0,10.7,0,50,0,M,20,,,,,
3502,29603.0,25.8,25,25,0,M,20,,,,,
3502,29604.0,15.0,25,5,20,M,20,,,,,
3502,29605.0,22.5,0,0,0,M,20,,,,,
3502,29606.0,17.2,0,35,0,M,20,,,,,
3502,29607.0,15.0,25,15,10,M,20,,,,,
3502,29608.0,22.5,0,0,0,M,20,,,,,
3502,29609.0,17.5,60,40,0,M,20,,,,,
3502,29610.0,22.5,0,0,0,M,20,,,,,
3502,29611.0,33.9,0,0,0,M,20,,,,,
702,29612.0,18.0,0,0,0,F,20,A,A,B,B,B
702,29613.0,15.0,50,0,0,F,20,A,A,B,B,B
702,29614.0,0.0,0,30,0,F,20,A,A,C,C,B
702,29615.0,12.5,10,25,0,F,20,A,A,D,C,B
702,29616.0,13.5,25,10,25,F,20,A,A,D,C,B
702,29617.0,22.5,0,0,0,F,20,A,A,D,D,B
702,29618.0,17.0,55,50,5,F,20,A,A,D,D,C
702,29619.0,18.0,0,0,0,F,20,A,A,D,D,C
702,29620.0,17.0,10,15,10,F,20,A,A,D,D,C
702,29621.0,15.0,0,0,50,F,20,A,A,D,D,C
702,29622.0,14.5,30,15,10,F,20,A,A,D,D,C
702,29623.0,32.4,0,0,0,F,20,A,A,D,D,C
702,29624.0,13.5,0,0,30,M,20,A,A,D,D,D
1501,29625.0,10.5,15,55,10,F,20,A,A,D,E,C
1501,29626.0,22.5,0,0,0,F,20,A,B,D,E,C
1501,29627.0,22.5,0,0,0,F,20,A,B,D,E,C
1501,29628.0,7.5,20,0,80,F,20,A,C,D,E,D
1501,29629.0,11.3,0,75,0,F,20,A,C,D,E,D
1501,29630.0,22.5,0,0,0,M,20,,,,,
1501,29631.0,2.0,10,35,20,M,20,,,,,
1501,29632.0,4.8,0,0,0,M,20,,,,,
1501,29633.0,8.5,0,0,0,M,20,,,,,
1501,29634.0,14.7,35,0,20,M,20,,,,,
1501,29635.0,7.5,0,0,0,M,20,,,,,
1501,29636.0,14.3,25,0,40,M,20,,,,,
1501,29637.0,11.8,0,0,0,M,20,,,,,
1402,29638.0,6.4,0,50,30,F,20,A,A,A,B,A
1402,29639.0,9.9,10,5,0,F,20,A,A,B,B,A
1402,29640.0,8.4,0,0,0,M,20,A,A,B,C,A
1402,29641.0,30.0,20,0,0,M,20,A,A,B,C,B
1402,29642.0,4.2,0,0,0,M,20,A,A,B,C,B
1402,29643.0,14.5,0,50,0,M,20,A,A,C,C,B
1402,29644.0,9.6,25,0,0,M,20,A,A,D,D,B
1402,29645.0,16.5,30,5,10,M,20,A,A,D,D,C
1402,29646.0,17.0,25,0,15,M,20,A,A,D,D,C
1402,29647.0,14.3,25,10,0,M,20,A,A,D,D,C
1402,29648.0,20.8,0,0,0,M,20,A,A,D,D,C
1402,29649.0,21.0,0,0,0,M,20,A,A,D,D,C
1402,29650.0,8.4,0,0,0,M,20,A,B,D,D,C
1402,29651.0,20.2,25,0,0,M,20,A,D,E,D,C
1402,29652.0,10.1,10,45,0,M,20,A,D,E,E,C
1402,29653.0,7.5,0,0,30,M,20,A,D,E,E,D
3002,29654.0,5.0,0,0,0,F,20,A,A,A,A,A
3002,29655.0,4.4,30,20,0,F,20,A,A,A,B,A
3002,29656.0,0.0,0,0,5,F,20,A,A,A,B,B
3002,29657.0,15.0,0,0,55,F,20,A,A,B,B,B
3002,29658.0,12.9,0,35,0,F,20,A,A,B,B,B
3002,29659.0,0.0,0,5,0,F,20,A,A,B,B,B
3002,29660.0,7.5,30,0,0,F,20,A,A,B,C,B
3002,29661.0,7.5,45,60,0,F,20,A,A,B,C,B
3002,29662.0,9.5,10,70,10,F,20,A,A,C,C,B
3002,29663.0,11.9,0,0,0,F,20,A,A,C,C,B
3002,29664.0,22.6,0,15,50,F,20,A,A,C,C,B
3002,29665.0,18.4,0,0,0,F,20,A,A,C,C,B
3002,29666.0,0.0,0,5,0,M,20,A,A,D,D,B
3002,29667.0,18.6,0,0,0,M,20,A,A,D,D,C
3002,29668.0,17.0,0,10,0,M,20,A,B,D,D,C
3002,29669.0,4.8,0,0,0,M,20,B,D,E,F,D
3002,29670.0,23.4,25,30,0,M,20,C,D,E,F,D
3002,29671.0,7.5,40,65,0,M,39,D,D,E,F,E
3002,29672.0,19.3,0,0,25,M,20,,,,,
3002,29673.0,13.6,0,0,40,M,20,,,,,
3002,29674.0,11.9,0,0,0,M,20,,,,,
1602,29675.0,22.0,0,0,0,F,20,A,A,C,D,B
1602,29676.0,7.5,0,20,10,F,20,A,A,C,D,B
1602,29677.0,8.5,0,0,0,F,20,A,A,C,D,B
1602,29678.0,11.9,30,45,0,F,20,A,A,C,D,B
1602,29679.0,7.5,55,40,10,F,20,A,A,C,D,B
1602,29680.0,7.5,0,0,30,F,20,A,A,C,D,B
1602,29681.0,10.9,0,0,0,F,20,A,A,D,D,C
1602,29682.0,27.0,15,30,5,F,20,A,A,D,D,C
1602,29683.0,22.5,0,0,0,F,20,A,A,D,D,C
1602,29684.0,23.5,0,0,0,F,20,A,A,D,E,C
1602,29685.0,14.5,0,30,0,F,20,A,A,D,E,C
1602,29686.0,9.0,0,0,0,M,20,A,A,D,E,C
1602,29687.0,22.5,0,0,0,M,20,A,A,D,E,C
1602,29688.0,10.9,0,0,0,M,20,A,A,D,E,D
1602,29689.0,18.2,0,20,0,M,20,A,A,D,E,D
1602,29690.0,15.0,0,25,0,M,20,A,A,D,E,D
1602,29691.0,21.4,0,0,0,M,20,A,B,E,E,D
1602,29692.0,9.0,0,0,0,M,20,A,B,E,E,D
1602,29693.0,19.0,0,0,0,M,20,A,B,E,F,D
1602,29694.0,15.9,10,30,10,M,20,A,D,E,F,E
1602,29695.0,21.2,0,0,0,M,20,A,D,E,F,E
1602,29696.0,10.5,25,15,15,M,20,A,D,E,F,E
1602,29697.0,9.1,0,0,0,M,20,A,D,E,F,E
1602,29698.0,7.5,0,0,50,M,20,A,D,E,F,F
1602,29699.0,22.5,40,0,40,M,20,A,D,F,F,F
1602,29700.0,22.5,0,0,0,M,20,A,F,F,F,F
1602,29701.0,13.9,0,0,0,M,20,A,F,F,F,G
5402,29702.0,17.2,0,20,0,F,20,A,A,A,B,A
5402,29703.0,10.5,30,0,0,F,20,A,A,C,D,B
5402,29704.0,18.8,0,0,0,F,20,A,A,C,D,C
5402,29705.0,13.3,35,20,10,F,20,A,A,C,D,C
5402,29706.0,12.7,50,0,20,F,20,A,A,D,D,C
5402,29707.0,1.0,0,0,0,F,20,A,A,D,D,C
5402,29708.0,30.0,30,0,0,F,20,A,A,D,D,C
5402,29709.0,10.1,15,0,0,F,20,A,A,D,D,C
5402,29710.0,14.5,0,30,0,F,20,A,A,E,D,C
5402,29711.0,1.0,0,0,0,F,20,A,A,E,E,C
5402,29712.0,15.0,0,0,0,F,20,A,B,E,E,D
5402,29713.0,18.7,0,25,0,F,20,A,B,E,E,D
5402,29714.0,5.4,0,0,0,F,20,A,B,E,F,D
5402,29715.0,10.0,15,0,0,F,20,A,B,F,F,E
5402,29716.0,9.9,25,0,0,F,20,C,D,F,F,E
5402,29717.0,7.2,0,0,0,F,20,E,D,F,F,F
5402,29718.0,17.3,10,0,30,M,20,,,,,
5402,29719.0,1.0,0,0,0,M,20,,,,,
2402,29720.0,11.5,15,45,20,F,20,A,A,B,A,A
2402,29721.0,8.5,10,15,0,F,20,A,A,B,B,A
2402,29722.0,9.1,0,0,0,F,20,A,A,B,B,A
2402,29723.0,1.0,0,0,0,F,20,A,A,B,B,A
2402,29724.0,16.3,0,15,0,F,20,A,A,B,B,A
2402,29725.0,16.0,30,0,20,F,20,A,A,B,B,A
2402,29726.0,16.0,0,50,0,F,20,A,A,B,B,A
2402,29727.0,22.5,30,50,0,F,20,A,A,B,B,A
2402,29728.0,22.0,0,5,5,F,20,A,A,C,C,B
2402,29729.0,6.4,30,0,10,F,20,A,A,C,C,B
2402,29730.0,12.1,35,30,10,F,20,A,A,C,C,B
2402,29731.0,7.5,0,0,0,F,20,A,A,C,C,B
2402,29732.0,22.8,0,0,0,F,20,A,A,C,C,B
2402,29733.0,2.4,15,40,15,F,20,A,A,C,C,B
2402,29734.0,7.5,0,25,0,F,20,A,A,C,C,B
2402,29735.0,7.5,0,0,0,F,20,A,A,C,D,B
2402,29736.0,24.2,75,0,0,F,20,A,A,D,D,B
2402,29737.0,1.6,0,0,0,F,20,A,A,D,D,B
2402,29738.0,2.6,60,0,10,F,20,A,A,D,D,B
2402,29739.0,7.5,0,0,0,F,20,A,A,D,D,B
2402,29740.0,7.5,0,0,0,F,20,A,A,D,D,B
2402,29741.0,5.6,80,50,65,F,20,A,A,D,D,B
2402,29742.0,5.8,0,0,0,F,20,A,A,D,D,B
2402,29743.0,9.5,0,0,0,F,20,A,A,D,D,B
2402,29744.0,7.5,0,0,0,F,20,A,A,D,D,B
2402,29745.0,7.5,0,0,0,F,20,A,A,D,D,B
2402,29746.0,7.5,0,0,0,F,20,A,A,D,D,B
2402,29747.0,9.5,20,0,0,F,20,A,A,D,D,B
2402,29748.0,1.4,0,0,0,F,20,A,A,D,D,B
2402,29749.0,5.6,0,0,0,M,20,A,A,D,D,C
2402,29750.0,7.5,0,0,0,M,20,A,A,D,D,C
2402,29751.0,19.2,0,0,0,M,20,A,A,D,D,C
2402,29752.0,22.5,0,35,30,M,20,A,A,D,D,C
2402,29753.0,12.3,20,10,25,M,20,A,A,D,D,C
2402,29754.0,20.6,10,0,10,M,20,A,A,D,D,C
2402,29755.0,17.0,0,0,15,M,20,A,A,D,D,C
2402,29756.0,0.0,0,0,10,M,20,A,A,D,D,C
2402,29757.0,9.5,0,0,0,M,20,A,A,D,E,C
2402,29758.0,7.5,0,0,0,M,20,A,A,E,E,C
2402,29759.0,23.0,0,0,0,M,20,A,A,E,E,C
2402,29760.0,8.6,35,35,30,M,20,A,A,E,E,C
2402,29761.0,24.2,70,0,0,M,20,A,B,E,E,C
2402,29762.0,7.5,0,0,0,M,20,A,B,E,E,D
2402,29763.0,11.3,0,0,0,M,20,A,B,E,E,D
2402,29764.0,7.5,0,0,0,M,20,A,B,E,E,D
2402,29765.0,27.5,50,0,0,M,20,A,B,E,E,D
2402,29766.0,19.2,0,0,0,M,20,A,B,E,E,D
2402,29767.0,9.4,0,0,0,M,20,A,C,E,F,D
2402,29768.0,14.1,0,40,10,M,20,A,D,E,F,D
2402,29769.0,30.0,0,25,0,M,20,A,D,E,F,E
2402,29770.0,11.9,30,60,0,M,20,A,D,E,F,E
2402,29771.0,19.4,0,0,0,M,20,A,D,E,F,E
2402,29772.0,11.1,0,0,0,M,20,A,D,E,F,E
2402,29773.0,7.5,5,15,15,M,20,A,D,E,F,E
2402,29774.0,14.9,35,0,0,M,20,A,D,E,F,E
2402,29775.0,7.5,0,0,0,M,20,A,D,E,F,E
2402,29776.0,7.5,0,0,0,M,20,A,D,E,F,E
2402,29777.0,19.0,0,0,25,M,20,A,D,F,F,E
2402,29778.0,9.5,0,0,0,M,20,A,D,F,F,E
2402,29779.0,7.5,0,0,0,M,20,B,D,F,F,F
2402,29780.0,7.5,0,0,0,M,20,C,D,F,F,F
2402,29781.0,7.5,0,0,0,M,20,E,D,F,F,F
2402,29782.0,7.5,0,0,0,M,20,,,,,
2402,29783.0,7.5,0,0,0,M,20,,,,,
2402,29784.0,19.1,0,0,0,M,20,,,,,
2402,29785.0,7.5,35,0,0,M,20,,,,,
2402,29786.0,17.0,0,15,30,M,20,,,,,
2402,29787.0,12.1,5,0,0,M,20,,,,,
2402,29788.0,14.9,15,25,20,M,20,,,,,
2402,29789.0,7.5,10,10,15,M,20,,,,,
2402,29790.0,17.0,15,30,0,M,20,,,,,
2402,29791.0,23.8,0,0,0,M,20,,,,,
2402,29792.0,0.0,0,10,0,M,20,,,,,
2402,29793.0,9.5,0,0,0,M,20,,,,,
2402,29794.0,5.6,0,0,0,M,20,,,,,
2402,29795.0,3.8,0,60,0,M,20,,,,,
2402,29796.0,9.5,0,0,0,M,20,,,,,
2402,29797.0,0.0,70,15,0,M,20,,,,,
2402,29798.0,10.1,40,45,5,M,20,,,,,
2402,29799.0,7.5,35,0,0,M,20,,,,,
2402,29800.0,17.0,20,0,25,M,20,,,,,
2402,29801.0,7.5,0,0,0,M,20,,,,,
2402,29802.0,13.3,40,30,0,M,20,,,,,
2402,29803.0,7.5,0,0,0,M,20,,,,,
4004,29804.0,19.2,0,0,0,M,20,A,A,D,D,B
4004,29805.0,5.8,30,45,15,M,20,A,A,D,D,B
4004,29806.0,7.5,0,0,0,M,20,A,A,D,D,B
4004,29807.0,9.5,35,30,0,M,20,A,A,D,D,B
4004,29808.0,0.0,0,10,0,M,20,A,A,D,D,C
4004,29809.0,0.0,30,15,40,M,20,A,A,D,E,C
4004,29810.0,7.5,0,0,0,M,20,A,A,D,E,C
4004,29811.0,9.5,0,0,0,M,20,A,A,E,E,C
4004,29812.0,21.0,25,0,0,M,20,A,A,E,E,C
4004,29813.0,31.0,0,10,0,M,20,A,A,E,E,D
4004,29814.0,23.3,0,45,15,M,20,A,A,E,E,D
4004,29815.0,15.1,80,20,15,M,20,A,A,E,E,D
4004,29816.0,19.4,0,0,0,M,20,A,A,E,E,D
4004,29817.0,7.5,0,0,0,M,20,A,A,E,E,D
4004,29818.0,4.8,0,30,0,M,20,A,A,E,E,D
4004,29819.0,0.0,10,0,0,M,20,A,A,E,E,D
4004,29820.0,11.8,50,0,30,M,20,A,A,E,E,E
4004,29821.0,0.0,0,0,10,M,20,A,C,E,E,E
4004,29822.0,7.5,15,0,20,M,20,A,D,E,F,E
4004,29823.0,18.4,15,0,20,M,20,A,D,E,F,F
4004,29824.0,21.6,0,0,0,M,20,A,D,E,F,F
4004,29825.0,14.5,55,0,0,M,20,A,F,F,F,F
4004,29826.0,11.9,0,0,5,M,20,A,F,F,F,F
4004,29827.0,28.3,20,5,20,M,20,,,,,
3202,29828.0,19.6,0,15,0,F,20,A,A,B,B,A
3202,29829.0,7.5,0,0,0,F,20,A,A,B,B,B
3202,29830.0,14.6,10,60,50,F,20,A,A,B,B,B
3202,29831.0,0.0,0,0,10,F,20,A,A,B,C,B
3202,29832.0,12.5,0,0,0,F,20,A,A,B,C,B
3202,29833.0,1.6,0,0,0,F,20,A,A,B,C,B
3202,29834.0,17.0,50,65,5,F,20,A,A,B,C,B
3202,29835.0,12.7,0,0,0,F,20,A,A,C,C,B
3202,29836.0,7.0,10,0,30,M,20,A,A,C,D,B
3202,29837.0,0.0,0,0,10,M,20,A,A,C,D,B
3202,29838.0,2.0,0,0,0,M,20,A,A,C,D,B
3202,29839.0,10.9,15,0,0,M,20,A,A,C,D,B
3202,29840.0,17.9,0,20,0,M,20,A,A,C,E,C
3202,29841.0,2.0,0,0,0,M,20,A,A,D,E,C
3202,29842.0,17.4,0,30,0,M,20,A,A,D,E,C
3202,29843.0,18.0,75,25,0,M,20,A,A,D,E,C
3202,29844.0,19.8,30,0,0,M,20,A,A,D,E,C
3202,29845.0,22.2,0,0,0,M,20,A,B,D,E,C
3202,29846.0,4.0,70,45,20,M,20,B,B,D,E,C
3202,29847.0,3.6,0,0,0,M,20,C,C,D,E,D
3202,29848.0,21.0,0,0,0,M,20,E,C,E,F,D
3202,29849.0,7.5,0,40,0,M,20,E,D,E,F,D
3202,29850.0,17.1,0,25,0,M,20,E,D,F,F,E
3202,29851.0,22.0,0,0,0,M,20,E,F,F,F,E
4301,29852.0,8.5,5,5,20,F,20,A,A,A,A,A
4301,29853.0,24.1,0,0,0,F,20,A,A,C,C,B
4301,29854.0,10.9,15,0,0,F,20,A,A,D,C,B
4301,29855.0,15.0,30,30,0,M,20,A,A,D,D,B
4301,29856.0,17.5,30,0,0,M,20,A,B,E,D,D
4301,29857.0,33.4,0,0,0,M,20,A,B,E,E,D
4301,29858.0,0.0,0,0,0,M,20,A,C,E,E,E
4301,29859.0,11.5,0,0,0,M,20,B,D,E,E,E
4301,29860.0,0.0,0,0,0,M,20,B,D,E,E,F
4301,29861.0,34.9,0,0,0,M,20,B,D,E,F,F
4301,29862.0,0.0,0,0,0,M,20,B,F,F,F,F
3202,29863.0,16.0,30,0,25,M,20,,,,,
2001,29864.0,27.3,0,50,0,F,20,A,A,A,A,A
2001,29865.0,7.5,0,30,50,F,20,A,A,A,B,A
2001,29866.0,20.8,0,0,0,F,20,A,A,D,D,D
2001,29867.0,0.0,0,0,0,F,20,A,A,D,D,D
2001,29868.0,30.9,30,0,0,F,20,A,A,D,D,D
2001,29869.0,18.6,20,15,0,F,20,A,A,D,D,D
2001,29870.0,7.5,70,30,10,F,20,A,A,D,D,D
2001,29871.0,6.4,20,15,10,F,20,A,A,D,D,D
2001,29872.0,15.5,55,30,30,F,20,A,A,D,D,D
2001,29873.0,15.0,0,30,0,F,20,A,A,D,D,D
2001,29874.0,5.0,35,10,10,F,20,A,A,D,D,D
2001,29875.0,12.8,50,90,10,F,20,A,A,D,D,D
2001,29876.0,7.5,20,15,5,F,20,A,A,D,D,D
2001,29877.0,19.4,25,0,0,F,20,A,A,D,D,D
2001,29878.0,7.5,20,0,20,F,20,A,A,D,D,D
2001,29879.0,18.6,0,25,0,F,20,A,A,D,D,D
2001,29880.0,13.1,0,0,0,F,20,A,A,D,E,D
2001,29881.0,0.0,0,0,0,F,20,A,A,D,E,D
2001,29882.0,16.0,30,5,20,F,20,A,A,D,E,D
2001,29883.0,8.5,30,0,0,F,20,A,A,D,E,D
2001,29884.0,20.7,20,0,5,F,20,A,A,D,E,E
2001,29885.0,8.1,10,0,0,F,20,A,A,D,E,E
2001,29886.0,9.9,0,0,0,F,20,B,A,D,E,E
2001,29887.0,8.0,20,10,5,F,20,B,A,D,E,E
2001,29888.0,16.0,10,45,0,F,20,B,A,D,E,E
2001,29889.0,2.0,40,30,5,F,20,B,B,E,F,E
2001,29890.0,7.5,0,40,0,F,20,B,B,E,F,E
2001,29891.0,10.5,40,50,0,F,20,B,B,E,F,E
2001,29892.0,22.5,0,0,10,F,20,B,C,E,F,E
2001,29893.0,11.5,40,45,0,F,20,B,C,E,F,E
2001,29894.0,8.4,0,20,10,F,20,B,D,E,F,E
2001,29895.0,2.0,0,0,0,F,20,B,D,E,F,E
2001,29896.0,7.5,0,0,0,F,20,B,D,E,F,E
2001,29897.0,6.4,0,0,0,F,20,B,D,E,F,E
2001,29898.0,22.5,0,0,0,F,20,B,D,E,F,F
2001,29899.0,18.7,25,0,0,F,20,B,D,E,F,F
2001,29900.0,4.6,20,0,40,F,20,B,D,F,F,F
2001,29901.0,9.4,30,45,25,F,20,D,F,F,F,F
2001,29902.0,13.5,50,15,10,M,20,E,F,F,F,F
3502,29903.0,22.5,0,0,0,F,20,A,A,A,B,A
3502,29904.0,22.5,0,0,0,F,20,A,A,B,B,A
3502,29905.0,32.8,0,0,20,F,20,A,A,B,B,B
3502,29906.0,7.5,50,0,65,F,20,A,A,B,B,B
3502,29907.0,5.4,30,0,25,F,20,A,A,B,C,B
3502,29908.0,15.0,0,0,0,F,20,A,A,B,C,B
3502,29909.0,22.5,0,0,0,F,20,A,A,B,C,B
3502,29910.0,5.6,0,20,10,F,20,A,A,C,C,B
3502,29911.0,16.5,20,35,0,M,20,A,A,C,C,B
3502,29912.0,22.5,0,0,0,M,20,A,A,C,D,B
3502,29913.0,7.5,50,0,65,M,20,A,A,C,D,B
3502,29914.0,8.5,0,0,0,M,20,A,A,C,D,B
3502,29915.0,2.2,0,0,0,M,20,A,A,C,D,B
3502,29916.0,22.5,0,0,0,M,20,A,A,C,D,B
3502,29917.0,22.5,0,0,0,M,20,A,A,C,D,B
3502,29918.0,22.5,0,0,0,M,20,A,B,D,D,C
3502,29919.0,22.5,0,0,0,M,20,A,D,D,D,C
3502,29920.0,22.5,0,0,0,M,20,A,D,D,D,C
3502,29921.0,10.1,0,0,0,M,20,,,,,
702,29922.0,17.2,20,20,10,F,20,A,A,A,A,B
702,29923.0,18.1,20,5,20,F,20,A,A,B,B,B
702,29924.0,15.0,0,0,0,F,20,A,A,B,B,B
702,29925.0,7.8,40,0,0,F,20,A,A,B,B,B
702,29926.0,15.0,0,0,0,F,20,A,A,B,B,B
702,29927.0,22.5,0,0,0,F,20,A,A,C,C,B
702,29928.0,22.5,0,0,0,F,20,A,A,C,C,C
702,29929.0,17.0,0,20,0,F,20,A,A,C,C,C
702,29930.0,30.9,0,25,0,F,20,A,A,C,C,C
702,29931.0,22.5,0,0,0,F,20,A,A,C,C,C
702,29932.0,8.5,10,0,25,M,20,A,A,D,C,C
702,29933.0,22.5,0,0,0,M,20,A,A,D,D,C
702,29934.0,8.2,100,80,5,M,20,A,A,D,D,D
702,29935.0,4.2,0,0,0,M,20,A,A,D,D,D
702,29936.0,15.0,0,0,0,M,20,A,A,D,E,D
702,29937.0,15.0,0,0,0,M,20,A,A,D,E,D
702,29938.0,20.0,0,0,0,M,20,A,A,D,E,D
702,29939.0,26.5,0,0,0,M,20,A,D,E,F,E
1601,29940.0,15.0,0,0,0,F,20,A,A,B,B,A
1601,29941.0,22.5,0,0,0,F,20,A,A,B,B,A
1601,29942.0,22.5,0,0,0,F,20,A,A,C,D,B
1601,29943.0,22.5,0,0,0,F,20,A,A,C,D,B
1601,29944.0,22.5,0,0,0,F,20,A,A,C,D,B
1601,29945.0,18.9,0,25,0,F,20,A,A,D,D,C
1601,29946.0,10.1,0,0,0,F,20,A,A,D,D,C
1601,29947.0,22.5,0,0,0,F,20,A,A,D,D,C
1601,29948.0,17.2,10,0,40,F,20,A,A,D,E,D
1601,29949.0,13.9,20,0,50,F,20,A,A,D,E,D
1601,29950.0,18.6,15,25,0,F,20,A,A,E,E,D
1601,29951.0,9.1,20,10,0,F,20,A,A,E,E,E
1601,29952.0,21.4,25,50,20,F,20,A,A,F,E,E
1601,29953.0,12.3,10,0,0,M,20,A,A,F,F,E
1601,29954.0,28.2,30,10,10,M,20,A,A,F,F,E
1601,29955.0,29.2,25,0,0,M,20,A,A,F,F,E
1601,29956.0,13.1,0,45,0,M,20,A,A,F,F,F
1601,29957.0,6.4,0,0,0,M,20,A,A,F,F,F
4004,29958.0,22.5,0,0,0,F,20,A,A,B,C,B
4004,29959.0,6.6,30,45,15,M,20,A,A,B,D,D
4004,29960.0,19.1,5,15,15,M,20,A,A,C,D,D
4004,29961.0,22.5,0,0,0,M,20,A,A,C,D,D
4004,29962.0,15.0,0,0,0,M,20,A,A,D,D,D
4004,29963.0,20.0,0,0,0,M,20,A,A,D,D,E
4004,29964.0,8.5,0,0,0,M,20,A,A,D,D,E
4004,29965.0,18.0,25,5,15,M,20,A,A,D,D,E
4004,29966.0,13.9,10,30,0,M,20,A,A,D,D,E
4004,29967.0,22.5,0,0,0,M,20,A,A,D,E,E
4004,29968.0,22.5,0,0,0,M,20,A,A,D,E,E
4004,29969.0,20.0,0,0,0,M,20,A,A,E,E,E
4004,29970.0,14.9,0,50,0,M,20,A,A,E,E,E
4004,29971.0,18.6,10,0,30,M,20,A,A,E,E,E
4004,29972.0,10.3,10,0,10,M,20,A,A,E,E,E
4004,29973.0,22.5,0,0,0,M,20,A,A,E,E,F
4004,29974.0,22.5,0,0,0,M,20,A,A,E,E,F
4004,29975.0,7.2,0,70,15,M,20,A,A,E,E,F
4004,29976.0,8.5,30,45,0,M,20,A,A,E,E,F
4004,29977.0,4.2,75,30,0,M,20,A,A,E,E,F
4004,29978.0,22.5,0,0,0,M,20,A,A,E,E,F
4004,29979.0,22.6,0,0,0,M,20,A,A,E,E,F
4004,29980.0,10.1,0,0,0,M,20,A,A,E,E,F
4004,29981.0,11.3,10,5,0,M,20,A,B,F,F,F
4004,29982.0,22.5,0,0,0,M,20,A,C,F,F,F
4004,29983.0,22.5,0,0,0,M,20,A,C,F,F,G
4004,29984.0,22.5,0,0,0,M,20,A,C,F,F,G
4004,29985.0,22.5,0,0,0,M,20,A,C,F,F,G
4004,29986.0,22.5,0,0,0,M,20,A,D,F,F,G
4004,29987.0,22.5,0,0,0,M,20,A,F,F,F,G
4004,29988.0,22.5,0,0,0,M,20,,,,,
4004,29989.0,10.3,20,0,0,M,20,,,,,
4004,29990.0,27.4,10,35,10,M,20,,,,,
4004,29991.0,16.0,0,0,30,M,20,,,,,
3202,29992.0,8.8,0,0,0,F,20,A,A,B,B,A
3202,29993.0,8.8,0,0,0,F,20,A,A,B,B,A
3202,29994.0,17.6,0,50,0,F,20,A,A,B,D,B
3202,29995.0,1.0,0,40,0,F,20,A,A,D,D,B
3202,29996.0,17.3,30,0,20,M,20,A,B,D,D,B
3202,29997.0,25.1,0,0,0,M,20,A,B,D,D,B
3202,29998.0,27.8,50,30,50,M,20,A,D,D,D,B
3202,29999.0,16.7,0,15,25,M,20,A,D,D,D,B
3202,30000.0,5.6,20,10,25,M,20,A,D,D,E,C
3202,30001.0,33.2,0,0,10,M,20,C,D,E,F,D
2001,30002.0,10.5,0,0,0,F,20,A,A,B,B,A
2001,30003.0,22.9,0,0,0,F,20,A,A,B,B,A
2001,30004.0,10.5,0,0,0,F,20,A,B,C,C,A
2001,30005.0,10.5,0,0,0,F,20,A,D,C,C,A
2001,30006.0,22.8,0,0,0,F,20,A,D,C,D,A
2001,30007.0,2.6,55,0,0,F,20,A,D,C,D,A
2001,30008.0,23.9,0,0,0,F,20,A,D,D,D,B
2001,30009.0,10.1,0,55,15,F,20,A,D,D,D,B
2001,30010.0,11.5,0,60,0,F,20,B,D,D,D,B
2001,30011.0,10.5,0,0,0,F,20,B,D,D,E,B
2001,30012.0,12.3,0,0,0,F,20,B,D,D,E,B
2001,30013.0,11.5,50,35,5,F,20,B,D,D,E,B
2001,30014.0,12.7,10,0,0,F,20,B,D,D,E,C
2001,30015.0,8.4,0,15,0,F,20,E,F,F,F,D
2001,30016.0,11.4,100,0,65,F,20,,,,,
2402,30017.0,20.4,0,0,0,F,20,A,A,A,B,A
2402,30018.0,35.7,0,0,0,F,20,A,A,B,B,A
2402,30019.0,14.7,55,0,0,F,20,A,A,B,B,A
2402,30020.0,22.7,0,0,0,F,20,A,A,B,B,A
2402,30021.0,12.7,10,0,0,F,20,A,A,B,B,A
2402,30022.0,2.6,0,0,0,F,20,A,A,B,B,A
2402,30023.0,19.4,20,0,15,F,20,A,A,B,B,A
2402,30024.0,23.0,0,15,0,F,20,A,A,B,C,A
2402,30025.0,24.9,0,0,0,F,20,A,A,B,C,A
2402,30026.0,20.4,50,35,20,F,20,A,A,B,C,A
2402,30027.0,17.6,50,0,0,F,20,A,A,B,C,A
2402,30028.0,12.3,40,45,0,F,20,A,A,B,C,A
2402,30029.0,7.0,0,0,0,F,20,A,A,B,C,A
2402,30030.0,18.5,55,30,15,F,20,A,A,C,C,A
2402,30031.0,24.3,55,15,0,F,20,A,A,C,D,A
2402,30032.0,17.0,15,35,5,F,20,A,A,C,D,A
2402,30033.0,2.0,0,5,0,F,20,A,A,C,D,A
2402,30034.0,10.6,60,45,65,F,20,A,A,C,D,A
2402,30035.0,12.9,30,30,20,F,20,A,A,C,D,A
2402,30036.0,16.7,20,15,20,F,20,A,A,C,D,B
2402,30037.0,10.6,0,0,0,F,20,A,A,C,D,B
2402,30038.0,30.8,0,15,10,F,20,A,A,C,D,B
2402,30039.0,25.2,10,30,15,F,20,A,A,C,D,B
2402,30040.0,18.8,15,10,15,F,20,A,A,C,D,B
2402,30041.0,26.5,15,30,20,F,20,A,A,C,D,B
2402,30042.0,22.5,20,35,35,F,20,A,A,C,D,B
2402,30043.0,2.6,0,30,0,F,20,A,A,C,D,B
2402,30044.0,15.0,0,35,0,F,20,A,B,C,D,B
2402,30045.0,22.8,0,0,0,M,20,A,B,C,D,B
2402,30046.0,19.0,0,10,0,M,20,A,B,D,D,B
2402,30047.0,7.5,10,65,0,M,20,A,B,D,D,B
2402,30048.0,15.0,0,65,0,M,20,A,B,D,D,B
2402,30049.0,19.9,20,0,0,M,20,A,B,D,D,B
2402,30050.0,7.2,10,10,25,M,20,A,B,D,D,B
2402,30051.0,8.9,20,0,15,M,20,A,B,D,D,B
2402,30052.0,28.6,20,30,0,M,20,A,B,D,D,B
2402,30053.0,14.9,10,35,20,M,20,A,B,D,D,B
2402,30054.0,9.5,15,5,10,M,20,A,B,D,D,B
2402,30055.0,13.3,0,5,0,M,20,A,C,D,D,B
2402,30056.0,10.6,35,60,0,M,20,A,D,D,D,B
2402,30057.0,15.0,30,5,30,M,20,A,D,D,D,B
2402,30058.0,25.0,0,25,40,M,20,A,D,D,E,B
2402,30059.0,7.5,0,0,0,M,20,A,D,D,E,B
2402,30060.0,7.5,0,0,0,M,20,A,D,D,E,C
2402,30061.0,7.5,0,0,0,M,20,A,D,E,E,C
2402,30062.0,7.5,0,0,0,M,20,A,D,E,E,C
2402,30063.0,7.5,0,0,0,M,20,A,D,E,E,C
2402,30064.0,19.8,15,5,15,M,20,A,D,E,E,D
2402,30065.0,30.3,40,0,0,M,20,A,D,E,E,D
2402,30066.0,7.5,0,0,0,M,20,A,D,E,E,D
2402,30067.0,7.5,0,0,0,M,20,A,D,E,E,D
2402,30068.0,6.0,0,20,0,M,20,A,D,E,E,E
2402,30069.0,7.5,0,0,0,M,20,B,D,E,F,E
702,30070.0,10.9,0,0,0,M,20,A,A,C,D,A
702,30071.0,7.5,0,0,0,M,20,A,A,C,D,A
702,30072.0,7.4,0,0,0,M,20,A,B,C,D,B
702,30073.0,7.5,0,0,0,M,20,A,B,D,D,B
702,30074.0,7.5,0,0,0,M,20,A,B,D,D,B
702,30075.0,7.5,0,0,0,M,20,A,B,D,D,B
702,30076.0,7.5,0,0,0,M,20,A,C,D,D,B
702,30077.0,7.5,0,0,0,M,20,A,D,D,D,B
702,30078.0,7.5,0,0,0,M,20,B,D,D,E,B
702,30079.0,18.4,0,15,0,M,20,B,D,D,E,B
702,30080.0,7.5,0,0,0,M,20,B,D,E,F,B
702,30081.0,7.5,0,0,0,M,20,B,D,E,F,C
702,30082.0,29.7,10,25,10,M,20,B,D,F,F,D
702,30083.0,9.1,0,25,0,M,20,C,D,F,F,E
702,30084.0,7.5,0,0,0,M,20,,,,,
702,30085.0,20.0,0,0,5,M,20,,,,,
702,30086.0,0.6,0,45,0,M,20,,,,,
702,30087.0,14.4,65,45,40,M,20,,,,,
702,30088.0,7.5,0,0,0,M,20,,,,,
1402,30089.0,7.5,0,0,0,F,20,A,A,B,B,B
1402,30090.0,34.0,0,0,0,F,20,A,A,B,B,B
1402,30091.0,7.5,0,0,0,F,20,A,D,C,D,C
1402,30092.0,11.1,0,0,0,F,20,A,D,D,D,C
1402,30093.0,0.0,20,0,0,M,20,A,D,D,E,C
1402,30094.0,19.4,10,25,5,M,20,A,D,D,E,C
1402,30095.0,7.5,0,0,0,M,20,A,D,D,E,E
1402,30096.0,15.6,0,0,0,M,20,A,F,F,F,E
1402,30097.0,37.5,0,0,0,M,20,A,F,F,F,E
1402,30098.0,15.9,0,40,0,M,20,,,,,
4004,30099.0,10.1,0,80,0,F,20,A,A,B,C,A
4004,30100.0,7.5,0,0,0,F,20,A,A,C,D,B
4004,30101.0,7.5,0,0,0,F,20,A,A,C,D,B
4004,30102.0,7.5,55,20,15,F,20,A,A,C,D,B
4004,30103.0,26.4,25,0,40,F,20,A,A,D,D,B
4004,30104.0,7.5,0,0,0,F,20,A,A,D,D,B
4004,30105.0,23.2,0,0,0,F,20,A,A,D,D,B
4004,30106.0,23.4,0,0,0,F,20,A,A,D,D,B
4004,30107.0,7.5,0,0,0,F,20,A,A,D,D,C
4004,30108.0,7.5,25,0,20,M,20,A,A,D,D,C
4004,30109.0,19.8,35,0,0,M,20,A,A,D,D,C
4004,30110.0,7.5,0,0,0,M,20,A,A,D,D,C
4004,30111.0,15.3,100,30,10,M,20,A,A,D,D,C
4004,30112.0,11.1,10,0,10,M,20,A,A,D,D,C
4004,30113.0,0.0,0,0,20,M,20,A,A,D,D,C
4004,30114.0,25.2,0,0,0,M,20,A,A,D,D,C
4004,30115.0,22.5,20,0,0,M,20,A,A,D,D,D
4004,30116.0,12.7,20,60,5,M,20,A,A,D,E,D
4004,30117.0,2.6,0,5,0,M,20,A,A,D,E,D
4004,30118.0,4.2,0,60,10,M,20,A,A,D,E,D
4004,30119.0,22.5,20,0,0,M,20,A,A,D,E,D
4004,30120.0,7.5,0,0,0,M,20,A,A,E,E,D
4004,30121.0,8.5,30,0,10,M,20,A,A,E,E,D
4004,30122.0,21.4,50,30,20,M,20,A,A,E,E,D
4004,30123.0,7.5,0,0,0,M,20,A,A,E,E,D
4004,30124.0,3.2,20,45,10,M,20,A,A,E,E,E
4004,30125.0,8.4,50,0,0,M,20,A,A,E,E,E
4004,30126.0,7.5,0,0,0,M,20,A,A,E,E,E
4004,30127.0,7.5,0,0,0,M,20,A,A,E,E,E
4004,30128.0,15.4,0,35,0,M,20,A,A,E,E,E
4004,30129.0,17.6,0,45,65,M,20,A,A,E,E,E
4004,30130.0,7.5,0,0,0,M,20,A,A,E,E,E
4004,30131.0,7.5,0,0,0,M,20,A,A,E,E,E
4004,30132.0,7.5,0,0,0,M,20,A,A,E,E,E
4004,30133.0,28.8,0,20,20,M,20,A,A,E,E,E
4004,30134.0,7.5,0,0,0,M,20,A,A,E,E,E
4004,30135.0,7.5,0,0,0,M,20,A,D,E,F,F
4004,30136.0,7.5,0,0,0,M,20,A,D,E,F,F
4004,30137.0,7.5,0,0,0,M,20,A,D,E,F,F
4004,30138.0,12.3,35,20,0,M,20,A,D,E,F,F
4004,30139.0,7.5,0,0,0,M,20,A,D,E,F,F
4004,30140.0,7.5,0,0,0,M,20,A,D,E,F,F
4004,30141.0,7.5,0,0,0,M,20,A,D,E,F,F
4004,30142.0,7.5,0,0,0,M,20,A,D,F,F,F
4004,30143.0,7.5,0,0,0,M,20,A,D,F,F,F
4004,30144.0,7.5,0,0,0,M,20,A,D,F,F,F
4004,30145.0,7.5,0,0,0,M,20,A,D,F,F,F
4004,30146.0,3.6,25,0,0,M,20,A,D,F,F,F
4004,30147.0,18.0,0,20,0,M,20,A,D,F,F,F
4004,30148.0,7.5,0,0,0,M,20,A,D,F,F,F
4004,30149.0,7.5,0,0,0,M,20,A,D,F,F,F
4004,30150.0,8.5,10,30,0,M,20,A,F,F,F,F
4004,30151.0,7.5,0,0,0,M,20,,,,,
1502,30152.0,7.5,0,0,0,F,20,A,A,C,C,B
1502,30153.0,34.0,0,0,0,F,20,A,A,C,C,B
1502,30154.0,7.5,0,0,0,F,20,A,A,D,D,B
1502,30155.0,7.5,0,0,0,F,20,A,B,D,D,B
1502,30156.0,17.7,15,15,20,F,20,A,D,D,D,B
1502,30157.0,7.5,20,25,0,F,20,A,D,D,D,B
1502,30158.0,11.3,0,0,20,M,20,A,D,D,D,B
1502,30159.0,7.8,25,0,20,M,20,A,D,D,D,C
1502,30160.0,7.5,0,0,0,M,20,A,D,D,D,C
1502,30161.0,7.5,0,0,0,M,20,A,D,D,D,C
1502,30162.0,7.5,0,0,0,M,20,A,D,E,E,C
1502,30163.0,7.5,0,0,0,M,20,B,D,E,F,E
1502,30164.0,7.5,0,0,0,M,20,B,D,F,F,E
1502,30165.0,7.5,0,0,0,M,20,B,D,F,F,F
1502,30166.0,7.5,0,0,0,M,20,,,,,
1602,30167.0,8.5,0,0,40,F,20,A,A,A,B,A
1602,30168.0,7.5,0,0,0,F,20,A,B,D,D,B
1602,30169.0,7.5,0,0,0,F,20,A,B,D,D,B
1602,30170.0,7.5,0,0,0,F,20,A,D,E,D,B
1602,30171.0,7.5,0,0,0,F,20,A,D,E,E,C
1602,30172.0,7.5,0,0,0,F,20,A,D,E,E,D
1602,30173.0,7.5,0,0,0,M,20,A,D,E,E,D
1602,30174.0,7.5,0,0,0,M,20,A,D,F,E,E
1602,30175.0,3.0,0,0,0,M,20,,,,,
1602,30176.0,17.0,0,0,0,M,20,,,,,
3001,30177.0,7.5,0,0,0,F,20,A,A,A,A,A
3001,30178.0,7.5,0,0,0,F,20,A,A,B,B,A
3001,30179.0,7.5,0,0,0,F,20,A,A,B,B,A
3001,30180.0,34.0,0,0,0,M,20,A,A,B,B,B
3001,30181.0,7.5,0,0,0,M,20,A,A,C,C,B
3001,30182.0,7.5,0,35,10,M,20,A,A,C,C,B
3001,30183.0,24.5,5,0,0,M,20,A,A,D,D,B
3001,30184.0,1.6,10,0,0,M,20,A,A,D,D,C
3001,30185.0,19.8,25,0,10,M,20,A,A,D,D,C
3001,30186.0,11.1,20,0,0,M,20,A,A,D,E,C
3001,30187.0,20.1,10,80,20,M,20,A,A,D,E,D
3001,30188.0,10.7,15,10,0,M,20,E,F,F,F,D
3001,30189.0,0.0,30,35,30,M,20,,,,,
2402,30190.0,3.6,0,0,0,F,20,A,A,B,B,A
2402,30191.0,1.0,0,0,0,F,20,A,A,B,B,A
2402,30192.0,22.5,0,0,0,F,20,A,A,B,B,B
2402,30193.0,22.5,0,0,0,F,20,A,A,B,B,B
2402,30194.0,13.2,40,0,45,F,20,A,A,B,B,B
2402,30195.0,5.8,0,10,0,M,20,A,A,B,C,B
2402,30196.0,17.2,0,0,0,M,20,A,A,C,D,B
2402,30197.0,22.5,0,0,0,M,20,A,A,C,D,B
2402,30198.0,22.5,0,0,0,M,20,A,B,C,D,B
2402,30199.0,14.5,0,0,0,M,20,A,D,D,D,C
2402,30200.0,11.2,0,0,0,M,20,A,D,D,D,C
2402,30201.0,31.9,0,20,0,M,20,A,D,D,E,E
702,30202.0,18.1,0,20,0,F,20,A,A,B,B,A
702,30203.0,23.5,0,0,0,F,20,A,A,B,B,B
702,30204.0,31.0,0,40,0,F,20,A,A,B,B,B
702,30205.0,32.7,0,25,0,M,20,B,A,C,C,B
702,30206.0,21.0,0,25,0,M,20,B,A,C,C,B
702,30207.0,16.7,60,0,0,M,20,B,A,C,C,B
702,30208.0,10.9,15,0,10,M,20,B,A,D,C,B
702,30209.0,6.4,75,25,0,M,20,B,B,D,D,B
702,30210.0,22.5,0,0,0,M,20,C,B,D,E,C
702,30211.0,12.4,0,15,50,M,20,D,F,E,E,C
904,30212.0,19.2,0,30,0,F,20,A,A,B,B,A
904,30213.0,5.2,75,30,0,F,20,A,A,B,B,A
904,30214.0,47.8,0,0,0,F,20,A,A,B,B,A
904,30215.0,0.0,15,55,30,F,20,A,A,B,B,A
904,30216.0,10.1,10,20,0,F,20,A,A,B,C,A
904,30217.0,3.6,0,0,0,F,20,A,A,C,C,A
904,30218.0,16.3,0,0,0,F,20,A,A,C,C,A
904,30219.0,23.8,0,0,0,F,20,A,A,C,C,B
904,30220.0,23.8,0,0,0,F,20,A,A,C,C,B
904,30221.0,45.7,0,15,0,F,20,A,A,C,D,B
904,30222.0,23.8,0,0,0,F,20,A,A,C,D,B
904,30223.0,11.5,0,0,0,F,20,A,A,D,D,B
904,30224.0,7.5,0,0,15,F,20,A,A,D,D,B
904,30225.0,33.9,10,0,10,F,20,A,A,D,D,B
904,30226.0,12.3,10,60,20,F,20,B,A,D,D,B
904,30227.0,19.6,25,5,10,F,20,B,A,D,D,C
904,30228.0,16.1,0,0,0,F,20,B,A,E,D,C
904,30229.0,10.3,0,0,30,M,20,B,A,E,D,C
904,30230.0,13.1,50,10,25,M,20,E,A,E,E,D
904,30231.0,14.7,30,45,0,M,20,E,B,E,E,D
904,30232.0,2.2,10,0,0,M,20,E,B,E,E,D
904,30233.0,15.4,20,45,5,M,20,E,D,E,E,D
904,30234.0,12.5,0,15,0,M,20,E,D,F,E,E
904,30235.0,11.1,20,5,0,M,20,,,,,
904,30236.0,22.5,0,0,0,M,20,,,,,
2501,30237.0,4.6,0,20,0,F,20,A,A,A,A,A
2501,30238.0,13.5,10,0,0,F,20,A,A,B,A,A
2501,30239.0,13.5,0,0,10,F,20,A,A,B,B,A
2501,30240.0,0.0,50,45,5,F,20,A,A,B,B,A
2501,30241.0,13.3,0,0,0,F,20,A,A,C,B,A
2501,30242.0,9.5,20,15,0,F,20,A,A,C,C,A
2501,30243.0,2.4,0,35,0,M,20,,,,,
905,30244.0,7.8,0,0,0,F,20,A,A,B,B,A
905,30245.0,9.5,0,0,0,F,20,A,A,B,B,A
905,30246.0,16.0,10,15,40,F,20,A,A,B,C,A
905,30247.0,11.3,0,0,0,M,20,B,D,F,F,E
905,30248.0,11.2,0,0,0,M,20,,,,,
906,30249.0,9.6,0,25,0,F,20,A,A,A,A,A
906,30250.0,23.0,0,60,15,F,20,A,A,A,B,A
906,30251.0,14.5,30,45,0,F,20,A,A,A,B,A
906,30252.0,21.8,90,0,10,F,20,A,A,B,B,A
906,30253.0,16.0,0,0,0,F,20,A,A,B,B,A
906,30254.0,21.4,90,0,15,F,20,A,A,B,B,B
906,30255.0,1.6,0,0,0,F,20,A,A,B,B,B
906,30256.0,11.5,0,0,0,M,20,B,A,D,D,C
906,30257.0,5.4,15,0,0,M,20,E,D,E,F,E
2402,30258.0,12.1,25,0,0,F,20,A,A,A,B,A
2402,30259.0,8.9,30,0,10,F,20,A,A,A,B,A
2402,30260.0,9.1,15,5,20,F,20,A,A,B,B,A
2402,30261.0,0.0,20,0,5,F,20,A,A,B,C,B
2402,30262.0,17.6,20,5,30,F,20,A,A,C,C,B
2402,30263.0,19.7,20,75,20,F,20,A,A,C,C,B
2402,30264.0,6.6,20,25,10,F,20,A,A,C,C,B
2402,30265.0,0.0,25,0,0,F,20,A,A,C,C,B
2402,30266.0,11.1,25,0,0,F,20,A,A,C,C,B
2402,30267.0,10.1,0,0,0,F,20,A,A,C,D,B
2402,30268.0,18.6,0,20,0,F,20,A,A,C,D,C
2402,30269.0,10.1,0,25,0,F,20,A,A,C,D,C
2402,30270.0,7.5,0,0,0,F,20,A,A,C,D,C
2402,30271.0,15.0,0,0,0,F,20,A,A,D,D,C
2402,30272.0,23.0,10,0,10,F,20,A,A,D,D,C
2402,30273.0,15.0,0,0,0,M,20,A,A,D,D,C
2402,30274.0,15.0,0,0,0,M,20,C,D,D,F,E
2402,30275.0,15.0,0,0,0,M,20,C,F,F,F,F
2402,30276.0,15.0,0,0,0,M,20,,,,,
1602,30277.0,11.7,0,0,0,F,20,A,A,B,B,A
1602,30278.0,15.0,0,0,0,F,20,A,A,B,B,A
1602,30279.0,15.0,0,0,0,F,20,A,A,B,B,A
1602,30280.0,15.0,0,0,0,F,20,A,A,C,B,A
1602,30281.0,13.5,10,10,0,F,20,A,A,C,B,B
1602,30282.0,16.5,0,0,0,F,20,A,A,C,B,B
1602,30283.0,16.1,20,45,0,F,20,A,A,C,B,B
1602,30284.0,7.5,0,0,0,F,20,A,A,C,C,B
1602,30285.0,9.5,0,15,0,F,20,A,A,C,C,B
1602,30286.0,32.0,0,20,0,F,20,A,A,C,D,B
1602,30287.0,3.8,0,0,0,F,20,A,A,C,D,B
1602,30288.0,15.0,0,0,0,F,20,A,A,C,D,B
1602,30289.0,15.0,0,0,0,F,20,A,A,D,D,D
1602,30290.0,11.7,0,0,0,F,20,A,A,D,E,D
1602,30291.0,13.6,0,0,0,F,20,A,A,D,E,D
1602,30292.0,15.0,0,0,0,F,20,A,B,D,E,D
1602,30293.0,14.7,35,10,0,M,20,A,D,D,E,D
1602,30294.0,8.4,20,15,10,M,20,B,D,E,F,E
1602,30295.0,8.2,0,0,0,M,20,E,F,E,F,F
1602,30296.0,14.7,0,45,0,M,20,,,,,
1602,30297.0,13.1,30,0,0,M,20,,,,,
1602,30298.0,13.5,0,0,0,M,20,,,,,
1602,30299.0,15.0,0,0,0,M,20,,,,,
1602,30300.0,15.0,0,0,0,M,20,,,,,
4004,30301.0,15.0,0,0,0,M,20,A,A,B,B,B
4004,30302.0,7.5,0,0,0,M,20,A,A,B,B,C
4004,30303.0,15.0,0,0,0,M,20,A,A,B,C,C
4004,30304.0,22.5,0,0,10,M,20,A,A,D,D,D
4004,30305.0,15.0,0,0,0,M,20,A,A,D,D,E
4004,30306.0,16.5,0,0,0,M,20,A,A,D,D,E
4004,30307.0,15.0,0,0,0,M,20,A,A,D,D,E
4004,30308.0,15.0,0,0,0,M,20,A,A,D,D,E
4004,30309.0,15.0,0,0,0,M,20,A,A,D,D,E
4004,30310.0,11.7,25,65,5,M,20,A,A,D,D,E
4004,30311.0,15.0,0,0,0,M,20,A,A,D,D,E
4004,30312.0,9.5,0,15,0,M,20,A,A,D,D,E
4004,30313.0,7.5,0,0,0,M,20,A,A,D,D,E
4004,30314.0,18.6,0,20,0,M,20,A,A,D,D,E
4004,30315.0,15.0,0,0,0,M,20,A,A,E,E,E
4004,30316.0,15.0,0,0,0,M,20,E,F,F,F,F
4004,30317.0,15.0,0,0,0,M,20,E,F,F,F,G
4004,30318.0,15.0,0,0,0,M,20,,,,,
4004,30319.0,15.0,0,0,0,M,20,,,,,
702,30320.0,7.5,0,50,0,F,20,A,A,B,B,B
702,30321.0,15.0,0,0,0,F,20,A,A,B,B,B
702,30322.0,15.0,0,0,0,M,20,,,,,
2402,30323.0,15.0,0,0,0,F,20,A,A,A,A,A
2402,30324.0,15.0,0,0,0,F,20,A,A,B,B,A
2402,30325.0,15.0,0,0,0,F,20,A,A,B,B,A
2402,30326.0,15.0,0,0,0,F,20,A,A,B,B,B
2402,30327.0,15.0,0,0,0,F,20,A,A,B,B,B
2402,30328.0,15.0,0,0,0,F,20,A,A,B,B,B
2402,30329.0,15.0,0,0,0,F,20,A,A,B,B,C
2402,30330.0,15.0,0,0,0,F,20,A,A,B,C,C
2402,30331.0,21.8,5,5,20,F,20,A,A,C,C,C
2402,30332.0,15.0,0,0,0,F,20,A,A,D,D,D
2402,30333.0,17.3,0,30,0,M,20,A,A,D,D,D
2402,30334.0,15.0,0,0,0,M,20,A,A,D,D,D
2402,30335.0,15.0,0,0,0,M,20,,,,,
2402,30336.0,15.0,0,0,0,M,20,,,,,
2402,30337.0,15.0,0,0,0,M,20,,,,,
2402,30338.0,7.5,15,35,0,M,20,,,,,
2402,30339.0,15.0,0,0,0,M,20,,,,,
3202,30340.0,11.9,0,0,0,F,20,A,A,B,C,B
3202,30341.0,7.5,0,0,0,F,20,A,A,B,C,B
3202,30342.0,15.0,0,0,0,F,20,A,A,B,C,B
3202,30343.0,11.9,0,0,0,F,20,A,A,B,C,B
5402,30344.0,15.0,0,0,0,F,20,A,A,A,D,B
5402,30345.0,15.0,0,0,0,F,20,A,A,C,D,B
5402,30346.0,15.0,0,0,0,M,20,A,A,D,E,B
5402,30347.0,18.6,40,0,10,M,20,A,A,D,E,C
3502,30348.0,15.0,0,0,0,F,20,A,A,A,A,A
3502,30349.0,15.0,0,0,0,F,20,A,A,B,B,A
3502,30350.0,15.0,0,0,0,F,20,A,A,B,B,A
3502,30351.0,15.0,0,0,0,F,20,A,A,B,B,B
3502,30352.0,11.1,20,60,20,F,20,A,A,B,B,B
3502,30353.0,15.0,0,0,0,F,20,A,A,B,B,B
3502,30354.0,15.0,0,0,0,F,20,A,A,B,B,B
3502,30355.0,15.0,0,0,0,F,20,A,A,C,C,B
3502,30356.0,11.9,0,0,0,F,20,A,A,C,C,B
3502,30357.0,15.0,0,0,0,F,20,A,A,C,C,B
3502,30358.0,9.8,0,0,0,F,20,A,A,C,C,B
3502,30359.0,25.1,0,0,0,F,20,A,A,C,D,B
3502,30360.0,17.9,30,0,25,F,20,A,A,C,D,C
3502,30361.0,15.0,0,0,0,F,20,A,A,C,D,C
3502,30362.0,15.0,0,0,0,F,20,A,A,C,D,C
3502,30363.0,15.0,0,0,0,F,20,A,A,C,D,C
3502,30364.0,15.0,0,0,0,F,20,A,A,C,D,C
3502,30365.0,15.0,0,0,0,F,20,A,A,D,D,C
3502,30366.0,7.2,60,10,0,F,20,A,A,D,D,C
3502,30367.0,15.0,0,0,0,F,20,A,A,D,D,C
3502,30368.0,15.0,0,0,0,F,20,A,A,D,D,C
3502,30369.0,15.0,0,0,0,F,20,B,A,D,D,C
3502,30370.0,4.0,0,0,0,M,20,B,A,D,D,C
3502,30371.0,15.0,0,0,0,M,20,E,D,F,F,E
3502,30372.0,15.0,0,0,0,M,20,,,,,
3502,30373.0,15.0,0,0,0,M,20,,,,,
3502,30374.0,15.0,0,0,0,M,20,,,,,
3502,30375.0,15.0,0,0,0,M,20,,,,,
3502,30376.0,8.5,0,45,0,M,20,,,,,
3502,30377.0,15.0,0,0,0,M,20,,,,,
3502,30378.0,9.0,50,45,20,M,20,,,,,
3502,30379.0,15.0,0,0,0,M,20,,,,,
3502,30380.0,21.6,30,0,0,M,20,,,,,
3502,30381.0,7.5,25,20,5,M,20,,,,,
3502,30382.0,17.0,30,20,10,M,20,,,,,
3502,30383.0,15.0,0,0,0,M,20,,,,,
3502,30384.0,15.0,0,0,0,M,20,,,,,
3502,30385.0,13.1,15,0,0,M,20,,,,,
3502,30386.0,15.0,0,0,0,M,20,,,,,
3502,30387.0,15.0,0,0,0,M,20,,,,,
3502,30388.0,2.6,10,0,0,M,20,,,,,
3502,30389.0,15.0,0,0,0,M,20,,,,,
3502,30390.0,15.0,0,0,0,M,20,,,,,
3502,30391.0,15.0,0,0,0,M,20,,,,,
3502,30392.0,15.0,0,0,0,M,20,,,,,
4006,30393.0,15.0,0,0,0,F,20,A,A,A,B,B
4006,30394.0,15.0,0,0,0,F,20,A,A,B,B,B
4006,30395.0,7.5,50,0,0,F,20,A,A,B,B,B
4006,30396.0,15.0,0,0,0,M,20,A,A,B,C,B
4006,30397.0,15.0,0,0,0,M,20,A,A,B,C,C
4006,30398.0,15.0,0,0,0,M,20,A,A,B,D,D
4006,30399.0,11.1,30,30,40,M,20,A,A,B,D,D
4006,30400.0,11.1,30,0,0,M,20,A,A,C,D,D
4006,30401.0,0.0,0,0,0,M,20,A,A,D,D,D
4006,30402.0,19.5,50,65,5,M,20,A,A,D,D,E
4006,30403.0,14.7,0,50,0,M,20,A,A,D,D,E
4006,30404.0,42.9,40,0,0,M,20,A,A,D,D,E
4006,30405.0,4.8,10,0,0,M,20,A,A,D,D,E
4006,30406.0,14.5,0,35,15,M,20,A,A,D,D,E
4006,30407.0,19.4,0,0,0,M,20,A,A,E,D,E
4006,30408.0,0.0,0,0,0,M,20,A,A,E,E,F
4006,30409.0,40.8,20,15,20,M,20,A,A,E,E,F
4006,30410.0,19.0,20,85,20,M,20,A,A,E,E,F
4006,30411.0,48.7,0,0,0,M,20,B,A,E,E,F
2001,30412.0,0.0,0,0,0,F,20,A,A,B,B,A
2001,30413.0,0.0,0,0,0,F,20,A,A,B,B,A
2001,30414.0,0.0,0,0,0,F,20,A,A,B,C,A
2001,30415.0,0.0,0,0,0,F,20,A,A,B,C,A
2001,30416.0,0.0,0,0,0,F,20,A,B,B,C,A
2001,30417.0,0.0,0,0,0,F,20,A,B,C,D,B
2001,30418.0,0.0,0,0,0,F,20,A,D,C,D,B
2001,30419.0,0.0,0,0,0,F,20,B,D,D,E,B
2001,30420.0,0.0,0,0,0,F,20,B,D,E,E,B
2001,30421.0,0.0,0,0,0,F,20,C,D,E,E,C
2001,30422.0,0.0,0,0,0,F,20,C,D,E,E,F
2001,30423.0,0.0,0,0,0,F,20,E,D,F,F,F
2001,30424.0,0.0,0,0,0,F,20,,,,,
2001,30425.0,0.0,0,0,0,M,20,,,,,
2001,30426.0,0.0,0,0,0,M,20,,,,,
2001,30427.0,0.0,0,0,0,M,20,,,,,
3502,30428.0,0.0,0,0,0,F,20,A,A,A,B,A
3502,30429.0,0.0,0,0,0,F,20,A,B,B,D,B
3502,30430.0,0.0,0,0,0,F,20,A,B,C,D,B
3502,30431.0,0.0,0,0,0,F,20,A,C,C,D,B
3502,30432.0,0.0,0,0,0,F,20,A,D,D,D,B
3502,30433.0,0.0,0,0,0,F,20,A,D,D,D,B
3502,30434.0,0.0,0,0,0,F,20,A,D,D,D,B
3502,30435.0,0.0,0,0,0,F,20,A,D,D,D,C
3502,30436.0,0.0,0,0,0,M,20,A,D,D,E,D
3502,30437.0,0.0,0,0,0,M,20,A,D,D,E,D
3502,30438.0,0.0,0,0,0,M,20,A,D,D,E,D
3502,30439.0,0.0,0,0,0,M,20,B,D,D,F,D
3502,30440.0,0.0,0,0,0,M,20,B,D,E,F,E
3502,30441.0,0.0,0,0,0,M,20,B,D,E,F,E
3502,30442.0,0.0,0,0,0,M,20,E,F,F,F,E
3502,30443.0,0.0,0,0,0,M,20,,,,,
3502,30444.0,0.0,0,0,0,M,20,,,,,
3502,30445.0,0.0,0,0,0,M,20,,,,,
3502,30446.0,0.0,0,0,0,M,20,,,,,
3502,30447.0,0.0,0,0,0,M,20,,,,,
3502,30448.0,0.0,0,0,0,M,20,,,,,
3502,30449.0,0.0,0,0,0,M,20,,,,,
3502,30450.0,0.0,0,0,0,M,20,,,,,
3502,30451.0,0.0,0,0,0,M,20,,,,,
2001,30452.0,0.0,0,0,0,F,20,A,A,A,A,A
2001,30453.0,0.0,0,0,0,F,20,A,A,A,B,A
2001,30454.0,0.0,0,0,0,F,20,A,A,A,B,A
2001,30455.0,0.0,0,0,0,F,20,A,A,B,B,A
2001,30456.0,0.0,0,0,0,F,20,A,B,B,B,B
2001,30457.0,0.0,0,0,0,F,20,A,B,B,C,B
2001,30458.0,0.0,0,0,0,F,20,A,D,B,D,B
2001,30459.0,0.0,0,0,0,F,20,A,D,B,D,B
2001,30460.0,0.0,0,0,0,F,20,A,D,B,D,B
2001,30461.0,0.0,0,0,0,F,20,A,D,B,D,B
2001,30462.0,0.0,0,0,0,F,20,B,D,B,D,B
2001,30463.0,0.0,0,0,0,F,20,B,D,B,D,B
2001,30464.0,0.0,0,0,0,F,20,B,D,B,D,B
2001,30465.0,0.0,0,0,0,F,20,C,D,C,E,B
2001,30466.0,0.0,0,0,0,F,20,C,D,C,E,B
2001,30467.0,0.0,0,0,0,F,20,C,D,C,E,B
2001,30468.0,0.0,0,0,0,F,20,C,D,D,E,B
2001,30469.0,0.0,0,0,0,F,20,E,F,D,F,C
2001,30470.0,0.0,0,0,0,F,20,,,,,
2001,30471.0,0.0,0,0,0,M,20,,,,,
2001,30472.0,0.0,0,0,0,M,20,,,,,
3002,30473.0,0.0,0,0,0,F,20,A,A,A,A,A
3002,30474.0,0.0,0,0,0,F,20,A,A,A,B,A
3002,30475.0,0.0,0,0,0,F,20,A,A,A,B,A
3002,30476.0,0.0,0,0,0,F,20,A,B,B,B,A
3002,30477.0,0.0,0,0,0,F,20,A,B,B,B,A
3002,30478.0,0.0,0,0,0,F,20,A,B,B,B,B
3002,30479.0,0.0,0,0,0,M,20,A,D,B,B,B
3002,30480.0,0.0,0,0,0,M,20,A,D,B,B,B
3002,30481.0,0.0,0,0,0,M,20,A,D,B,C,B
3002,30482.0,0.0,0,0,0,M,20,A,D,C,C,B
3002,30483.0,0.0,0,0,0,M,20,A,D,D,C,B
3002,30484.0,0.0,0,0,0,M,20,A,D,D,C,B
3002,30485.0,0.0,0,0,0,M,20,B,D,D,D,C
3002,30486.0,0.0,0,0,0,M,20,,,,,
3002,30487.0,0.0,0,0,0,M,20,,,,,
2402,30488.0,0.0,0,0,0,F,20,A,A,B,B,A
2402,30489.0,0.0,0,0,0,F,20,A,A,B,B,A
2402,30490.0,0.0,0,0,0,F,20,A,A,B,B,A
2402,30491.0,0.0,0,0,0,F,20,A,A,B,B,A
2402,30492.0,0.0,0,0,0,F,20,A,A,B,B,A
2402,30493.0,0.0,0,0,0,F,20,A,B,B,C,B
2402,30494.0,0.0,0,0,0,F,20,A,B,B,C,B
2402,30495.0,0.0,0,0,0,F,20,A,B,B,D,B
2402,30496.0,0.0,0,0,0,F,20,A,B,C,D,B
2402,30497.0,0.0,0,0,0,F,20,A,D,C,D,B
2402,30498.0,0.0,0,0,0,F,20,A,D,D,D,B
2402,30499.0,0.0,0,0,0,F,20,A,D,D,D,B
2402,30500.0,0.0,0,0,0,M,20,A,D,D,D,C
2402,30501.0,0.0,0,0,0,M,20,A,D,D,D,C
2402,30502.0,0.0,0,0,0,M,20,A,D,D,D,C
2402,30503.0,0.0,0,0,0,M,20,B,D,D,E,C
2402,30504.0,0.0,0,0,0,M,20,B,D,E,E,D
2402,30505.0,0.0,0,0,0,M,20,B,D,E,E,D
2402,30506.0,0.0,0,0,0,M,20,E,F,E,E,D
2402,30507.0,0.0,0,0,0,M,20,E,F,E,F,E
2402,30508.0,0.0,0,0,0,M,20,,,,,
2402,30509.0,0.0,0,0,0,M,20,,,,,
2402,30510.0,0.0,0,0,0,M,20,,,,,
2402,30511.0,0.0,0,0,0,M,20,,,,,
2402,30512.0,0.0,0,0,0,M,20,,,,,
702,30513.0,0.0,0,0,0,F,20,A,A,B,B,A
702,30514.0,0.0,0,0,0,M,20,A,D,C,C,B
702,30515.0,0.0,0,0,0,M,20,A,D,C,D,C
702,30516.0,0.0,0,0,0,M,20,A,D,C,D,D
702,30517.0,0.0,0,0,0,M,20,A,D,D,D,D
702,30518.0,0.0,0,0,0,M,20,B,D,D,D,D
702,30519.0,0.0,0,0,0,M,20,B,D,E,D,E
702,30520.0,0.0,0,0,0,M,20,E,F,E,F,F
1402,30521.0,0.0,0,0,0,F,20,A,A,A,B,A
1402,30522.0,0.0,0,0,0,F,20,A,A,B,C,A
1402,30523.0,0.0,0,0,0,F,20,A,B,B,D,A
1402,30524.0,0.0,0,0,0,F,20,A,B,C,D,B
1402,30525.0,0.0,0,0,0,M,20,A,D,E,E,E
1402,30526.0,0.0,0,0,0,M,20,B,D,F,E,F
1602,30527.0,0.0,0,0,0,F,20,A,A,B,B,A
1602,30528.0,0.0,0,0,0,F,20,A,A,B,C,A
1602,30529.0,0.0,0,0,0,F,20,A,A,B,C,A
1602,30530.0,0.0,0,0,0,F,20,A,A,B,D,A
1602,30531.0,0.0,0,0,0,F,20,A,A,B,D,A
1602,30532.0,0.0,0,0,0,F,20,A,A,C,D,A
1602,30533.0,0.0,0,0,0,F,20,A,A,C,D,A
1602,30534.0,0.0,0,0,0,F,20,A,A,C,D,A
1602,30535.0,0.0,0,0,0,F,20,A,A,D,D,A
1602,30536.0,0.0,0,0,0,F,20,A,A,D,D,A
1602,30537.0,0.0,0,0,0,F,20,A,A,D,D,A
1602,30538.0,0.0,0,0,0,F,20,A,B,D,D,A
1602,30539.0,0.0,0,0,0,F,20,A,B,D,D,A
1602,30540.0,0.0,0,0,0,M,20,A,C,D,D,A
1602,30541.0,0.0,0,0,0,M,20,A,D,D,D,B
1602,30542.0,0.0,0,0,0,M,20,A,D,D,D,B
1602,30543.0,0.0,0,0,0,M,20,A,D,D,E,B
1602,30544.0,0.0,0,0,0,M,20,A,D,D,E,B
1602,30545.0,0.0,0,0,0,M,20,A,D,D,E,B
1602,30546.0,0.0,0,0,0,M,20,A,D,D,E,B
1602,30547.0,0.0,0,0,0,M,20,A,D,D,E,C
1602,30548.0,0.0,0,0,0,M,20,A,D,D,E,C
1602,30549.0,0.0,0,0,0,M,20,A,D,E,F,D
1602,30550.0,0.0,0,0,0,M,20,A,D,E,F,D
1602,30551.0,0.0,0,0,0,M,20,A,D,E,F,E
1602,30552.0,0.0,0,0,0,M,20,A,D,E,F,E
1602,30553.0,0.0,0,0,0,M,20,B,F,F,F,F
1602,30554.0,0.0,0,0,0,F,20,A,A,A,A,A
1602,30555.0,0.0,0,0,0,F,20,A,A,B,B,A
1602,30556.0,0.0,0,0,0,F,20,A,A,B,D,A
1602,30557.0,0.0,0,0,0,F,20,A,A,B,D,A
1602,30558.0,0.0,0,0,0,F,20,A,A,B,D,B
1602,30559.0,0.0,0,0,0,F,20,A,B,C,D,B
1602,30560.0,0.0,0,0,0,F,20,A,B,C,E,B
1602,30561.0,0.0,0,0,0,F,20,A,D,D,E,B
1602,30562.0,0.0,0,0,0,F,20,A,D,D,E,B
1602,30563.0,0.0,0,0,0,F,20,,,,,
1602,30564.0,0.0,0,0,0,F,20,,,,,
1602,30565.0,0.0,0,0,0,M,20,,,,,
1602,30566.0,0.0,0,0,0,M,20,,,,,
1602,30567.0,0.0,0,0,0,M,20,,,,,
1602,30568.0,0.0,0,0,0,M,20,,,,,
1602,30569.0,0.0,0,0,0,M,20,,,,,
1602,30570.0,0.0,0,0,0,M,20,,,,,
702,30571.0,0.0,0,0,0,F,20,A,A,A,A,A
702,30572.0,0.0,0,0,0,F,20,A,A,A,A,A
702,30573.0,0.0,0,0,0,F,20,A,B,B,A,B
702,30574.0,0.0,0,0,0,F,20,A,B,B,B,B
702,30575.0,0.0,0,0,0,F,20,A,B,B,B,B
702,30576.0,0.0,0,0,0,F,20,A,C,B,B,B
702,30577.0,0.0,0,0,0,F,20,A,D,B,D,B
702,30578.0,0.0,0,0,0,F,20,A,D,C,D,B
702,30579.0,0.0,0,0,0,M,20,A,D,D,D,B
702,30580.0,0.0,0,0,0,M,20,A,D,D,D,B
702,30581.0,0.0,0,0,0,M,20,A,D,D,E,C
702,30582.0,0.0,0,0,0,M,20,A,D,D,E,C
702,30583.0,0.0,0,0,0,M,20,B,D,E,F,D
702,30584.0,0.0,0,0,0,M,20,B,D,E,F,E
4004,30585.0,0.0,0,0,0,F,20,A,A,A,B,A
4004,30586.0,0.0,0,0,0,F,20,A,A,B,B,A
4004,30587.0,0.0,0,0,0,F,20,A,A,B,C,B
4004,30588.0,0.0,0,0,0,M,20,A,A,B,C,B
4004,30589.0,0.0,0,0,0,M,20,A,A,B,D,B
4004,30590.0,0.0,0,0,0,M,20,A,A,C,D,C
4004,30591.0,0.0,0,0,0,M,20,A,A,D,D,C
4004,30592.0,0.0,0,0,0,M,20,A,A,D,D,C
4004,30593.0,0.0,0,0,0,M,20,A,A,D,D,C
4004,30594.0,0.0,0,0,0,M,20,A,A,D,D,C
4004,30595.0,0.0,0,0,0,M,20,A,A,D,D,C
4004,30596.0,0.0,0,0,0,M,20,A,B,D,D,D
4004,30597.0,0.0,0,0,0,M,20,A,B,D,D,D
4004,30598.0,0.0,0,0,0,M,20,A,B,D,D,D
4004,30599.0,0.0,0,0,0,M,20,A,B,D,E,D
4004,30600.0,0.0,0,0,0,M,20,A,C,D,E,E
4004,30601.0,0.0,0,0,0,M,20,A,C,E,E,E
4004,30602.0,0.0,0,0,0,M,20,A,D,E,E,E
4004,30603.0,0.0,0,0,0,M,20,A,D,E,E,E
4004,30604.0,0.0,0,0,0,M,20,A,D,E,E,E
4004,30605.0,0.0,0,0,0,M,20,A,D,E,E,E
4004,30606.0,0.0,0,0,0,M,20,A,D,E,E,E
4004,30607.0,0.0,0,0,0,M,20,A,D,E,E,E
4004,30608.0,0.0,20,0,0,M,20,A,D,F,F,E
4004,30609.0,3.6,0,0,0,M,20,A,D,F,F,E
4004,30610.0,1.0,0,20,0,M,20,A,D,F,F,F
4004,30611.0,1.4,0,15,0,M,20,A,D,F,F,F
4004,30612.0,5.2,0,0,0,M,20,A,D,F,F,F
4004,30613.0,5.2,0,0,0,M,20,A,F,F,F,F
4004,30614.0,3.2,0,15,0,M,20,A,F,F,F,F
4004,30615.0,4.0,0,0,10,M,20,A,F,F,F,G
4004,30616.0,5.4,0,0,0,M,20,,,,,
4004,30617.0,3.4,15,0,0,M,20,,,,,
4004,30618.0,6.8,0,0,0,M,20,,,,,
4004,30619.0,0.0,0,45,0,F,20,A,A,A,B,A
4004,30620.0,3.6,0,20,0,F,20,A,A,A,C,A
4004,30621.0,6.6,0,0,0,F,20,A,A,B,C,A
4004,30622.0,7.5,0,0,0,F,20,A,A,B,C,B
4004,30623.0,7.5,0,0,0,F,20,A,A,B,C,B
4004,30624.0,7.5,0,0,0,F,20,A,A,B,D,B
4004,30625.0,7.5,0,0,0,F,20,A,A,B,D,B
4004,30626.0,7.5,0,0,0,F,20,A,A,B,D,B
4004,30627.0,7.5,0,0,0,F,20,A,A,C,D,B
4004,30628.0,7.5,0,0,0,F,20,A,A,C,D,B
4004,30629.0,7.5,0,0,0,F,20,A,A,C,D,B
4004,30630.0,7.5,0,0,0,F,20,A,A,D,D,C
4004,30631.0,7.5,0,0,0,F,20,A,A,D,D,C
4004,30632.0,7.5,0,0,0,F,20,A,A,D,D,C
4004,30633.0,7.5,0,0,0,M,20,A,A,D,D,C
4004,30634.0,7.5,0,0,0,M,20,A,A,D,D,C
4004,30635.0,7.5,0,0,0,M,20,A,A,D,D,C
4004,30636.0,7.5,0,0,0,M,20,A,A,D,D,C
4004,30637.0,7.5,0,0,0,M,20,A,A,D,D,C
4004,30638.0,7.5,0,0,0,M,20,A,A,D,D,C
4004,30639.0,7.5,0,0,0,M,20,A,A,D,D,C
4004,30640.0,7.4,0,0,0,M,20,A,A,D,D,C
4004,30641.0,7.5,0,0,0,M,20,A,A,D,D,C
4004,30642.0,7.5,0,0,0,M,20,A,A,D,D,D
4004,30643.0,7.5,0,0,0,M,20,A,A,D,D,D
4004,30644.0,7.5,0,0,0,M,20,A,A,D,D,D
4004,30645.0,7.6,0,0,0,M,20,A,A,D,D,D
4004,30646.0,7.8,0,0,0,M,20,A,A,D,D,D
4004,30647.0,7.8,0,0,0,M,20,A,A,D,D,D
4004,30648.0,2.0,30,10,0,M,20,A,A,D,D,D
4004,30649.0,6.4,10,0,0,M,20,A,A,D,E,D
4004,30650.0,8.4,0,0,0,M,20,A,A,D,E,D
4004,30651.0,8.4,0,0,0,M,20,A,A,D,E,E
4004,30652.0,9.2,0,0,0,M,20,A,A,E,E,E
4004,30653.0,0.0,0,0,0,M,20,A,A,E,E,E
4004,30654.0,9.4,0,0,0,M,20,A,A,E,E,E
4004,30655.0,7.5,0,15,0,M,20,A,A,E,E,E
4004,30656.0,10.1,0,0,0,M,20,A,A,E,E,E
4004,30657.0,0.0,20,45,0,M,20,A,A,E,E,E
4004,30658.0,0.0,40,10,20,M,20,A,B,E,E,E
4004,30659.0,10.6,0,0,0,M,20,A,B,E,E,E
4004,30660.0,10.6,0,0,0,M,20,A,B,E,E,E
4004,30661.0,0.0,0,0,0,M,20,A,B,E,E,E
4004,30662.0,11.1,0,0,0,M,20,A,B,E,E,F
4004,30663.0,0.0,0,0,0,M,20,A,B,E,E,F
4004,30664.0,11.1,0,0,0,M,20,A,B,E,E,F
4004,30665.0,9.5,0,0,10,M,20,A,C,E,E,F
4004,30666.0,2.2,60,0,0,M,20,A,C,E,E,F
4004,30667.0,0.0,0,0,0,M,20,A,C,E,E,F
4004,30668.0,0.0,0,0,0,M,20,A,D,E,E,F
4004,30669.0,0.0,0,0,0,M,20,A,D,E,E,F
4004,30670.0,0.0,0,0,0,M,20,A,D,E,E,F
4004,30671.0,0.0,0,0,0,M,20,A,D,E,F,F
4004,30672.0,11.5,0,0,0,M,20,A,D,E,F,F
4004,30673.0,6.2,30,5,0,M,20,A,D,E,F,F
4004,30674.0,4.6,0,50,0,M,20,A,D,E,F,F
4004,30675.0,12.1,0,0,0,M,20,A,D,E,F,F
4004,30676.0,11.9,0,0,0,M,20,A,D,E,F,F
4004,30677.0,0.0,0,0,0,M,20,A,D,E,F,F
4004,30678.0,2.0,0,0,0,M,20,A,D,E,F,F
4004,30679.0,0.0,0,0,0,M,20,A,D,E,F,F
4004,30680.0,9.2,0,20,0,M,20,A,D,E,F,F
4004,30681.0,12.5,0,0,0,M,20,A,D,E,F,F
4004,30682.0,1.6,0,0,0,M,20,A,D,F,F,F
4004,30683.0,0.0,0,0,0,M,20,A,D,F,F,F
4004,30684.0,12.9,0,0,0,M,20,A,D,F,F,F
4004,30685.0,9.4,25,0,0,M,20,A,D,F,F,F
4004,30686.0,8.5,0,15,15,M,20,A,D,F,F,F
4004,30687.0,0.0,0,0,0,M,20,A,D,F,F,F
4004,30688.0,0.0,0,0,0,M,20,A,D,F,F,F
4004,30689.0,0.0,0,0,0,M,20,A,D,F,F,F
4004,30690.0,6.2,20,0,30,M,20,A,D,F,F,F
4004,30691.0,0.0,0,0,0,M,20,A,D,F,F,G
4004,30692.0,11.0,0,15,0,M,20,A,D,F,F,G
4004,30693.0,0.0,0,0,0,M,20,A,D,F,F,G
4004,30694.0,0.0,0,0,0,M,20,A,D,F,F,G
4004,30695.0,0.0,0,0,0,M,20,A,D,F,F,G
4004,30696.0,0.0,0,0,0,M,20,B,F,F,F,G
4004,30697.0,2.6,0,0,0,M,20,B,F,F,F,G
4004,30698.0,0.0,0,0,0,M,20,B,F,F,F,G
4004,30699.0,0.0,0,0,0,M,20,E,F,F,,G
4004,30700.0,6.6,25,15,5,M,20,,,,,
4004,30701.0,0.0,0,0,0,M,20,,,,,
4004,30702.0,2.2,0,0,0,M,20,,,,,
4004,30703.0,14.4,0,0,0,M,20,,,,,
4004,30704.0,2.0,0,0,0,M,20,,,,,
4004,30705.0,14.3,0,0,0,M,20,,,,,
4004,30706.0,11.0,0,0,25,M,20,,,,,
4004,30707.0,4.2,20,0,50,M,20,,,,,
4301,30708.0,15.0,0,0,0,F,20,A,A,B,D,B
4301,30709.0,15.0,0,0,0,F,20,A,A,B,D,C
4301,30710.0,7.6,30,20,0,F,20,A,A,B,D,C
4301,30711.0,15.0,0,0,0,F,20,A,A,C,D,C
4301,30712.0,15.0,0,0,0,F,20,A,A,D,D,C
4301,30713.0,15.0,0,0,0,F,20,A,A,D,E,D
4301,30714.0,15.0,0,0,0,F,20,A,A,D,E,D
4301,30715.0,15.0,0,0,0,F,20,A,A,D,E,D
4301,30716.0,15.0,0,0,0,F,20,A,A,D,E,D
4301,30717.0,15.0,0,0,0,F,20,A,B,E,E,E
4301,30718.0,15.0,0,0,0,M,20,A,B,E,E,E
4301,30719.0,15.0,0,0,0,M,20,A,B,E,E,E
4301,30720.0,15.0,0,0,0,M,20,A,B,E,E,E
4301,30721.0,6.4,10,0,50,M,20,A,D,E,E,E
4301,30722.0,4.4,0,0,0,M,20,A,D,E,E,E
4301,30723.0,9.5,0,40,0,M,20,A,D,E,E,E
4301,30724.0,15.9,0,0,0,M,20,A,D,E,F,E
4301,30725.0,4.0,70,0,10,M,20,A,D,E,F,F
4301,30726.0,2.6,0,0,0,M,20,A,D,E,F,F
4301,30727.0,16.2,0,0,0,M,20,B,D,F,F,F
4301,30728.0,16.3,0,0,0,M,20,B,D,F,F,F
4301,30729.0,8.4,0,35,20,M,20,B,D,F,F,F
4301,30730.0,5.2,0,0,0,M,20,B,F,F,F,F
4301,30731.0,5.2,0,0,0,M,20,B,F,F,F,G
4301,30732.0,16.3,0,0,0,M,20,,,,,
4301,30733.0,16.3,0,0,0,M,20,,,,,
4301,30734.0,10.8,40,0,0,M,20,,,,,
4301,30735.0,7.5,0,0,0,M,20,,,,,
4301,30736.0,3.6,0,0,0,M,20,,,,,
4301,30737.0,15.6,0,0,10,M,20,,,,,
4301,30738.0,5.8,10,15,50,M,20,,,,,
3502,30739.0,17.0,0,0,0,F,20,A,A,A,B,A
3502,30740.0,6.8,25,45,0,F,20,A,A,A,B,A
3502,30741.0,17.6,0,0,0,F,20,A,A,B,C,A
3502,30742.0,2.4,0,0,15,F,20,A,A,B,C,A
3502,30743.0,17.6,0,0,0,F,20,A,A,B,C,A
3502,30744.0,15.0,0,0,20,F,20,A,A,B,C,A
3502,30745.0,17.9,0,0,0,F,20,A,A,B,C,A
3502,30746.0,18.0,0,0,0,F,20,A,A,B,C,A
3502,30747.0,17.8,0,0,0,F,20,A,A,B,C,A
3502,30748.0,7.5,0,0,0,F,20,A,A,C,C,A
3502,30749.0,3.2,20,70,10,F,20,A,A,C,C,A
3502,30750.0,18.4,0,0,0,F,20,A,A,C,C,B
3502,30751.0,10.9,50,0,0,F,20,A,A,C,D,B
3502,30752.0,0.0,50,0,0,F,20,A,A,C,D,B
3502,30753.0,2.6,25,5,0,F,20,A,A,C,D,B
3502,30754.0,10.5,10,30,15,F,20,A,A,C,D,B
3502,30755.0,7.5,0,0,0,F,20,A,A,C,D,B
3502,30756.0,7.4,75,0,0,F,20,A,A,C,D,B
3502,30757.0,18.9,0,0,0,F,20,A,A,C,D,B
3502,30758.0,7.5,0,0,0,F,20,A,A,C,D,B
3502,30759.0,7.5,0,0,0,F,20,A,A,C,D,B
3502,30760.0,7.5,0,0,0,F,20,A,A,C,D,B
3502,30761.0,7.5,0,0,0,F,20,A,A,C,D,B
3502,30762.0,7.5,0,0,0,F,20,A,A,D,D,B
3502,30763.0,7.5,0,0,0,F,20,A,A,D,D,B
3502,30764.0,7.5,0,0,0,F,20,A,A,D,D,B
3502,30765.0,15.0,0,25,0,F,20,A,A,D,D,B
3502,30766.0,7.5,0,0,0,F,20,A,A,D,D,B
3502,30767.0,7.5,0,0,0,F,20,A,A,D,D,B
3502,30768.0,7.5,0,0,0,F,20,A,A,D,D,B
3502,30769.0,7.5,0,0,0,F,20,A,A,D,D,C
3502,30770.0,7.5,0,0,0,F,20,A,A,D,D,C
3502,30771.0,7.5,0,0,0,F,20,A,A,D,D,C
3502,30772.0,7.5,0,0,0,F,20,A,A,D,D,C
3502,30773.0,18.6,0,0,0,F,20,A,A,D,D,C
3502,30774.0,7.5,0,0,0,F,20,A,A,D,D,C
3502,30775.0,7.5,0,0,0,M,20,A,B,D,D,C
3502,30776.0,7.5,0,0,0,M,20,A,B,D,D,C
3502,30777.0,7.5,0,0,0,M,20,A,B,D,D,D
3502,30778.0,7.5,0,0,0,M,20,A,B,D,D,D
3502,30779.0,7.5,0,0,0,M,20,A,B,D,D,D
3502,30780.0,7.5,0,0,0,M,20,A,B,D,D,D
3502,30781.0,19.2,0,0,0,M,20,A,D,E,E,E
3502,30782.0,19.4,0,0,0,M,20,A,D,E,E,E
3502,30783.0,7.4,0,0,0,M,20,A,D,E,E,E
3502,30784.0,7.8,0,30,50,M,20,A,D,E,E,E
3502,30785.0,7.5,0,0,0,M,20,A,D,E,E,E
3502,30786.0,16.3,25,0,0,M,20,A,D,E,E,E
3502,30787.0,7.5,0,0,0,M,20,A,D,E,E,E
3502,30788.0,7.5,0,0,0,M,20,A,D,E,E,E
3502,30789.0,3.4,10,10,0,M,20,A,D,E,E,E
3502,30790.0,7.5,0,0,0,M,20,A,D,E,E,E
3502,30791.0,7.5,10,0,0,M,20,A,D,E,E,E
3502,30792.0,8.4,60,20,0,M,20,A,D,E,E,E
3502,30793.0,7.5,0,0,0,M,20,A,D,E,E,E
3502,30794.0,9.1,0,0,0,M,20,A,D,E,E,E
3502,30795.0,7.0,0,0,0,M,20,A,D,E,F,E
3502,30796.0,7.5,0,0,0,M,20,A,D,E,F,E
3502,30797.0,7.5,0,0,0,M,20,A,D,E,F,E
3502,30798.0,13.6,0,45,0,M,20,A,D,E,F,E
3502,30799.0,8.1,0,0,0,M,20,A,D,E,F,E
3502,30800.0,18.9,10,0,0,M,20,A,D,F,F,E
3502,30801.0,9.5,0,0,0,M,20,A,D,F,F,F
3502,30802.0,20.2,0,0,0,M,20,A,D,F,F,F
3502,30803.0,10.2,70,0,0,M,20,A,D,F,F,F
3502,30804.0,9.7,0,0,0,M,20,A,D,F,F,F
3502,30805.0,6.8,20,0,0,M,20,A,D,F,F,F
2001,30806.0,18.6,20,0,0,F,20,A,A,A,B,A
2001,30807.0,21.4,0,0,0,F,20,A,A,B,B,A
2001,30808.0,9.4,0,0,0,F,20,A,A,B,B,A
2001,30809.0,8.8,0,0,0,F,20,A,A,B,B,A
2001,30810.0,9.1,0,0,0,F,20,A,A,B,B,A
2001,30811.0,1.0,15,30,20,F,20,A,A,B,B,A
2001,30812.0,18.5,0,20,0,F,20,A,A,B,B,A
2001,30813.0,13.6,55,0,0,F,20,A,A,B,B,A
2001,30814.0,3.8,15,30,0,F,20,A,A,B,B,A
2001,30815.0,9.5,0,0,0,F,20,A,A,B,B,A
2001,30816.0,21.8,0,0,0,F,20,A,A,B,B,A
2001,30817.0,22.0,0,0,0,F,20,A,A,B,B,A
2001,30818.0,8.4,0,0,0,F,20,A,A,B,B,A
2001,30819.0,9.5,0,10,0,F,20,A,A,B,B,A
2001,30820.0,8.6,50,30,10,F,20,A,A,B,B,A
2001,30821.0,12.2,30,35,0,F,20,A,A,B,B,A
2001,30822.0,11.1,0,0,0,F,20,A,A,B,C,A
2001,30823.0,8.5,0,0,0,F,20,A,A,B,C,A
2001,30824.0,4.0,70,50,0,F,20,A,A,B,C,A
2001,30825.0,22.5,0,0,0,F,20,A,A,B,C,B
2001,30826.0,0.0,0,0,0,F,20,A,A,B,C,B
2001,30827.0,0.0,0,0,0,F,20,A,A,B,C,B
2001,30828.0,0.0,0,0,0,F,20,A,A,B,C,B
2001,30829.0,22.5,0,0,0,F,20,A,A,B,C,B
2001,30830.0,11.3,0,0,0,F,20,A,A,B,C,B
2001,30831.0,0.0,0,0,0,F,20,A,A,C,C,B
2001,30832.0,22.5,0,0,0,F,20,A,A,C,C,B
2001,30833.0,0.0,0,0,0,F,20,A,A,C,C,B
2001,30834.0,0.0,0,0,0,F,20,A,A,C,D,B
2001,30835.0,8.9,0,0,0,F,20,A,A,C,D,B
2001,30836.0,7.5,0,15,10,F,20,A,A,C,D,B
2001,30837.0,3.4,0,50,0,F,20,A,A,C,D,B
2001,30838.0,0.0,0,0,0,F,20,A,A,C,D,B
2001,30839.0,0.0,0,0,0,F,20,A,A,C,D,B
2001,30840.0,0.0,0,0,0,F,20,A,A,C,D,B
2001,30841.0,22.5,0,0,0,F,20,A,A,C,D,B
2001,30842.0,11.5,0,0,0,F,20,A,A,C,D,B
2001,30843.0,10.2,40,40,0,F,20,A,A,D,D,B
2001,30844.0,22.5,0,0,0,F,20,A,A,D,D,B
2001,30845.0,10.1,0,0,0,F,20,A,A,D,D,B
2001,30846.0,0.0,0,0,0,F,20,A,B,D,D,B
2001,30847.0,0.0,0,0,0,F,20,A,B,D,D,B
2001,30848.0,22.3,0,0,0,F,20,A,B,D,D,B
2001,30849.0,11.3,0,0,0,F,20,A,B,D,D,B
2001,30850.0,0.0,0,0,0,F,20,A,B,D,D,B
2001,30851.0,7.5,25,0,0,F,20,A,B,D,D,B
2001,30852.0,22.5,0,0,0,F,20,A,B,D,D,B
2001,30853.0,0.0,0,0,0,F,20,A,B,D,D,B
2001,30854.0,0.0,0,0,0,F,20,A,B,D,D,B
2001,30855.0,0.0,0,0,0,F,20,A,C,D,D,C
2001,30856.0,22.5,0,0,0,F,20,A,D,D,D,C
2001,30857.0,0.0,0,0,0,F,20,A,D,D,D,C
2001,30858.0,0.0,0,0,0,F,20,A,D,D,D,C
2001,30859.0,0.0,0,0,0,F,20,A,D,D,D,C
2001,30860.0,0.0,0,0,0,F,20,A,D,D,D,C
2001,30861.0,19.0,25,0,0,F,20,A,D,D,D,C
2001,30862.0,8.5,10,0,0,F,20,A,D,D,D,C
2001,30863.0,10.1,10,0,0,F,20,A,D,D,D,C
2001,30864.0,10.1,10,0,0,F,20,A,D,D,D,D
2001,30865.0,4.0,45,50,30,F,20,A,D,D,D,D
2001,30866.0,11.7,0,0,0,F,20,A,D,D,D,D
2001,30867.0,5.2,50,0,0,F,20,A,D,D,D,D
2001,30868.0,11.5,0,0,0,F,20,A,D,D,D,D
2001,30869.0,0.0,0,0,0,F,20,A,D,D,D,D
2001,30870.0,7.5,20,0,10,F,20,A,D,D,E,D
2001,30871.0,9.5,0,0,0,F,20,A,D,D,E,D
2001,30872.0,0.0,0,0,0,F,20,A,D,D,E,D
2001,30873.0,9.5,0,0,0,F,20,A,D,D,E,D
2001,30874.0,23.0,0,0,0,F,20,A,D,E,E,D
2001,30875.0,8.0,0,10,0,F,20,A,D,E,E,E
2001,30876.0,9.5,0,10,0,F,20,A,D,E,E,E
2001,30877.0,10.4,10,60,15,F,20,A,D,E,E,E
2001,30878.0,0.0,0,0,0,F,20,A,D,E,E,E
2001,30879.0,1.0,0,0,0,F,20,A,D,E,E,E
2001,30880.0,7.5,0,0,30,F,20,A,D,E,E,E
2001,30881.0,0.0,0,0,10,F,20,B,D,E,E,E
2001,30882.0,11.1,0,0,0,F,20,B,D,E,E,E
2001,30883.0,23.4,0,0,0,F,20,B,D,E,E,E
2001,30884.0,0.0,10,0,0,F,20,B,D,E,E,E
2001,30885.0,10.0,0,0,0,F,20,B,D,E,E,E
2001,30886.0,6.6,10,15,0,F,20,B,D,F,F,F
2001,30887.0,7.6,0,20,0,F,20,B,D,F,F,F
2001,30888.0,9.6,70,15,10,F,20,B,D,F,F,F
2001,30889.0,16.6,20,0,30,F,20,B,D,F,F,F
2001,30890.0,9.1,10,15,0,F,20,B,D,F,F,F
2001,30891.0,8.2,30,0,0,F,20,B,D,F,F,F
2001,30892.0,23.8,0,0,0,F,20,B,D,F,F,F
2001,30893.0,11.3,10,0,0,F,20,B,D,F,F,F
2001,30894.0,12.7,0,0,0,F,20,C,D,F,F,F
2001,30895.0,3.4,0,45,0,F,20,E,F,F,F,F
2001,30896.0,1.6,0,0,0,F,20,E,F,F,F,G
2001,30897.0,10.0,20,0,0,F,20,E,F,F,F,G
2001,30898.0,15.0,10,0,50,F,20,,,,,
2001,30899.0,7.5,0,20,0,M,20,,,,,
2001,30900.0,7.6,50,20,40,M,20,,,,,
2001,30901.0,1.6,0,0,0,M,20,,,,,
2001,30902.0,10.7,0,0,0,M,20,,,,,
2001,30903.0,12.1,0,0,0,M,20,,,,,
2001,30904.0,0.0,0,0,0,M,20,,,,,
2001,30905.0,0.0,0,0,0,M,20,,,,,
2001,30906.0,11.9,0,0,0,M,20,,,,,
2001,30907.0,8.2,20,5,10,M,20,,,,,
2001,30908.0,20.0,20,0,0,M,20,,,,,
2001,30909.0,11.9,0,0,0,M,20,,,,,
2501,30910.0,0.0,15,70,0,F,20,A,A,B,B,A
2501,30911.0,0.0,0,0,0,F,20,A,A,B,B,A
2501,30912.0,0.0,0,0,0,F,20,A,A,C,D,A
2501,30913.0,0.0,0,0,0,F,20,A,A,C,D,A
2501,30914.0,0.0,0,0,0,F,20,A,A,C,D,A
2501,30915.0,0.0,0,0,0,F,20,A,A,C,D,A
2501,30916.0,0.0,0,0,15,F,20,A,A,C,D,A
2501,30917.0,0.0,0,10,5,F,20,A,A,D,D,B
2501,30918.0,10.1,0,0,20,F,20,A,A,D,D,B
2501,30919.0,19.0,20,5,10,F,20,A,A,D,D,B
2501,30920.0,0.0,0,0,0,F,20,A,A,D,D,B
2501,30921.0,9.6,35,45,20,F,20,A,A,D,D,C
2501,30922.0,7.5,0,25,0,F,20,A,A,D,D,C
2501,30923.0,2.6,0,0,0,F,20,A,A,D,D,C
2501,30924.0,11.3,0,0,0,F,20,A,A,E,E,C
2501,30925.0,8.9,0,15,0,F,20,A,A,E,E,D
2501,30926.0,9.9,25,0,0,F,20,A,A,E,E,D
2501,30927.0,1.0,0,0,10,F,20,A,A,E,E,D
2501,30928.0,3.6,0,0,0,F,20,A,A,E,E,D
2501,30929.0,17.7,0,15,30,F,20,A,A,E,E,D
2501,30930.0,11.2,60,10,20,F,20,A,A,E,E,D
2501,30931.0,22.5,0,5,10,F,20,A,A,E,E,D
2501,30932.0,11.3,0,0,0,F,20,A,B,E,E,D
2501,30933.0,9.7,0,0,15,F,20,A,B,E,E,D
2501,30934.0,1.6,0,0,0,F,20,A,B,E,E,E
2501,30935.0,11.8,0,0,0,F,20,A,C,E,F,E
2501,30936.0,2.2,80,0,0,M,20,B,F,F,F,F
2501,30937.0,7.4,40,5,0,M,20,C,F,F,F,F
2501,30938.0,25.2,0,0,0,M,20,C,F,F,F,F
2501,30939.0,9.5,20,10,0,M,20,E,F,F,F,G
2501,30940.0,9.5,25,0,0,M,20,,,,,
2501,30941.0,0.0,0,0,0,M,20,,,,,
2501,30942.0,0.0,0,0,0,M,20,,,,,
2501,30943.0,0.0,0,0,0,M,20,,,,,
2501,30944.0,13.1,0,0,0,M,20,,,,,
2501,30945.0,11.3,20,0,0,M,20,,,,,
2501,30946.0,3.8,25,30,0,M,20,,,,,
2501,30947.0,0.0,0,0,0,M,20,,,,,
2501,30948.0,6.0,10,30,0,M,20,,,,,
1402,30949.0,11.3,20,0,0,F,20,A,A,A,A,A
1402,30950.0,7.5,0,30,0,F,20,A,A,B,A,A
1402,30951.0,11.1,0,15,0,F,20,A,A,B,A,A
1402,30952.0,15.0,0,0,0,M,20,A,A,D,D,B
1402,30953.0,15.0,0,0,0,M,20,A,A,D,D,B
1402,30954.0,15.0,0,0,0,M,20,A,A,D,D,B
1402,30955.0,15.0,0,0,0,M,20,A,A,D,D,B
1402,30956.0,13.8,0,0,0,M,20,A,A,D,D,C
1402,30957.0,12.9,0,0,0,M,20,A,B,D,E,C
1402,30958.0,15.0,0,0,0,M,20,A,B,D,E,C
1402,30959.0,15.0,0,0,0,M,20,A,C,D,E,D
1402,30960.0,15.0,0,0,0,M,20,A,D,D,E,D
1402,30961.0,16.0,30,20,15,M,20,A,D,E,E,D
1402,30962.0,15.0,0,0,0,M,20,A,D,E,E,D
1402,30963.0,15.0,0,0,0,M,20,A,D,E,E,E
1402,30964.0,8.5,30,0,0,M,20,A,D,E,F,E
1402,30965.0,15.0,0,0,0,M,20,A,D,E,F,E
1402,30966.0,15.0,0,0,0,M,20,A,D,E,F,E
1402,30967.0,15.0,0,0,0,M,20,A,D,E,F,E
1402,30968.0,15.0,0,0,0,M,20,B,D,E,F,F
1402,30969.0,15.0,0,0,0,M,20,B,D,E,F,F
1502,30970.0,3.8,0,0,0,F,20,A,A,B,B,A
1502,30971.0,15.0,0,0,0,F,20,A,A,C,B,A
1502,30972.0,2.4,10,0,0,F,20,A,A,C,B,B
1502,30973.0,15.0,0,0,0,F,20,A,A,C,C,B
1502,30974.0,0.6,10,0,10,F,20,A,A,C,C,B
1502,30975.0,15.0,0,0,0,F,20,A,A,C,C,B
1502,30976.0,15.0,0,0,0,F,20,A,A,C,D,B
1502,30977.0,26.4,0,0,0,F,20,A,A,C,D,B
1502,30978.0,13.3,0,0,0,F,20,A,A,C,D,B
1502,30979.0,5.8,0,30,15,F,20,A,A,C,D,B
1502,30980.0,8.9,10,15,0,F,20,A,A,C,D,B
1502,30981.0,15.0,0,0,0,F,20,A,A,D,D,B
1502,30982.0,12.7,0,0,0,F,20,A,A,D,D,C
1502,30983.0,15.0,0,0,0,F,20,A,A,D,D,C
1502,30984.0,15.0,0,0,0,F,20,A,A,D,D,C
1502,30985.0,7.5,0,35,0,F,20,A,A,D,D,C
1502,30986.0,22.6,0,25,0,F,20,A,B,D,D,D
1502,30987.0,26.2,0,0,0,F,20,A,B,D,D,D
1502,30988.0,15.0,0,0,0,M,20,A,B,D,D,D
1502,30989.0,26.9,0,0,0,M,20,A,B,D,D,D
1502,30990.0,13.1,30,20,40,M,20,A,B,E,D,D
1502,30991.0,13.5,10,0,0,M,20,A,B,E,E,D
1502,30992.0,0.0,0,0,0,M,20,A,C,E,E,D
1502,30993.0,1.6,5,15,0,M,20,A,D,E,E,D
1502,30994.0,0.0,0,0,0,M,20,A,D,E,E,D
1502,30995.0,0.0,0,0,0,M,20,A,D,E,E,D
1502,30996.0,0.0,0,0,0,M,20,A,D,E,E,D
1502,30997.0,0.0,0,0,0,M,20,A,D,E,E,E
1502,30998.0,0.0,0,30,0,M,20,A,D,E,F,E
1502,30999.0,2.0,30,85,50,M,20,A,D,E,F,E
1502,31000.0,26.9,0,0,0,M,20,A,D,E,F,E
1502,31001.0,8.1,50,0,0,M,20,A,D,E,F,E
1502,31002.0,0.0,0,0,0,M,20,A,D,E,F,E
1502,31003.0,5.2,10,20,40,M,20,B,D,F,F,F
1502,31004.0,0.0,0,0,0,M,20,,,,,
1502,31005.0,0.0,0,0,0,M,20,,,,,
1502,31006.0,0.0,0,0,0,M,20,,,,,
1502,31007.0,0.0,0,0,0,M,20,,,,,
1502,31008.0,0.0,0,0,0,M,20,,,,,
1502,31009.0,0.0,0,0,0,M,20,,,,,
1602,31010.0,7.5,10,45,0,F,20,A,A,A,B,A
1602,31011.0,0.0,25,5,0,F,20,A,A,A,B,A
1602,31012.0,22.5,20,10,0,F,20,A,A,A,B,A
1602,31013.0,15.0,0,0,0,F,20,A,A,A,B,A
1602,31014.0,15.0,0,0,0,F,20,A,A,B,B,A
1602,31015.0,15.0,0,0,0,F,20,A,A,B,B,A
1602,31016.0,15.0,0,0,0,F,20,A,A,B,B,A
1602,31017.0,0.0,0,25,0,F,20,A,A,B,B,A
1602,31018.0,5.0,0,0,0,F,20,A,A,B,C,A
1602,31019.0,17.1,0,65,0,F,20,A,A,B,C,A
1602,31020.0,14.7,0,0,0,F,20,A,A,B,C,A
1602,31021.0,15.0,0,0,0,F,20,A,A,B,C,A
1602,31022.0,15.0,0,0,0,F,20,A,A,B,C,A
1602,31023.0,27.3,0,0,0,F,20,A,A,B,C,A
1602,31024.0,6.0,0,0,0,F,20,A,A,C,C,A
1602,31025.0,2.0,0,0,20,F,20,A,A,C,C,A
1602,31026.0,3.6,5,0,5,F,20,A,A,C,C,A
1602,31027.0,3.4,0,0,10,F,20,A,A,C,C,A
1602,31028.0,15.0,0,0,0,F,20,A,A,C,C,B
1602,31029.0,2.2,10,35,30,F,20,A,A,C,C,B
1602,31030.0,15.0,0,0,0,F,20,A,A,C,C,B
1602,31031.0,15.0,0,0,0,F,20,A,A,C,C,B
1602,31032.0,22.8,20,0,10,F,20,A,A,C,D,B
1602,31033.0,27.1,0,0,0,F,20,A,A,C,D,B
1602,31034.0,15.5,10,0,0,F,20,A,A,C,D,B
1602,31035.0,16.0,0,0,0,F,20,A,A,C,D,B
1602,31036.0,15.0,0,0,0,F,20,A,A,C,D,B
1602,31037.0,15.0,0,0,0,F,20,A,A,C,D,B
1602,31038.0,15.0,0,0,0,F,20,A,A,C,D,B
1602,31039.0,22.5,30,0,0,F,20,A,A,C,D,B
1602,31040.0,15.0,10,0,0,F,20,A,A,C,D,B
1602,31041.0,12.5,0,10,0,F,20,A,A,C,D,B
1602,31042.0,1.0,0,0,0,F,20,A,A,C,D,B
1602,31043.0,23.8,0,25,0,F,20,A,A,C,D,B
1602,31044.0,0.0,20,15,0,F,20,A,A,C,D,B
1602,31045.0,7.5,25,15,20,F,20,A,A,D,D,B
1602,31046.0,15.0,0,0,0,F,20,A,A,D,D,C
1602,31047.0,15.0,0,0,0,F,20,A,A,D,D,C
1602,31048.0,15.0,0,0,0,F,20,A,A,D,D,C
1602,31049.0,16.0,0,0,0,F,20,A,A,D,D,C
1602,31050.0,15.0,0,0,0,F,20,A,A,D,D,C
1602,31051.0,15.0,0,0,0,F,20,A,A,D,D,C
1602,31052.0,15.0,0,0,0,F,20,A,A,D,D,C
1602,31053.0,18.0,0,70,0,F,20,A,A,D,E,C
1602,31054.0,28.4,0,0,0,F,20,A,A,D,E,C
1602,31055.0,14.9,0,0,0,F,20,A,A,D,E,C
1602,31056.0,15.0,0,0,0,F,20,A,A,D,E,C
1602,31057.0,4.8,80,0,5,F,20,A,A,D,E,D
1602,31058.0,28.5,0,0,0,F,20,A,A,D,E,D
1602,31059.0,15.0,0,0,0,F,20,A,A,D,E,D
1602,31060.0,13.7,10,15,0,F,20,A,A,D,E,D
1602,31061.0,1.6,0,0,0,F,20,A,A,D,E,D
1602,31062.0,9.9,35,15,0,F,20,A,B,E,E,D
1602,31063.0,15.0,0,0,0,F,20,A,B,E,E,D
1602,31064.0,6.4,10,0,0,F,20,A,B,E,E,D
1602,31065.0,15.0,0,0,0,F,20,A,B,E,E,D
1602,31066.0,12.9,15,0,15,F,20,A,B,E,E,D
1602,31067.0,10.3,0,30,0,F,20,A,B,E,E,E
1602,31068.0,15.0,0,0,0,F,20,A,B,E,E,E
1602,31069.0,15.0,0,0,0,F,20,A,B,E,E,E
1602,31070.0,15.0,0,0,0,F,20,A,B,E,E,E
1602,31071.0,15.0,0,0,0,M,20,A,B,E,E,E
1602,31072.0,15.0,0,0,0,M,20,A,B,E,E,E
1602,31073.0,4.8,10,45,100,M,20,A,B,E,E,E
1602,31074.0,15.0,0,0,0,M,20,A,B,E,E,E
1602,31075.0,15.0,0,0,0,M,20,A,B,E,E,E
1602,31076.0,15.0,0,0,0,M,20,A,C,E,E,E
1602,31077.0,1.6,0,0,10,M,20,A,D,E,E,E
1602,31078.0,18.1,0,0,0,M,20,A,D,E,E,E
1602,31079.0,0.0,0,45,0,M,20,A,D,E,E,E
1602,31080.0,7.5,0,0,0,M,20,A,D,E,E,E
1602,31081.0,6.4,0,0,0,M,20,A,D,E,E,E
1602,31082.0,2.0,0,0,0,M,20,A,D,E,E,E
1602,31083.0,4.4,0,0,0,M,20,A,D,E,E,E
1602,31084.0,12.1,0,10,15,M,20,A,D,E,E,E
1602,31085.0,0.0,50,0,0,M,20,A,D,E,E,E
1602,31086.0,2.0,0,0,0,M,20,A,D,E,E,E
1602,31087.0,2.0,0,0,0,M,20,A,D,E,E,E
1602,31088.0,15.0,0,10,0,M,20,A,D,E,E,E
1602,31089.0,2.0,0,0,0,M,20,A,D,E,E,E
1602,31090.0,28.9,0,0,0,M,20,A,D,E,E,E
1602,31091.0,9.7,0,35,0,M,20,A,D,E,E,E
1602,31092.0,18.0,0,0,0,M,20,A,D,E,E,E
1602,31093.0,8.2,0,0,0,M,20,A,D,E,E,E
1602,31094.0,21.2,35,5,10,M,20,A,D,E,E,E
1602,31095.0,2.0,0,0,0,M,20,A,D,E,E,E
1602,31096.0,15.0,0,0,10,M,20,A,D,E,E,E
1602,31097.0,17.8,0,0,0,M,20,A,D,E,E,E
1602,31098.0,17.0,0,0,0,M,20,A,D,E,E,E
1602,31099.0,17.0,0,0,0,M,20,A,D,E,E,F
1602,31100.0,3.6,0,0,0,M,20,A,D,E,E,F
1602,31101.0,2.4,0,0,0,M,20,A,D,E,E,F
1602,31102.0,0.0,0,15,0,M,20,A,D,E,E,F
1602,31103.0,11.9,25,0,0,M,20,A,D,E,F,F
1602,31104.0,14.1,25,75,0,M,20,A,D,E,F,F
1602,31105.0,13.5,10,5,15,M,20,A,D,E,F,F
1602,31106.0,2.6,0,30,0,M,20,A,D,E,F,F
1602,31107.0,16.5,10,0,0,M,20,A,D,E,F,F
1602,31108.0,3.8,0,0,0,M,20,A,D,F,F,F
1602,31109.0,10.2,40,65,20,M,20,A,D,F,F,F
1602,31110.0,1.0,35,5,0,M,20,A,D,F,F,F
1602,31111.0,13.5,0,30,0,M,20,A,D,F,F,F
1602,31112.0,7.5,10,45,20,M,20,A,D,F,F,F
1602,31113.0,7.5,0,0,0,M,20,A,D,F,F,F
1602,31114.0,7.5,0,0,0,M,20,A,D,F,F,F
1602,31115.0,7.5,0,0,0,M,20,A,D,F,F,F
1602,31116.0,7.5,0,0,0,M,20,A,D,F,F,F
1602,31117.0,7.5,0,0,0,M,20,A,D,F,F,F
1602,31118.0,7.5,0,0,0,M,20,A,D,F,F,F
1602,31119.0,7.5,0,0,0,M,20,B,D,F,F,F
1602,31120.0,7.5,0,0,0,M,20,E,F,F,F,G
1602,31121.0,7.5,0,0,0,M,20,E,F,F,F,G
1602,31122.0,7.5,0,0,0,M,20,,,,,
1602,31123.0,7.5,0,0,0,M,20,,,,,
1602,31124.0,0.0,50,0,0,M,20,,,,,
1602,31125.0,7.5,0,0,0,M,20,,,,,
1602,31126.0,7.5,0,0,0,M,20,,,,,
1602,31127.0,7.5,0,0,0,M,20,,,,,
1602,31128.0,7.5,0,0,0,M,20,,,,,
1602,31129.0,7.5,0,0,0,M,20,,,,,
1602,31130.0,8.5,10,40,0,M,20,,,,,
1602,31131.0,7.5,0,0,0,M,20,,,,,
1602,31132.0,7.5,0,0,0,M,20,,,,,
1602,31133.0,7.5,0,0,0,M,20,,,,,
1602,31134.0,7.5,0,0,0,M,20,,,,,
1602,31135.0,7.5,0,0,0,M,20,,,,,
1602,31136.0,7.5,0,0,0,M,20,,,,,
1602,31137.0,7.5,0,0,0,M,20,,,,,
1602,31138.0,7.5,0,0,0,M,20,,,,,
1602,31139.0,7.5,0,0,0,M,20,,,,,
1602,31140.0,11.8,40,0,5,M,20,,,,,
702,31141.0,7.5,0,0,0,F,20,A,A,B,B,A
702,31142.0,0.0,0,20,0,F,20,A,A,B,C,A
702,31143.0,12.9,0,20,0,F,20,A,A,B,C,A
702,31144.0,7.5,0,0,0,F,20,A,A,C,C,A
702,31145.0,7.5,0,0,0,F,20,A,A,C,D,B
702,31146.0,4.0,0,0,0,M,20,A,A,D,D,B
702,31147.0,7.5,0,0,0,M,20,A,A,D,D,B
702,31148.0,7.5,0,0,0,M,20,A,A,D,D,C
702,31149.0,7.5,0,0,0,M,20,A,A,D,D,C
702,31150.0,7.5,0,0,0,M,20,A,B,D,D,C
702,31151.0,7.5,0,0,0,M,20,A,B,D,D,C
702,31152.0,0.0,10,10,0,M,20,,,,,
904,31153.0,7.5,0,0,0,F,20,A,A,A,A,A
904,31154.0,7.5,0,0,0,F,20,A,A,A,B,A
904,31155.0,7.5,0,0,0,F,20,A,A,A,B,A
904,31156.0,7.5,0,0,0,F,20,A,A,B,B,A
904,31157.0,7.5,0,0,0,F,20,A,A,B,B,A
904,31158.0,4.4,10,0,10,F,20,A,A,B,B,A
904,31159.0,7.5,0,0,0,F,20,A,A,B,B,A
904,31160.0,4.0,0,25,0,F,20,A,A,C,D,B
904,31161.0,16.7,20,0,0,F,20,A,B,C,D,B
904,31162.0,27.1,20,0,0,F,20,A,B,C,D,B
904,31163.0,17.8,0,0,0,F,20,A,B,D,D,B
904,31164.0,29.9,0,0,0,F,20,A,B,D,D,B
904,31165.0,17.2,0,0,10,F,20,A,B,D,D,B
904,31166.0,8.0,25,30,0,F,20,A,B,D,D,C
904,31167.0,7.5,0,50,100,F,20,A,B,D,D,C
904,31168.0,14.5,0,20,0,F,20,A,B,D,D,C
904,31169.0,26.5,0,25,0,F,20,A,B,D,D,C
904,31170.0,16.5,0,0,0,F,20,A,C,D,D,C
904,31171.0,18.6,0,0,0,F,20,A,D,D,D,C
904,31172.0,1.0,0,15,0,F,20,A,D,D,D,C
904,31173.0,23.4,0,45,0,F,20,A,D,D,D,C
904,31174.0,19.0,0,0,0,F,20,A,D,D,D,C
904,31175.0,15.3,0,10,0,F,20,A,D,D,D,D
904,31176.0,2.0,15,5,20,F,20,A,D,D,D,D
904,31177.0,30.4,0,0,0,F,20,A,D,E,D,D
904,31178.0,18.1,0,0,0,F,20,A,D,E,D,D
904,31179.0,2.0,0,0,20,F,20,A,D,E,D,D
904,31180.0,18.9,0,0,0,F,20,A,D,E,E,D
904,31181.0,10.1,0,0,0,F,20,A,D,E,E,D
904,31182.0,6.8,0,10,0,F,20,A,D,E,E,E
904,31183.0,17.0,0,0,0,F,20,A,D,E,E,E
904,31184.0,3.6,0,0,0,F,20,A,D,E,E,E
904,31185.0,6.0,0,0,0,F,20,A,D,E,E,E
904,31186.0,15.1,0,25,0,F,20,B,D,E,E,E
904,31187.0,3.6,0,0,0,F,20,B,D,E,E,E
904,31188.0,19.1,0,0,0,F,20,B,D,E,E,E
904,31189.0,11.1,20,25,10,F,20,B,D,E,E,E
904,31190.0,19.4,0,0,0,F,20,B,D,E,E,E
904,31191.0,15.8,45,45,10,F,20,B,D,F,E,E
904,31192.0,17.2,0,0,0,F,20,B,D,F,F,E
904,31193.0,8.5,0,0,0,F,20,B,D,F,F,E
904,31194.0,12.3,30,10,0,F,20,B,D,F,F,F
904,31195.0,7.5,0,0,0,F,20,B,D,F,F,F
904,31196.0,6.6,0,0,0,F,20,C,E,F,F,F
904,31197.0,3.6,0,0,10,M,20,E,F,F,F,F
904,31198.0,7.6,0,0,0,M,20,E,F,F,F,F
904,31199.0,13.5,40,45,30,M,20,E,F,F,F,F
904,31200.0,7.5,0,0,0,M,20,,,,,
904,31201.0,14.9,0,0,15,M,20,,,,,
904,31202.0,6.4,0,0,0,M,20,,,,,
904,31203.0,0.0,10,10,50,M,20,,,,,
904,31204.0,15.0,0,15,15,M,20,,,,,
904,31205.0,7.5,0,0,5,M,20,,,,,
904,31206.0,8.5,0,0,0,M,20,,,,,
904,31207.0,2.6,10,0,0,M,20,,,,,
904,31208.0,0.0,0,0,0,M,20,,,,,
904,31209.0,15.0,20,0,0,M,20,,,,,
904,31210.0,7.5,20,30,30,M,20,,,,,
904,31211.0,15.9,10,15,0,M,20,,,,,
904,31212.0,17.4,0,0,0,M,20,,,,,
904,31213.0,1.0,35,5,10,M,20,,,,,
904,31214.0,7.6,0,0,0,M,20,,,,,
904,31215.0,7.5,0,0,10,M,20,,,,,
904,31216.0,14.7,0,20,0,M,20,,,,,
904,31217.0,11.9,25,15,15,M,20,,,,,
904,31218.0,12.1,0,35,0,M,20,,,,,
904,31219.0,4.0,0,20,0,M,20,,,,,
904,31220.0,7.5,10,0,0,M,20,,,,,
904,31221.0,7.5,10,0,0,M,20,,,,,
904,31222.0,7.5,0,0,10,M,20,,,,,
904,31223.0,12.1,25,25,0,M,20,,,,,
904,31224.0,7.5,0,0,10,M,20,,,,,
2001,31225.0,9.1,0,0,0,F,20,A,A,A,A,A
2001,31226.0,18.0,0,0,0,F,20,A,A,B,C,B
2001,31227.0,14.5,20,0,20,F,20,A,A,B,C,B
2001,31228.0,14.1,0,25,0,F,20,A,A,C,C,B
2001,31229.0,30.0,10,0,0,F,20,A,A,C,C,B
2001,31230.0,21.6,55,0,10,F,20,A,A,C,C,B
2001,31231.0,1.0,0,25,0,F,20,A,B,C,C,B
2001,31232.0,7.5,0,0,0,F,20,A,D,D,D,C
2001,31233.0,7.5,0,0,0,F,20,A,D,D,D,C
2001,31234.0,20.6,0,0,0,F,20,A,D,D,D,C
2001,31235.0,0.0,20,45,0,F,20,A,D,D,D,D
2001,31236.0,19.8,0,0,0,F,20,A,D,D,D,D
2001,31237.0,7.5,0,0,0,F,20,A,D,D,D,D
2001,31238.0,11.1,0,20,30,F,20,A,D,D,D,D
2001,31239.0,7.5,0,0,0,F,20,A,D,D,D,D
2001,31240.0,19.8,0,0,0,F,20,A,D,D,D,D
2001,31241.0,7.5,0,0,0,F,20,A,D,D,D,E
2001,31242.0,7.5,0,0,0,F,20,A,D,D,E,E
2001,31243.0,10.5,30,15,20,F,20,A,D,D,E,E
2001,31244.0,9.5,0,60,0,F,20,A,D,D,E,E
2001,31245.0,7.5,0,0,0,F,20,A,D,D,E,E
2001,31246.0,16.2,55,0,50,F,20,A,D,D,E,E
2001,31247.0,7.8,0,0,0,F,20,A,D,E,E,E
2001,31248.0,7.5,0,0,0,F,20,B,D,E,E,E
2001,31249.0,7.5,0,0,0,F,20,B,D,E,E,E
2001,31250.0,19.5,0,0,0,F,20,B,D,E,E,E
2001,31251.0,0.0,0,10,0,F,20,B,D,E,E,E
2001,31252.0,9.7,0,0,0,F,20,B,D,E,E,E
2001,31253.0,0.0,0,45,20,F,20,B,D,E,E,E
2001,31254.0,7.5,0,0,0,M,20,B,D,E,F,F
2001,31255.0,7.5,0,0,0,M,20,B,D,E,F,F
2001,31256.0,7.5,0,0,0,M,20,B,D,F,F,F
2001,31257.0,7.5,0,0,0,M,20,B,D,F,F,F
2001,31258.0,0.0,0,0,0,M,20,B,D,F,F,F
2001,31259.0,0.0,0,0,0,M,20,B,D,F,F,F
2001,31260.0,0.0,0,0,0,M,20,B,D,F,F,F
2001,31261.0,15.0,0,20,20,M,20,B,F,F,F,G
2001,31262.0,0.0,0,0,0,M,20,,,,,
2001,31263.0,8.2,0,0,10,M,20,,,,,
2001,31264.0,11.0,60,60,20,M,20,,,,,
2001,31265.0,15.4,0,20,0,M,20,,,,,
2001,31266.0,7.5,0,0,0,M,20,,,,,
2001,31267.0,7.5,0,0,0,M,20,,,,,
2001,31268.0,0.0,0,35,0,M,20,,,,,
2001,31269.0,7.5,0,0,0,M,20,,,,,
2001,31270.0,20.9,0,0,0,M,20,,,,,
2001,31271.0,21.0,0,0,0,M,20,,,,,
2001,31272.0,7.5,0,0,0,M,20,,,,,
2001,31273.0,7.5,0,0,0,M,20,,,,,
702,31274.0,7.5,0,0,0,F,20,A,A,A,A,A
702,31275.0,18.9,0,0,0,F,20,A,A,A,A,A
702,31276.0,7.5,0,0,0,F,20,A,A,A,A,A
702,31277.0,7.5,0,0,0,F,20,A,A,A,B,A
702,31278.0,28.2,25,0,0,F,20,A,A,A,B,A
702,31279.0,7.5,0,0,0,F,20,A,A,A,B,A
702,31280.0,0.0,0,0,0,F,20,A,A,B,B,A
702,31281.0,31.9,0,0,0,F,20,A,A,B,B,A
702,31282.0,5.2,0,0,0,F,20,A,A,B,B,A
702,31283.0,7.5,0,0,0,F,20,A,A,B,B,A
702,31284.0,11.5,0,45,0,F,20,A,A,B,B,A
702,31285.0,7.5,0,0,0,F,20,A,A,B,B,A
702,31286.0,7.5,0,0,0,F,20,A,A,B,B,A
702,31287.0,18.0,0,0,20,F,20,A,A,B,B,A
702,31288.0,11.7,15,15,30,F,20,A,A,B,B,A
702,31289.0,3.0,0,35,10,F,20,A,A,B,B,A
702,31290.0,12.9,25,0,30,F,20,A,B,B,B,A
702,31291.0,7.5,0,0,0,F,20,A,B,B,B,A
702,31292.0,10.1,0,0,0,F,20,A,B,B,B,A
702,31293.0,20.3,50,0,30,F,20,A,B,B,B,A
702,31294.0,20.0,0,0,0,F,20,A,B,B,B,A
702,31295.0,8.5,0,20,50,F,20,A,B,B,B,A
702,31296.0,14.5,50,0,0,F,20,A,B,B,B,A
702,31297.0,19.4,0,0,0,F,20,A,B,B,B,A
702,31298.0,18.8,0,0,0,F,20,A,B,B,B,A
702,31299.0,10.1,0,0,0,F,20,A,B,B,B,A
702,31300.0,20.0,0,0,0,F,20,A,B,B,B,A
702,31301.0,8.0,0,0,0,F,20,A,B,B,B,A
702,31302.0,2.6,0,45,5,F,20,A,B,B,B,A
702,31303.0,10.1,0,0,0,F,20,A,B,B,B,A
702,31304.0,7.6,50,40,0,F,20,A,B,B,B,A
702,31305.0,10.7,50,0,20,F,20,A,B,B,B,A
702,31306.0,3.4,25,0,0,F,20,A,B,B,B,A
702,31307.0,10.1,0,0,0,F,20,A,D,B,C,A
702,31308.0,9.9,50,0,15,F,20,A,D,B,C,A
702,31309.0,3.4,0,15,0,F,20,A,D,B,C,A
702,31310.0,7.5,25,0,0,F,20,A,D,B,C,A
702,31311.0,20.2,0,0,0,F,20,A,D,B,C,A
702,31312.0,10.1,0,0,0,F,20,A,D,B,C,A
702,31313.0,18.6,0,10,0,F,20,A,D,C,C,A
702,31314.0,10.1,0,0,0,M,20,A,D,C,C,A
702,31315.0,11.8,0,45,0,M,20,A,D,C,C,A
702,31316.0,23.2,15,45,0,M,20,A,D,C,C,A
702,31317.0,4.0,50,0,0,M,20,A,D,C,C,A
702,31318.0,8.5,0,0,15,M,20,A,D,C,C,A
702,31319.0,19.8,0,0,0,M,20,A,D,C,C,B
702,31320.0,8.5,0,0,0,M,20,A,D,C,C,B
702,31321.0,8.5,0,0,0,M,20,A,D,C,C,B
702,31322.0,32.9,0,0,0,M,20,A,D,C,C,B
702,31323.0,8.5,0,0,0,M,20,A,D,C,C,B
702,31324.0,2.0,0,0,0,M,20,A,D,C,C,B
702,31325.0,21.2,0,0,0,M,20,A,D,C,C,B
702,31326.0,11.5,0,0,0,M,20,A,D,C,C,B
702,31327.0,11.8,0,35,15,M,20,A,D,C,D,B
702,31328.0,8.5,0,0,0,M,20,A,D,D,D,B
702,31329.0,20.6,0,0,0,M,20,A,D,D,D,B
702,31330.0,20.0,0,0,0,M,20,A,D,D,D,B
702,31331.0,8.5,0,0,0,M,20,A,D,D,D,B
702,31332.0,9.5,5,0,0,M,20,A,D,D,D,B
702,31333.0,7.5,20,0,0,M,20,A,D,D,D,B
702,31334.0,9.5,0,0,5,M,20,A,D,D,D,B
702,31335.0,19.4,0,0,0,M,20,A,D,D,D,B
702,31336.0,3.0,15,0,35,M,20,A,D,D,D,B
702,31337.0,1.0,0,0,0,M,20,A,D,D,D,B
702,31338.0,17.6,0,20,0,M,20,A,D,D,D,B
702,31339.0,29.7,20,0,0,M,20,A,D,D,D,B
702,31340.0,14.9,0,30,0,M,20,A,D,D,D,B
2402,31341.0,0.0,0,0,0,F,20,A,D,D,D,B
2402,31342.0,7.5,0,0,0,F,20,A,D,D,D,B
2402,31343.0,0.0,0,0,0,F,20,A,D,D,D,B
2402,31344.0,12.9,0,40,20,M,20,A,D,D,D,B
2402,31345.0,2.0,0,25,35,M,20,A,D,D,D,B
2402,31346.0,0.0,0,0,0,M,20,A,D,D,D,C
2402,31347.0,0.0,0,0,0,M,20,A,D,D,D,C
2402,31348.0,0.0,0,0,0,M,20,A,D,D,D,C
2402,31349.0,7.5,0,0,0,M,20,A,D,D,D,C
2402,31350.0,7.5,0,0,0,M,20,A,D,D,D,C
2402,31351.0,29.7,0,25,0,M,20,A,D,D,D,C
2402,31352.0,0.0,0,0,0,M,20,A,D,E,D,D
2402,31353.0,0.0,0,0,0,M,20,A,D,E,E,D
2402,31354.0,7.5,0,0,0,M,20,A,D,E,E,D
2402,31355.0,10.9,60,15,0,M,20,A,D,E,E,D
2402,31356.0,33.3,0,0,0,M,20,A,D,E,E,D
2402,31357.0,9.9,0,0,0,M,20,B,D,E,F,D
2402,31358.0,16.5,0,30,0,M,20,B,F,E,F,D
2402,31359.0,0.0,0,0,0,M,20,C,F,F,F,E
2402,31360.0,0.0,0,0,0,M,20,C,F,F,F,E
2402,31361.0,11.9,0,0,0,M,20,E,F,F,F,F
2402,31362.0,0.0,0,0,0,M,20,,,,,
2402,31363.0,22.5,0,0,0,M,20,,,,,
2402,31364.0,0.0,0,0,0,M,20,,,,,
2402,31365.0,0.0,0,0,0,M,20,,,,,
2402,31366.0,0.0,0,0,0,M,20,,,,,
2402,31367.0,7.5,0,0,0,M,20,,,,,
2402,31368.0,0.0,0,0,0,M,20,,,,,
2402,31369.0,7.5,0,0,0,M,20,,,,,
2402,31370.0,0.0,0,0,0,M,20,,,,,
2402,31371.0,23.4,30,0,35,M,20,,,,,
2402,31372.0,7.5,0,0,0,M,20,,,,,
2402,31373.0,9.5,10,0,0,M,20,,,,,
2402,31374.0,0.0,0,0,0,M,20,,,,,
2402,31375.0,0.0,0,0,0,M,20,,,,,
2402,31376.0,0.0,0,0,0,M,20,,,,,
2402,31377.0,0.0,0,0,0,M,20,,,,,
2402,31378.0,0.0,0,0,0,M,20,,,,,
2402,31379.0,0.0,0,0,0,M,20,,,,,
2402,31380.0,0.0,0,0,0,M,20,,,,,
2402,31381.0,0.0,0,0,0,M,20,,,,,
2402,31382.0,0.0,0,0,0,M,20,,,,,
2001,31383.0,0.0,0,0,0,F,20,A,A,A,A,A
2001,31384.0,0.0,0,0,0,F,20,A,A,A,A,A
2001,31385.0,0.0,0,0,0,F,20,A,A,A,A,A
2001,31386.0,0.0,0,0,0,F,20,A,A,A,A,A
2001,31387.0,7.5,0,25,0,F,20,A,A,A,B,A
2001,31388.0,0.0,0,0,0,F,20,A,A,A,B,A
2001,31389.0,0.0,0,0,0,F,20,A,A,A,B,A
2001,31390.0,11.1,0,0,0,F,20,A,A,A,B,A
2001,31391.0,9.5,10,0,0,F,20,A,A,A,B,A
2001,31392.0,0.0,0,0,0,F,20,A,A,A,B,A
2001,31393.0,0.0,0,45,0,F,20,A,A,A,B,A
2001,31394.0,22.5,0,0,0,F,20,A,A,A,B,A
2001,31395.0,0.0,0,45,0,F,20,A,A,B,B,A
2001,31396.0,21.2,0,0,0,F,20,A,A,B,B,A
2001,31397.0,2.4,25,25,10,F,20,A,B,B,B,A
2001,31398.0,21.4,0,0,0,F,20,A,B,B,B,A
2001,31399.0,22.5,0,0,0,F,20,A,B,B,B,A
2001,31400.0,21.0,50,15,20,F,20,A,B,B,B,A
2001,31401.0,15.3,50,0,0,F,20,A,B,B,B,A
2001,31402.0,22.5,0,0,0,F,20,A,B,B,B,A
2001,31403.0,33.6,0,0,0,F,20,A,B,B,B,A
2001,31404.0,6.8,0,0,0,F,20,A,B,B,B,A
2001,31405.0,9.1,0,0,0,F,20,A,B,B,B,A
2001,31406.0,22.5,0,0,0,F,20,A,D,B,B,A
2001,31407.0,22.5,0,0,0,F,20,A,D,B,B,A
2001,31408.0,6.8,0,0,0,F,20,A,D,B,B,A
2001,31409.0,10.1,10,55,0,F,20,A,D,B,C,A
2001,31410.0,16.0,15,20,10,F,20,A,D,B,C,A
2001,31411.0,11.5,0,0,0,F,20,A,D,B,C,A
2001,31412.0,22.4,0,0,0,F,20,A,D,B,C,A
2001,31413.0,7.5,50,45,5,F,20,A,D,B,C,A
2001,31414.0,9.9,10,0,0,F,20,A,D,B,C,A
2001,31415.0,30.6,0,20,0,F,20,A,D,B,C,A
2001,31416.0,1.4,0,35,0,F,20,A,D,B,C,A
2001,31417.0,19.0,0,15,0,F,20,A,D,B,C,A
2001,31418.0,12.1,0,0,0,F,20,A,D,B,D,A
2001,31419.0,4.6,10,35,0,F,20,A,D,B,D,A
2001,31420.0,22.5,0,0,0,F,20,A,D,B,D,A
2001,31421.0,22.5,0,0,0,F,20,A,D,B,D,A
2001,31422.0,22.5,0,0,0,F,20,A,D,B,D,A
2001,31423.0,22.5,0,0,0,F,20,A,D,B,D,A
2001,31424.0,22.5,0,0,0,F,20,A,D,C,D,A
2001,31425.0,22.5,0,0,0,F,20,A,D,C,D,B
2001,31426.0,22.5,0,0,0,F,20,A,D,C,D,B
2001,31427.0,11.2,0,0,0,F,20,A,D,C,D,B
2001,31428.0,2.4,0,0,30,F,20,A,D,C,D,B
2001,31429.0,22.5,0,0,0,F,20,A,D,C,D,B
2001,31430.0,22.5,0,0,0,F,20,A,D,C,D,B
2001,31431.0,22.5,0,0,0,F,20,A,D,D,D,B
2001,31432.0,5.8,25,0,10,F,20,A,D,D,D,B
2001,31433.0,15.1,20,0,30,F,20,A,D,D,D,B
2001,31434.0,7.0,20,0,10,F,20,A,D,D,D,B
2001,31435.0,0.0,0,45,0,F,20,A,D,D,D,B
2001,31436.0,10.1,0,10,0,F,20,A,D,D,D,B
2001,31437.0,15.1,0,0,0,F,20,A,D,D,D,B
2001,31438.0,2.6,40,75,20,F,20,A,D,D,D,B
2001,31439.0,23.0,0,0,0,F,20,A,D,D,D,B
2001,31440.0,2.0,40,15,10,F,20,A,D,D,D,B
2001,31441.0,9.5,0,0,0,F,20,A,D,D,D,B
2001,31442.0,20.4,0,0,0,F,20,A,D,D,D,B
2001,31443.0,2.0,10,0,0,F,20,B,D,D,D,B
2001,31444.0,22.5,0,0,0,F,20,B,D,D,D,B
2001,31445.0,25.0,0,0,60,F,20,B,D,D,D,B
2001,31446.0,30.8,10,10,0,F,20,B,D,D,D,B
2001,31447.0,9.5,0,0,0,F,20,B,D,D,D,B
2001,31448.0,15.0,0,50,0,F,20,B,D,D,D,B
2001,31449.0,23.2,0,0,0,F,20,B,D,D,D,C
2001,31450.0,17.6,0,20,0,F,20,B,D,D,E,C
2001,31451.0,16.0,10,0,25,F,20,B,D,D,E,C
2001,31452.0,21.6,0,0,0,F,20,B,D,D,E,C
2001,31453.0,15.0,45,0,0,F,20,C,D,D,E,D
2001,31454.0,7.2,0,0,0,F,20,C,D,E,E,D
2001,31455.0,33.8,0,0,0,F,20,C,F,E,E,D
2001,31456.0,17.0,0,40,0,F,20,E,F,E,F,D
2001,31457.0,20.4,0,0,0,F,20,E,F,E,F,E
2001,31458.0,4.4,10,10,30,F,20,,,,,
2001,31459.0,8.6,10,0,10,F,20,,,,,
2001,31460.0,10.8,0,0,0,F,20,,,,,
2001,31461.0,2.6,30,0,0,F,20,,,,,
2001,31462.0,14.3,80,20,30,F,20,,,,,
2001,31463.0,20.4,0,0,0,F,20,,,,,
2001,31464.0,9.5,0,0,0,F,20,,,,,
2001,31465.0,18.0,0,0,15,F,20,,,,,
2001,31466.0,22.5,0,0,0,M,20,,,,,
2001,31467.0,3.2,0,50,0,M,20,,,,,
2001,31468.0,22.4,0,0,0,M,20,,,,,
2001,31469.0,18.8,20,40,40,M,20,,,,,
2001,31470.0,11.9,0,0,0,M,20,,,,,
4004,31471.0,7.5,0,0,0,F,20,A,A,A,A,A
4004,31472.0,7.5,30,0,0,F,20,A,A,A,B,A
4004,31473.0,7.5,0,0,0,F,20,A,A,A,B,A
4004,31474.0,0.0,0,5,5,F,20,A,A,A,B,A
4004,31475.0,19.6,0,0,25,F,20,A,A,A,B,A
4004,31476.0,7.5,0,0,0,F,20,A,A,B,B,A
4004,31477.0,7.5,0,0,0,F,20,A,A,B,B,A
4004,31478.0,7.5,0,0,0,F,20,A,A,B,B,A
4004,31479.0,7.5,0,0,0,F,20,A,A,B,B,A
4004,31480.0,7.5,0,20,10,F,20,A,A,B,B,B
4004,31481.0,12.1,0,0,0,F,20,A,A,B,B,B
4004,31482.0,17.4,40,0,0,F,20,A,A,B,C,B
4004,31483.0,7.5,0,0,0,M,20,A,A,B,C,B
4004,31484.0,22.2,0,0,0,M,20,A,A,B,C,B
4004,31485.0,10.0,0,0,0,M,20,A,A,B,C,B
4004,31486.0,7.5,20,10,0,M,20,A,A,B,C,B
4004,31487.0,7.5,0,0,0,M,20,A,A,B,C,B
4004,31488.0,7.5,0,0,0,M,20,A,A,C,C,B
4004,31489.0,7.5,0,0,0,M,20,A,A,C,C,B
4004,31490.0,10.1,0,0,0,M,20,A,A,C,C,B
4004,31491.0,10.0,0,0,0,M,20,A,A,C,C,B
4004,31492.0,0.0,0,0,10,M,20,A,A,C,C,B
4004,31493.0,7.5,0,25,0,M,20,A,A,C,C,C
4004,31494.0,0.0,0,0,10,M,20,A,A,C,C,C
4004,31495.0,9.5,0,5,0,M,20,A,A,C,D,C
4004,31496.0,7.5,0,0,0,M,20,A,B,C,D,C
4004,31497.0,7.5,0,0,0,M,20,A,B,C,D,C
4004,31498.0,7.5,0,0,0,M,20,A,B,D,D,C
4004,31499.0,1.0,0,0,0,M,20,A,B,D,D,C
4004,31500.0,10.1,0,0,0,M,20,A,B,D,D,C
4004,31501.0,7.5,0,0,0,M,20,A,B,D,D,C
4004,31502.0,7.5,0,0,0,M,20,A,B,D,D,C
4004,31503.0,7.5,0,0,0,M,20,A,B,D,D,C
4004,31504.0,7.5,0,0,0,M,20,A,B,D,D,D
4004,31505.0,7.5,0,0,0,M,20,A,C,D,D,D
4004,31506.0,7.5,0,0,0,M,20,A,C,D,D,D
4004,31507.0,22.5,0,5,0,M,20,A,D,D,D,D
4004,31508.0,7.5,0,0,0,M,20,A,D,D,D,D
4004,31509.0,7.5,0,0,0,M,20,A,D,D,D,D
4004,31510.0,21.9,0,0,0,M,20,A,D,D,D,D
4004,31511.0,7.5,0,0,0,M,20,A,D,D,D,D
4004,31512.0,7.5,0,0,0,M,20,A,D,D,D,D
4004,31513.0,7.5,0,0,0,M,20,A,D,D,D,D
4004,31514.0,7.5,0,0,0,M,20,A,D,D,D,D
4004,31515.0,8.4,30,60,10,M,20,A,D,D,D,D
4004,31516.0,29.1,0,25,10,M,20,A,D,D,D,D
4004,31517.0,7.5,0,0,0,M,20,A,D,D,D,D
4004,31518.0,0.0,0,0,10,M,20,A,D,D,D,D
4004,31519.0,0.0,0,0,10,M,20,A,D,D,D,D
4004,31520.0,7.5,0,0,0,M,20,A,D,D,D,D
4004,31521.0,7.5,0,0,0,M,20,A,D,D,D,E
4004,31522.0,7.5,0,0,0,M,20,A,D,D,D,E
4004,31523.0,7.5,0,0,0,M,20,A,D,D,D,E
4004,31524.0,7.5,0,0,0,M,20,A,D,D,D,E
4004,31525.0,7.8,0,0,0,M,20,A,D,D,D,E
4004,31526.0,7.5,0,0,0,M,20,A,D,D,E,E
4004,31527.0,7.5,0,0,0,M,20,A,D,D,E,E
4004,31528.0,7.5,0,0,0,M,20,A,D,D,E,E
4004,31529.0,7.5,0,0,0,M,20,A,D,D,E,E
4004,31530.0,10.5,0,65,20,M,20,A,D,D,E,E
4004,31531.0,7.5,0,0,0,M,20,A,D,D,E,E
4004,31532.0,7.5,0,0,0,M,20,A,D,D,E,E
4004,31533.0,7.5,0,0,0,M,20,A,D,D,E,E
4004,31534.0,7.4,30,45,15,M,20,A,D,E,E,E
4004,31535.0,7.5,0,0,0,M,20,A,D,E,E,E
4004,31536.0,7.5,0,0,0,M,20,A,D,E,E,E
4004,31537.0,16.3,0,30,0,M,20,A,D,E,E,E
4004,31538.0,1.0,0,0,0,M,20,A,D,E,E,E
4004,31539.0,7.5,0,0,0,M,20,A,D,E,E,E
4004,31540.0,7.5,0,0,0,M,20,A,D,E,E,E
4004,31541.0,7.5,0,0,0,M,20,A,D,E,E,E
4004,31542.0,7.5,0,0,0,M,20,A,D,E,E,E
4004,31543.0,7.5,0,0,0,M,20,A,D,E,E,E
4004,31544.0,7.5,0,0,0,M,20,A,D,E,F,E
4004,31545.0,7.5,0,0,0,M,20,A,D,E,F,F
4004,31546.0,7.5,0,0,0,M,20,A,D,E,F,F
4004,31547.0,6.0,0,10,0,M,20,A,D,E,F,F
4004,31548.0,7.5,0,0,0,M,20,A,D,E,F,F
4004,31549.0,8.2,60,20,20,M,20,A,D,E,F,F
4004,31550.0,7.5,0,0,0,M,20,B,F,E,F,F
4004,31551.0,21.0,0,0,0,M,20,B,F,F,F,F
4004,31552.0,7.5,0,0,0,M,20,B,F,F,F,F
4004,31553.0,7.5,0,0,0,M,20,B,F,F,F,F
4004,31554.0,7.5,0,0,0,M,20,C,F,F,F,F
4004,31555.0,7.5,0,0,0,M,20,E,F,F,F,F
4004,31556.0,7.5,0,0,0,M,20,,,,,
4004,31557.0,16.4,0,30,0,M,20,,,,,
4004,31558.0,7.5,0,0,0,M,20,,,,,
4004,31559.0,7.5,0,0,0,M,20,,,,,
4004,31560.0,30.0,0,30,0,M,20,,,,,
4004,31561.0,10.1,0,0,0,M,20,,,,,
4004,31562.0,23.0,0,0,0,M,20,,,,,
4004,31563.0,7.5,0,0,0,M,20,,,,,
4004,31564.0,7.5,0,0,0,M,20,,,,,
4004,31565.0,7.5,0,0,0,M,20,,,,,
4004,31566.0,3.6,0,0,0,M,20,,,,,
4004,31567.0,7.5,0,0,0,M,20,,,,,
4004,31568.0,7.5,0,0,0,M,20,,,,,
4004,31569.0,1.8,10,30,0,M,20,,,,,
5401,31570.0,10.1,0,0,0,F,20,A,A,A,A,A
5401,31571.0,0.0,0,0,25,F,20,A,A,B,B,A
5401,31572.0,7.5,0,0,0,F,20,A,A,B,B,A
5401,31573.0,7.5,0,0,0,F,20,A,A,B,B,A
5401,31574.0,22.5,5,0,0,F,20,A,A,B,B,A
5401,31575.0,22.6,0,5,0,F,20,A,A,B,B,A
5401,31576.0,1.0,35,40,0,F,20,A,A,B,B,A
5401,31577.0,21.0,0,0,15,F,20,A,A,B,B,A
5401,31578.0,22.5,0,0,0,F,20,A,A,B,B,A
5401,31579.0,22.5,0,0,0,F,20,A,A,B,C,A
5401,31580.0,22.5,0,0,0,F,20,A,A,B,C,A
5401,31581.0,10.5,0,0,0,F,20,A,A,B,C,A
5401,31582.0,27.7,35,0,10,F,20,A,A,B,C,A
5401,31583.0,10.6,0,0,0,F,20,A,A,B,C,A
5401,31584.0,22.5,0,0,0,F,20,A,A,C,C,A
5401,31585.0,16.0,35,0,0,F,20,A,A,C,D,A
5401,31586.0,0.0,0,75,10,F,20,A,B,C,D,A
5401,31587.0,22.5,0,0,0,F,20,A,B,C,D,A
5401,31588.0,21.9,0,0,0,F,20,A,B,D,D,A
5401,31589.0,22.5,0,0,0,F,20,A,B,D,D,A
5401,31590.0,22.5,0,0,0,F,20,A,B,D,D,A
5401,31591.0,22.5,0,0,0,F,20,A,B,D,D,A
5401,31592.0,2.4,85,35,20,F,20,A,B,D,D,A
5401,31593.0,21.2,0,0,0,F,20,A,B,D,D,A
5401,31594.0,6.6,0,10,0,F,20,A,B,D,D,B
5401,31595.0,22.5,0,0,0,F,20,A,B,D,D,B
5401,31596.0,22.5,0,0,0,F,20,A,B,D,D,B
5401,31597.0,22.4,0,0,0,F,20,A,B,D,D,B
5401,31598.0,2.6,0,35,0,F,20,A,D,D,D,B
5401,31599.0,4.8,90,80,30,F,20,A,D,D,D,B
5401,31600.0,23.5,0,0,0,F,20,A,D,D,D,C
5401,31601.0,16.9,0,30,0,F,20,A,D,D,D,C
5401,31602.0,12.7,50,15,10,F,20,A,D,D,D,C
5401,31603.0,0.0,0,0,0,F,20,A,D,D,D,C
5401,31604.0,2.6,10,30,25,F,20,A,D,D,E,C
5401,31605.0,20.8,0,0,10,F,20,A,D,E,E,C
5401,31606.0,29.3,0,35,0,M,20,A,D,E,E,C
5401,31607.0,9.5,20,0,0,M,20,B,D,E,E,C
5401,31608.0,21.2,0,0,0,M,20,B,D,E,E,D
5401,31609.0,22.4,0,0,0,M,20,B,D,E,E,D
5401,31610.0,22.5,0,0,0,M,20,C,D,E,E,E
5401,31611.0,22.5,0,0,0,M,20,C,D,E,E,E
5401,31612.0,22.5,0,0,0,M,20,E,D,E,F,E
5401,31613.0,0.0,0,0,0,M,20,E,D,F,F,E
5401,31614.0,22.5,0,0,0,M,20,E,D,F,F,E
5401,31615.0,0.0,0,0,0,M,20,E,D,F,F,F
5401,31616.0,21.8,0,0,0,M,20,E,F,F,F,F
5401,31617.0,6.4,55,45,0,M,20,,,,,
5401,31618.0,22.5,0,0,0,M,20,,,,,
5401,31619.0,11.1,10,55,20,M,20,,,,,
5401,31620.0,20.2,35,50,10,M,20,,,,,
5401,31621.0,12.9,0,0,0,M,20,,,,,
5401,31622.0,13.9,0,0,0,M,20,,,,,
5401,31623.0,3.4,0,0,0,M,20,,,,,
5401,31624.0,5.0,0,20,10,M,20,,,,,
5401,31625.0,5.4,40,10,0,M,20,,,,,
5401,31626.0,10.9,0,0,0,M,20,,,,,
1501,31627.0,10.8,0,0,0,F,20,A,A,B,A,A
1501,31628.0,21.0,20,0,0,F,20,A,A,B,A,A
1501,31629.0,10.3,25,0,0,F,20,A,A,B,B,A
1501,31630.0,8.4,30,0,0,F,20,A,A,B,B,A
1501,31631.0,12.9,0,0,0,F,20,A,A,B,B,A
1501,31632.0,30.6,10,0,20,F,20,A,A,B,B,A
1501,31633.0,14.0,35,0,25,F,20,A,A,C,C,B
1501,31634.0,12.9,0,0,0,F,20,A,B,C,C,B
1501,31635.0,9.5,10,0,25,F,20,A,B,C,D,B
1501,31636.0,22.0,0,15,0,F,20,A,B,D,D,B
1501,31637.0,16.5,30,0,20,F,20,A,B,D,D,B
1501,31638.0,4.8,35,20,0,F,20,A,B,D,D,B
1501,31639.0,5.6,0,20,0,F,20,A,D,D,D,B
1501,31640.0,22.4,0,0,0,F,20,A,D,D,D,B
1501,31641.0,10.1,20,0,0,F,20,A,D,D,D,B
1501,31642.0,3.2,10,25,0,F,20,A,D,D,D,B
1501,31643.0,35.0,0,0,0,F,20,A,D,D,D,B
1501,31644.0,7.5,70,10,30,M,20,A,D,D,D,B
1501,31645.0,8.5,0,0,0,M,20,A,D,D,D,B
1501,31646.0,20.1,0,100,0,M,20,A,D,D,D,C
1501,31647.0,9.5,0,0,0,M,20,B,D,D,D,C
1501,31648.0,8.5,0,0,0,M,20,B,D,D,E,E
1501,31649.0,8.5,0,0,0,M,20,B,D,D,E,E
1501,31650.0,0.0,70,60,30,M,20,E,F,D,F,E
1501,31651.0,2.0,0,0,0,M,20,,,,,
3202,31652.0,19.4,10,15,5,F,20,A,A,A,B,A
3202,31653.0,35.2,0,0,0,F,20,A,A,A,B,A
3202,31654.0,10.4,30,45,0,F,20,A,A,B,B,A
3202,31655.0,19.4,30,0,0,F,20,A,A,B,B,A
3202,31656.0,7.5,35,0,0,F,20,A,A,B,C,A
3202,31657.0,8.5,0,0,0,F,20,A,B,B,C,A
3202,31658.0,11.7,25,40,0,F,20,A,D,C,C,A
3202,31659.0,7.0,0,10,0,F,20,A,D,C,D,A
3202,31660.0,12.5,10,0,50,F,20,A,D,C,D,B
3202,31661.0,2.0,0,0,0,M,20,A,D,D,D,B
3202,31662.0,7.5,0,35,0,M,20,A,D,D,D,B
3202,31663.0,11.3,10,0,0,M,20,A,D,D,D,B
3202,31664.0,7.5,0,25,10,M,20,A,D,D,D,B
3202,31665.0,12.9,0,0,0,M,20,B,D,D,E,B
3202,31666.0,13.7,30,35,5,M,20,B,D,D,E,C
3202,31667.0,9.5,10,15,0,M,20,B,D,E,E,C
3202,31668.0,22.5,0,0,0,M,20,C,F,F,F,E
1602,31669.0,23.2,0,0,0,F,20,A,A,A,A,A
1602,31670.0,22.5,0,0,0,F,20,A,A,A,A,A
1602,31671.0,9.0,40,0,0,F,20,A,A,A,A,A
1602,31672.0,11.1,0,0,0,F,20,A,A,A,A,A
1602,31673.0,0.0,15,0,0,F,20,A,A,A,A,A
1602,31674.0,11.1,0,0,0,F,20,A,A,B,B,A
1602,31675.0,4.2,30,15,15,F,20,A,A,B,B,A
1602,31676.0,16.6,25,25,0,F,20,A,A,B,B,A
1602,31677.0,11.3,0,0,0,F,20,A,A,B,B,A
1602,31678.0,0.0,0,15,0,F,20,A,A,B,B,A
1602,31679.0,7.5,0,15,0,F,20,A,A,B,B,A
1602,31680.0,22.5,0,0,0,F,20,A,A,B,B,A
1602,31681.0,4.2,0,30,0,F,20,A,A,B,B,A
1602,31682.0,2.0,0,45,0,F,20,A,A,B,B,A
1602,31683.0,2.0,0,45,0,F,20,A,A,B,B,A
1602,31684.0,21.4,20,0,0,F,20,A,A,B,B,A
1602,31685.0,18.6,30,0,10,F,20,A,A,B,B,A
1602,31686.0,22.7,0,0,0,F,20,A,A,B,B,A
1602,31687.0,11.1,0,0,0,F,20,A,A,B,B,A
1602,31688.0,22.5,0,0,0,F,20,A,A,B,B,A
1602,31689.0,7.5,0,0,40,F,20,A,A,B,B,A
1602,31690.0,10.1,0,0,0,F,20,A,B,B,B,A
1602,31691.0,7.5,0,10,0,F,20,A,B,B,B,A
1602,31692.0,0.0,50,0,40,F,20,A,B,B,B,A
1602,31693.0,19.9,25,5,0,F,20,A,B,B,B,A
1602,31694.0,10.1,0,0,0,F,20,A,B,B,C,A
1602,31695.0,4.2,30,0,0,F,20,A,B,B,C,A
1602,31696.0,8.9,0,0,0,F,20,A,B,B,C,A
1602,31697.0,8.9,0,0,0,F,20,A,B,B,C,A
1602,31698.0,2.0,30,15,0,F,20,A,B,B,C,A
1602,31699.0,23.4,0,0,0,F,20,A,B,B,C,A
1602,31700.0,20.5,55,45,0,F,20,A,B,C,C,A
1602,31701.0,15.0,0,0,0,F,20,A,B,C,C,A
1602,31702.0,23.4,0,0,0,F,20,A,B,C,C,A
1602,31703.0,22.5,0,0,0,F,20,A,B,C,C,A
1602,31704.0,23.5,50,30,0,F,20,A,B,C,C,A
1602,31705.0,22.5,0,0,0,F,20,A,B,C,C,A
1602,31706.0,10.3,20,45,30,F,20,A,B,C,D,A
1602,31707.0,15.0,25,0,40,F,20,A,B,C,D,A
1602,31708.0,22.5,0,0,0,F,20,A,B,C,D,A
1602,31709.0,18.6,20,20,0,F,20,A,B,C,D,A
1602,31710.0,11.1,0,0,0,F,20,A,B,C,D,A
1602,31711.0,0.0,25,0,0,F,20,A,B,C,D,A
1602,31712.0,7.5,0,0,10,F,20,A,B,C,D,A
1602,31713.0,8.8,10,15,5,F,20,A,B,C,D,B
1602,31714.0,0.0,5,0,10,F,20,A,D,D,D,B
1602,31715.0,0.0,0,10,5,F,20,A,D,D,D,B
1602,31716.0,7.8,20,45,45,F,20,A,D,D,D,B
1602,31717.0,1.0,5,5,0,F,20,A,D,D,D,B
1602,31718.0,15.7,15,30,15,M,20,A,D,D,D,B
1602,31719.0,22.5,0,0,0,M,20,A,D,D,D,B
1602,31720.0,6.2,20,0,30,M,20,A,D,D,D,B
1602,31721.0,20.6,0,20,0,M,20,A,D,D,D,B
1602,31722.0,22.5,0,0,0,M,20,A,D,D,D,B
1602,31723.0,9.5,55,30,0,M,20,A,D,D,D,B
1602,31724.0,22.5,0,0,0,M,20,A,D,D,D,B
1602,31725.0,22.5,0,0,0,M,20,A,D,D,D,B
1602,31726.0,22.5,0,0,0,M,20,A,D,D,D,B
1602,31727.0,22.5,0,0,0,M,20,A,D,D,D,B
1602,31728.0,22.5,0,0,0,M,20,A,D,D,D,B
1602,31729.0,24.7,0,0,0,M,20,A,D,D,D,B
1602,31730.0,22.5,0,0,0,M,20,A,D,D,D,B
1602,31731.0,11.5,0,0,0,M,20,A,D,D,D,B
1602,31732.0,12.9,0,0,0,M,20,A,D,D,D,B
1602,31733.0,22.5,0,0,0,M,20,A,D,D,D,B
1602,31734.0,7.5,0,20,0,M,20,A,D,D,D,B
1602,31735.0,32.8,20,0,0,M,20,A,D,D,D,B
1602,31736.0,15.1,55,0,10,M,20,A,D,D,D,B
1602,31737.0,13.7,0,0,0,M,20,A,D,D,D,B
1602,31738.0,15.7,10,50,0,M,20,A,D,D,D,B
1602,31739.0,22.5,0,0,0,M,20,A,D,D,D,C
1602,31740.0,14.5,30,35,5,M,20,A,D,D,D,C
1602,31741.0,9.5,0,15,0,M,20,A,D,D,D,C
1602,31742.0,22.5,0,0,0,M,20,A,D,D,E,C
1602,31743.0,22.5,0,0,0,M,20,A,D,D,E,C
1602,31744.0,22.5,0,0,0,M,20,A,D,D,E,C
1602,31745.0,22.5,0,0,0,M,20,A,D,D,E,C
1602,31746.0,22.4,0,0,0,M,20,A,D,D,E,C
1602,31747.0,22.5,0,0,0,M,20,A,D,E,E,D
1602,31748.0,17.0,0,35,0,M,20,A,D,E,E,D
1602,31749.0,22.5,0,0,0,M,20,A,D,E,E,D
1602,31750.0,9.1,0,0,0,M,20,B,F,E,E,D
1602,31751.0,10.3,0,0,0,M,20,B,F,E,F,D
1602,31752.0,22.5,0,0,0,M,20,B,F,E,F,E
1602,31753.0,2.6,50,0,30,M,20,B,F,E,F,E
1602,31754.0,23.6,0,0,0,M,20,E,F,F,F,E
1602,31755.0,22.5,0,0,0,M,20,,,,,
1602,31756.0,22.5,0,0,0,M,20,,,,,
1602,31757.0,15.1,10,45,10,M,20,,,,,
1602,31758.0,21.0,0,15,0,M,20,,,,,
1602,31759.0,16.6,10,30,0,M,20,,,,,
1602,31760.0,9.1,0,0,0,M,20,,,,,
1602,31761.0,30.0,0,40,0,M,20,,,,,
1602,31762.0,15.0,50,0,0,M,20,,,,,
3002,31763.0,16.6,25,20,10,F,20,A,A,A,B,A
3002,31764.0,7.6,50,0,70,F,20,A,A,B,B,A
3002,31765.0,8.9,20,15,0,F,20,A,A,B,B,A
3002,31766.0,15.0,0,0,0,M,20,A,A,B,B,A
3002,31767.0,15.9,0,45,0,M,20,A,A,B,B,A
3002,31768.0,12.1,0,0,0,M,20,A,B,B,B,A
3002,31769.0,12.1,0,0,0,M,20,A,B,B,B,A
3002,31770.0,10.7,0,0,0,M,20,A,B,B,B,A
3002,31771.0,15.0,0,0,0,M,20,A,B,B,C,A
3002,31772.0,12.1,0,0,0,M,20,A,B,B,C,B
3002,31773.0,4.4,40,90,10,M,20,A,D,B,C,B
3002,31774.0,7.5,80,0,30,M,20,A,D,B,D,B
3002,31775.0,2.0,10,50,20,M,20,A,D,C,D,B
3002,31776.0,4.4,0,35,0,M,20,A,D,C,D,B
3002,31777.0,25.1,0,45,30,M,20,A,D,C,D,B
3002,31778.0,8.9,20,0,0,M,20,A,D,C,D,B
3002,31779.0,23.9,0,0,0,M,20,A,D,D,D,B
3002,31780.0,12.1,0,0,0,M,20,B,D,D,D,B
3002,31781.0,9.5,0,0,0,M,20,B,D,D,D,C
3002,31782.0,13.3,0,0,5,M,20,B,D,D,D,C
702,31783.0,14.7,0,0,0,F,20,A,D,B,C,A
702,31784.0,17.4,25,15,0,F,20,A,D,B,C,A
702,31785.0,5.4,15,45,0,F,20,A,D,B,D,B
702,31786.0,0.0,0,0,0,F,20,A,D,B,D,B
702,31787.0,3.2,0,45,0,F,20,A,D,C,D,B
702,31788.0,11.1,0,0,10,F,20,A,D,C,D,B
702,31789.0,0.0,0,0,0,F,20,A,D,C,D,B
702,31790.0,0.0,0,0,0,F,20,A,D,C,D,B
702,31791.0,12.5,0,0,0,F,20,A,D,C,D,B
702,31792.0,10.1,0,0,0,M,20,A,D,C,D,B
702,31793.0,10.1,0,0,0,M,20,A,D,C,D,B
702,31794.0,2.4,10,0,0,M,20,A,D,C,D,B
702,31795.0,10.5,0,35,50,M,20,A,D,C,D,B
702,31796.0,3.6,0,0,0,M,20,A,D,C,D,B
702,31797.0,21.4,25,0,0,M,20,A,D,C,D,B
702,31798.0,0.0,15,0,0,M,20,A,D,C,D,B
702,31799.0,7.5,0,10,15,M,20,A,D,D,D,C
702,31800.0,7.5,0,15,0,M,20,B,D,D,D,C
702,31801.0,4.8,0,0,0,M,20,B,D,D,D,C
702,31802.0,7.5,0,20,15,M,20,B,D,D,D,C
702,31803.0,0.0,0,0,0,M,20,B,D,D,D,C
702,31804.0,15.0,0,60,0,M,20,B,D,D,D,D
702,31805.0,11.7,25,0,0,M,20,B,D,D,D,D
702,31806.0,0.0,0,0,0,M,20,B,D,D,D,D
702,31807.0,20.4,0,20,0,M,20,B,D,D,E,D
702,31808.0,29.2,50,0,0,M,20,B,D,D,E,D
702,31809.0,7.0,30,20,0,M,20,B,D,E,E,D
702,31810.0,5.0,0,0,0,M,20,B,D,E,E,E
702,31811.0,13.1,10,0,0,M,20,B,D,E,F,E
702,31812.0,0.0,0,0,0,M,20,,,,,
702,31813.0,4.2,25,35,10,M,20,,,,,
3202,31814.0,11.7,40,15,40,F,20,A,A,A,B,A
3202,31815.0,18.0,0,50,0,F,20,A,A,A,B,A
3202,31816.0,14.5,0,0,0,F,20,A,A,A,B,A
3202,31817.0,23.4,0,0,0,F,20,A,A,A,B,A
3202,31818.0,0.0,0,25,0,F,20,A,A,B,B,A
3202,31819.0,11.3,0,0,0,F,20,A,A,B,B,A
3202,31820.0,7.5,0,15,0,F,20,A,A,B,C,A
3202,31821.0,8.5,10,0,0,F,20,A,B,B,C,A
3202,31822.0,26.1,0,0,0,F,20,A,C,B,C,A
3202,31823.0,25.8,0,0,0,F,20,A,D,B,C,A
3202,31824.0,0.0,0,0,0,F,20,A,D,B,D,A
3202,31825.0,10.4,25,75,0,F,20,A,D,C,D,A
3202,31826.0,0.0,0,0,0,F,20,A,D,C,D,A
3202,31827.0,10.1,10,0,20,F,20,A,D,C,D,B
3202,31828.0,12.4,0,0,0,F,20,A,D,C,D,B
3202,31829.0,7.0,10,0,40,F,20,A,D,D,D,B
3202,31830.0,10.0,0,0,0,F,20,A,D,D,D,B
3202,31831.0,10.1,0,0,0,F,20,A,D,D,D,B
3202,31832.0,0.0,0,0,0,M,20,A,D,D,D,B
3202,31833.0,15.0,20,0,50,M,20,A,D,D,D,B
3202,31834.0,11.1,10,15,0,M,20,A,D,D,D,B
3202,31835.0,0.0,0,0,0,M,20,B,D,D,D,B
3202,31836.0,24.6,0,0,0,M,20,B,D,D,D,B
3202,31837.0,7.0,30,0,20,M,20,B,D,D,D,B
3202,31838.0,15.0,0,0,0,M,20,B,D,D,D,B
3202,31839.0,3.4,0,30,15,M,20,B,D,D,E,C
3202,31840.0,23.2,10,0,0,M,20,D,D,E,E,D
3202,31841.0,15.0,0,0,0,M,20,E,D,F,E,D
3202,31842.0,15.0,0,0,0,M,20,,,,,
3202,31843.0,10.3,30,0,0,M,20,,,,,
3202,31844.0,15.0,0,0,0,M,20,,,,,
3202,31845.0,18.7,30,0,20,M,20,,,,,
3202,31846.0,15.0,0,0,0,M,20,,,,,
3202,31847.0,15.0,0,0,0,M,20,,,,,
3202,31848.0,15.0,0,0,0,M,20,,,,,
2001,31849.0,15.0,0,0,0,F,20,A,D,D,D,B
2001,31850.0,15.1,0,0,0,F,20,A,D,D,D,B
2001,31851.0,23.6,0,0,0,F,20,A,D,D,D,B
2001,31852.0,18.4,20,15,15,F,20,A,D,D,D,B
2001,31853.0,15.0,0,0,0,F,20,A,D,D,D,B
2001,31854.0,15.0,0,0,0,F,20,A,D,D,D,B
2001,31855.0,15.0,0,0,0,F,20,A,D,D,D,B
2001,31856.0,15.0,0,0,0,F,20,A,D,D,D,B
2001,31857.0,15.0,0,0,0,F,20,A,D,D,D,B
2001,31858.0,15.0,0,0,0,F,20,A,D,D,D,B
2001,31859.0,15.0,0,0,0,F,20,A,D,D,D,B
2001,31860.0,16.0,0,0,0,F,20,A,D,D,D,B
2001,31861.0,15.0,25,25,25,F,20,A,D,D,D,B
2001,31862.0,15.0,0,0,0,F,20,A,D,D,D,B
2001,31863.0,15.0,0,0,0,F,20,A,D,D,D,B
2001,31864.0,15.0,0,0,0,F,20,A,D,D,D,B
2001,31865.0,10.3,15,5,10,F,20,A,D,D,D,B
2001,31866.0,9.5,0,0,5,F,20,A,D,D,D,B
2001,31867.0,2.6,0,0,10,F,20,A,D,D,D,B
2001,31868.0,24.4,40,25,20,F,20,A,D,D,D,B
2001,31869.0,15.0,0,0,0,F,20,A,D,D,D,B
2001,31870.0,15.0,0,0,0,F,20,A,D,D,D,B
2001,31871.0,11.9,20,0,0,F,20,A,D,D,D,B
2001,31872.0,1.4,40,50,0,F,20,B,D,D,D,B
2001,31873.0,15.0,0,0,0,F,20,B,D,D,D,C
2001,31874.0,15.0,0,0,0,M,20,B,D,D,D,C
2001,31875.0,15.0,0,0,0,M,20,B,D,E,D,C
2001,31876.0,15.0,0,0,0,M,20,B,D,E,D,C
2001,31877.0,10.0,0,25,0,M,20,B,D,E,D,C
2001,31878.0,15.0,0,0,0,M,20,B,D,E,D,D
2001,31879.0,15.0,0,0,0,M,20,B,D,E,D,D
2001,31880.0,15.0,30,45,0,M,20,B,D,E,E,D
2001,31881.0,15.0,0,0,0,M,20,C,D,E,E,D
2001,31882.0,15.0,0,0,0,M,20,E,D,E,E,D
2001,31883.0,10.5,30,0,0,M,20,E,D,E,E,D
2001,31884.0,15.0,0,0,0,M,20,E,E,F,E,E
2001,31885.0,22.5,0,25,0,M,20,E,F,F,F,F
2001,31886.0,13.9,15,30,35,M,20,,,,,
2001,31887.0,13.3,65,0,20,M,20,,,,,
2001,31888.0,15.0,0,0,0,M,20,,,,,
2001,31889.0,15.0,0,0,0,M,20,,,,,
2001,31890.0,15.0,0,0,0,M,20,,,,,
2001,31891.0,15.0,0,0,0,M,20,,,,,
2001,31892.0,15.0,0,0,0,M,20,,,,,
2001,31893.0,15.0,0,0,0,M,20,,,,,
1502,31894.0,15.0,0,0,0,F,20,A,A,A,B,A
1502,31895.0,15.0,0,0,0,F,20,A,A,A,B,A
1502,31896.0,15.0,0,0,0,F,20,A,A,B,B,A
1502,31897.0,15.0,0,0,0,F,20,A,A,B,B,A
1502,31898.0,15.0,0,0,0,F,20,A,B,B,B,A
1502,31899.0,15.0,0,0,0,F,20,A,B,B,C,A
1502,31900.0,11.7,0,0,25,F,20,A,B,C,C,A
1502,31901.0,12.5,75,0,0,F,20,A,C,C,C,B
1502,31902.0,24.5,0,0,0,F,20,A,C,C,C,B
1502,31903.0,37.4,0,0,0,F,20,A,D,C,C,B
1502,31904.0,5.6,0,0,0,F,20,A,D,C,C,B
1502,31905.0,37.5,0,0,0,F,20,A,D,C,D,B
1502,31906.0,20.4,55,60,0,F,20,A,D,D,D,B
1502,31907.0,2.0,0,0,15,F,20,A,D,D,D,B
1502,31908.0,25.4,0,0,0,F,20,A,D,D,D,B
1502,31909.0,37.5,0,0,0,F,20,A,D,D,D,B
1502,31910.0,37.5,0,0,0,F,20,A,D,D,D,B
1502,31911.0,13.3,0,0,0,M,20,A,D,D,D,B
1502,31912.0,8.5,0,0,15,M,20,A,D,D,D,B
1502,31913.0,9.1,55,45,0,M,20,A,D,D,D,B
1502,31914.0,17.0,0,0,0,M,20,A,D,D,E,C
1502,31915.0,12.5,50,35,10,M,20,A,D,D,E,C
1502,31916.0,10.7,0,0,0,M,20,A,D,D,E,C
1502,31917.0,11.9,0,0,0,M,20,A,D,D,E,C
1502,31918.0,11.0,0,0,0,M,20,B,D,D,E,C
1502,31919.0,10.9,0,0,0,M,20,B,D,D,E,C
1502,31920.0,18.3,30,0,25,M,20,B,D,D,E,D
1502,31921.0,4.8,50,0,20,M,20,B,D,E,E,E
1502,31922.0,33.2,30,0,0,M,20,B,D,E,F,E
1502,31923.0,3.0,10,0,0,M,20,B,D,E,F,F
1502,31924.0,11.0,25,70,10,M,20,D,F,F,F,G
3502,31925.0,22.0,0,25,5,F,20,A,A,A,A,A
3502,31926.0,4.4,0,0,0,F,20,A,A,A,B,A
3502,31927.0,12.2,20,0,0,F,20,A,A,A,B,A
3502,31928.0,32.9,0,30,0,F,20,A,A,B,B,A
3502,31929.0,25.1,0,0,0,F,20,A,A,B,B,A
3502,31930.0,22.7,90,10,0,F,20,A,A,B,B,A
3502,31931.0,8.9,20,25,0,F,20,A,A,B,B,A
3502,31932.0,15.5,0,0,0,F,20,A,A,B,B,A
3502,31933.0,12.7,25,35,15,F,20,A,A,B,B,A
3502,31934.0,15.9,25,5,40,F,20,A,A,B,B,A
3502,31935.0,12.0,0,0,0,F,20,A,A,B,B,A
3502,31936.0,10.9,0,0,0,F,20,A,A,B,C,A
3502,31937.0,24.2,0,0,0,F,20,A,A,C,C,A
3502,31938.0,9.5,0,10,0,F,20,A,A,C,C,A
3502,31939.0,4.2,0,0,0,F,20,A,A,C,C,A
3502,31940.0,5.6,0,0,0,F,20,A,B,C,C,A
3502,31941.0,10.9,0,0,0,F,20,A,B,C,D,A
3502,31942.0,22.4,0,10,0,F,20,A,B,C,D,A
3502,31943.0,9.2,35,5,0,F,20,A,B,C,D,B
3502,31944.0,21.5,0,15,0,F,20,A,C,C,D,B
3502,31945.0,10.9,0,0,0,F,20,A,C,C,D,B
3502,31946.0,4.4,30,30,0,F,20,A,D,C,D,B
3502,31947.0,11.9,0,0,0,F,20,A,D,C,D,B
3502,31948.0,15.2,0,0,0,M,20,A,D,C,D,B
3502,31949.0,20.5,30,0,10,M,20,A,D,C,D,B
3502,31950.0,3.0,10,0,0,M,20,A,D,D,D,B
3502,31951.0,14.5,40,0,40,M,20,A,D,D,D,B
3502,31952.0,15.0,0,0,0,M,20,A,D,D,D,B
3502,31953.0,22.0,0,15,0,M,20,A,D,D,D,B
3502,31954.0,11.1,10,0,0,M,20,A,D,D,D,B
3502,31955.0,7.5,0,45,10,M,20,A,D,D,D,B
3502,31956.0,4.8,0,0,0,M,20,A,D,D,D,B
3502,31957.0,15.0,0,0,0,M,20,A,D,D,D,B
3502,31958.0,16.5,25,0,45,M,20,A,D,D,D,B
3502,31959.0,15.6,0,0,0,M,20,A,D,D,D,B
3502,31960.0,11.1,0,0,0,M,20,A,D,D,D,B
3502,31961.0,7.5,0,0,0,M,20,A,D,D,D,B
3502,31962.0,7.5,0,0,0,M,20,A,D,D,D,C
3502,31963.0,15.0,0,0,0,M,20,A,D,D,D,C
3502,31964.0,15.3,30,90,30,M,20,A,D,D,D,C
3502,31965.0,15.9,0,0,0,M,20,A,D,D,D,C
3502,31966.0,13.5,0,0,0,M,20,B,D,D,E,C
3502,31967.0,13.7,0,0,0,M,20,B,D,D,E,C
3502,31968.0,0.0,0,0,0,M,20,B,D,E,E,C
3502,31969.0,3.0,0,0,0,M,20,B,D,E,E,D
3502,31970.0,15.0,0,0,0,M,20,B,D,E,E,D
3502,31971.0,5.8,25,10,0,M,20,B,D,E,E,D
3502,31972.0,7.5,40,0,0,M,20,B,D,E,E,D
3502,31973.0,15.0,0,5,0,M,20,B,D,E,F,D
3502,31974.0,3.4,10,0,0,M,20,B,D,E,F,D
3502,31975.0,15.9,0,0,0,M,20,B,D,E,F,E
3502,31976.0,2.6,5,0,10,M,20,B,D,E,F,E
3502,31977.0,15.0,0,0,0,M,20,C,D,E,F,E
3502,31978.0,16.5,20,20,30,M,20,E,D,F,F,F
3502,31979.0,10.9,0,25,0,M,20,E,F,F,F,F
3502,31980.0,21.0,0,0,40,M,20,,,,,
3502,31981.0,0.0,30,0,0,M,20,,,,,
3502,31982.0,13.5,0,0,0,M,20,,,,,
3502,31983.0,15.0,0,0,0,M,20,,,,,
1402,31984.0,7.5,0,0,0,F,20,A,A,A,B,A
1402,31985.0,19.8,10,20,0,F,20,A,A,A,B,A
1402,31986.0,12.7,50,0,50,F,20,A,A,B,B,A
1402,31987.0,15.0,0,0,0,F,20,A,D,B,C,A
1402,31988.0,11.1,0,0,0,F,20,A,D,B,C,A
1402,31989.0,3.6,20,50,10,F,20,A,D,C,C,B
1402,31990.0,12.9,20,70,5,F,20,A,D,C,C,B
1402,31991.0,0.0,30,45,0,F,20,A,D,C,C,B
1402,31992.0,15.0,0,0,0,F,20,A,D,C,C,B
1402,31993.0,2.4,0,60,0,F,20,A,D,C,D,B
1402,31994.0,11.3,0,0,0,F,20,A,D,C,D,B
1402,31995.0,26.4,20,0,55,M,20,A,D,D,D,B
1402,31996.0,15.0,60,15,5,M,20,A,D,D,D,B
1402,31997.0,10.5,10,15,10,M,20,A,D,D,D,B
1402,31998.0,21.0,0,30,10,M,20,A,D,D,D,B
1402,31999.0,2.4,15,0,0,M,20,B,D,D,D,B
1402,32000.0,17.7,50,0,10,M,20,B,D,D,D,D
1402,32001.0,15.0,0,5,0,M,20,B,D,D,D,D
1402,32002.0,15.0,0,0,0,M,20,B,D,E,D,E
1402,32003.0,16.0,0,45,15,M,20,B,D,E,E,E
1402,32004.0,14.1,0,0,0,M,20,B,F,E,E,E
1402,32005.0,0.0,0,0,0,M,20,B,F,E,F,F
1602,32006.0,0.0,0,0,0,F,20,A,A,A,B,A
1602,32007.0,10.6,10,10,15,F,20,A,A,B,B,A
1602,32008.0,11.1,20,0,0,F,20,A,A,B,B,A
1602,32009.0,26.2,0,0,0,F,20,A,A,B,B,A
1602,32010.0,27.1,0,0,0,F,20,A,A,B,B,A
1602,32011.0,13.5,25,0,0,F,20,A,A,C,B,A
1602,32012.0,2.0,10,0,10,F,20,A,A,C,B,A
1602,32013.0,30.8,0,50,0,F,20,A,A,C,C,A
1602,32014.0,4.0,10,0,0,F,20,A,A,D,D,A
1602,32015.0,11.5,0,0,0,F,20,A,A,D,D,A
1602,32016.0,8.8,0,20,0,F,20,A,A,D,D,A
1602,32017.0,5.0,0,0,0,F,20,A,A,D,D,A
1602,32018.0,0.0,0,0,0,F,20,A,B,D,D,B
1602,32019.0,25.1,0,15,0,F,20,A,B,D,D,B
1602,32020.0,0.0,0,15,20,F,20,A,D,D,D,B
1602,32021.0,25.0,40,0,50,F,20,A,D,D,D,B
1602,32022.0,1.0,0,5,0,F,20,A,D,D,D,B
1602,32023.0,21.8,0,20,0,F,20,A,D,D,D,B
1602,32024.0,10.3,30,0,10,F,20,A,D,D,D,B
1602,32025.0,26.2,0,0,0,F,20,A,D,D,D,B
1602,32026.0,16.0,0,0,0,F,20,A,D,D,D,B
1602,32027.0,0.0,0,0,0,F,20,A,D,D,D,B
1602,32028.0,4.6,0,45,0,F,20,A,D,D,D,B
1602,32029.0,16.0,0,0,0,F,20,A,D,D,D,B
1602,32030.0,0.0,0,0,0,F,20,A,D,D,D,C
1602,32031.0,0.0,0,0,0,F,20,A,D,D,E,C
1602,32032.0,23.8,30,0,0,F,20,A,D,E,E,C
1602,32033.0,11.5,0,0,0,F,20,A,D,E,E,C
1602,32034.0,2.8,0,45,15,F,20,A,D,E,E,C
1602,32035.0,18.1,50,0,10,F,20,A,D,E,F,D
1602,32036.0,15.4,50,15,10,M,20,B,D,F,F,D
1602,32037.0,16.0,0,0,0,M,20,B,D,F,F,D
1602,32038.0,9.2,0,15,0,M,20,B,D,F,F,E
1602,32039.0,16.0,0,0,0,M,20,E,E,F,F,E
2402,32040.0,4.0,0,50,0,F,20,A,A,A,B,A
2402,32041.0,0.0,0,0,0,F,20,A,A,A,B,A
2402,32042.0,3.6,10,60,15,F,20,A,A,A,B,A
2402,32043.0,20.4,50,60,10,F,20,A,A,A,B,A
2402,32044.0,4.2,40,35,5,F,20,A,A,A,B,A
2402,32045.0,16.1,0,0,0,F,20,A,A,B,B,A
2402,32046.0,0.0,35,0,0,F,20,A,A,B,B,A
2402,32047.0,11.1,5,0,0,F,20,A,A,B,B,A
2402,32048.0,16.9,30,25,0,F,20,A,A,B,B,A
2402,32049.0,14.9,10,0,0,F,20,A,A,B,B,A
2402,32050.0,26.3,0,0,20,F,20,A,A,B,B,A
2402,32051.0,16.6,20,30,25,F,20,A,A,B,C,A
2402,32052.0,16.4,0,0,0,F,20,A,A,B,C,A
2402,32053.0,7.5,0,30,0,F,20,A,A,B,C,A
2402,32054.0,35.0,0,0,25,F,20,A,A,B,C,A
2402,32055.0,34.3,0,30,0,F,20,A,A,B,C,A
2402,32056.0,21.4,0,25,10,F,20,A,A,B,C,A
2402,32057.0,14.5,0,0,0,F,20,A,A,B,C,A
2402,32058.0,26.4,0,0,0,F,20,A,A,B,C,A
2402,32059.0,11.9,0,0,0,F,20,A,A,C,C,A
2402,32060.0,11.9,0,0,0,F,20,A,A,C,C,A
2402,32061.0,11.9,0,0,0,F,20,A,A,C,C,A
2402,32062.0,16.4,30,45,0,F,20,A,A,C,D,A
2402,32063.0,23.6,0,25,0,F,20,A,B,C,D,A
2402,32064.0,14.3,0,0,0,F,20,A,B,C,D,A
2402,32065.0,22.6,40,0,0,F,20,A,B,C,D,A
2402,32066.0,2.4,20,0,0,F,20,A,B,D,D,B
2402,32067.0,3.0,0,60,0,F,20,A,B,D,D,B
2402,32068.0,24.5,5,15,0,F,20,A,D,D,D,B
2402,32069.0,10.5,10,0,0,F,20,A,D,D,D,B
2402,32070.0,15.0,0,0,10,F,20,A,D,D,D,B
2402,32071.0,12.1,15,0,15,F,20,A,D,D,D,B
2402,32072.0,16.6,0,0,0,F,20,A,D,D,D,B
2402,32073.0,4.4,30,50,0,F,20,A,D,D,D,B
2402,32074.0,16.1,50,0,30,F,20,A,D,D,D,B
2402,32075.0,7.5,45,15,0,F,20,A,D,D,D,B
2402,32076.0,13.3,0,0,0,F,20,A,D,D,D,B
2402,32077.0,7.5,0,30,0,F,20,A,D,D,D,B
2402,32078.0,2.0,0,0,0,F,20,A,D,D,D,B
2402,32079.0,7.5,0,30,0,F,20,A,D,D,D,B
2402,32080.0,14.5,0,0,0,M,20,A,D,D,D,B
2402,32081.0,7.5,0,30,0,M,20,A,D,D,D,B
2402,32082.0,9.5,0,25,0,M,20,A,D,D,D,B
2402,32083.0,9.5,0,25,0,M,20,A,D,D,D,B
2402,32084.0,16.7,30,40,5,M,20,A,D,D,D,B
2402,32085.0,17.5,0,0,0,M,20,A,D,D,D,B
2402,32086.0,15.2,20,0,0,M,20,A,D,D,D,B
2402,32087.0,25.4,0,0,0,M,20,A,D,D,D,B
2402,32088.0,12.1,0,30,0,M,20,A,D,D,D,B
2402,32089.0,25.2,0,0,0,M,20,A,D,D,D,C
2402,32090.0,15.0,10,0,0,M,20,A,D,D,D,C
2402,32091.0,15.0,0,0,10,M,20,A,D,D,D,C
2402,32092.0,8.5,0,45,10,M,20,A,D,D,E,C
2402,32093.0,15.0,0,0,0,M,20,A,D,D,E,C
2402,32094.0,7.5,0,0,0,M,20,A,D,D,E,C
2402,32095.0,15.0,0,0,0,M,20,A,D,D,E,C
2402,32096.0,23.1,0,10,10,M,20,A,D,D,E,C
2402,32097.0,7.5,0,0,0,M,20,A,D,E,E,C
2402,32098.0,14.9,0,0,0,M,20,A,D,E,E,C
2402,32099.0,7.5,0,0,0,M,20,A,D,E,E,C
2402,32100.0,15.0,0,0,0,M,20,A,D,E,E,D
2402,32101.0,15.0,0,0,0,M,20,A,D,E,E,D
2402,32102.0,15.0,0,0,0,M,20,A,D,E,F,D
2402,32103.0,14.7,0,0,0,M,20,A,D,E,F,D
2402,32104.0,15.0,0,0,0,M,20,A,D,E,F,D
2402,32105.0,15.0,0,0,0,M,20,A,D,E,F,D
2402,32106.0,15.0,0,0,0,M,20,B,D,E,F,D
2402,32107.0,15.0,0,0,15,M,20,B,D,E,F,E
2402,32108.0,15.0,0,0,0,M,20,B,D,E,F,E
2402,32109.0,15.0,0,0,0,M,20,B,D,E,F,E
2402,32110.0,15.0,0,0,0,M,20,B,D,E,F,E
2402,32111.0,15.0,0,0,0,M,20,B,E,E,F,E
2402,32112.0,15.0,0,0,0,M,20,C,E,F,F,E
2402,32113.0,16.9,30,35,10,M,20,E,E,F,F,E
2402,32114.0,14.7,0,0,0,M,20,E,E,F,F,E
2402,32115.0,7.5,0,0,0,M,20,E,F,F,F,F
2402,32116.0,18.0,0,0,0,M,20,E,F,F,F,F
2402,32117.0,15.0,0,0,0,M,20,E,F,F,F,F
2402,32118.0,9.5,20,30,0,M,20,,,,,
2402,32119.0,28.1,0,0,0,M,20,,,,,
3002,32120.0,15.0,0,0,0,F,20,A,A,A,A,A
3002,32121.0,7.0,70,65,5,F,20,A,A,A,A,A
3002,32122.0,7.5,0,0,0,F,20,A,A,A,B,A
3002,32123.0,7.5,0,0,0,F,20,A,A,A,B,A
3002,32124.0,15.0,0,0,0,F,20,A,A,A,B,A
3002,32125.0,16.0,0,0,0,F,20,A,A,B,B,A
3002,32126.0,0.0,30,0,10,F,20,A,A,B,B,A
3002,32127.0,4.8,80,0,0,F,20,A,A,B,B,A
3002,32128.0,0.0,15,25,0,F,20,A,A,B,C,A
3002,32129.0,11.1,0,25,0,F,20,A,B,B,C,A
3002,32130.0,31.2,45,0,10,F,20,A,B,B,C,A
3002,32131.0,7.0,30,35,0,F,20,A,B,B,C,A
3002,32132.0,2.6,50,15,0,F,20,A,B,B,C,A
3002,32133.0,13.2,0,10,15,F,20,A,B,B,C,A
3002,32134.0,15.0,0,0,0,F,20,A,C,C,C,A
3002,32135.0,15.0,0,0,0,M,20,A,C,C,C,A
3002,32136.0,15.0,0,0,0,M,20,A,D,C,C,A
3002,32137.0,16.0,0,0,0,M,20,A,D,C,C,A
3002,32138.0,26.4,0,0,10,M,20,A,D,C,D,A
3002,32139.0,14.9,0,0,0,M,20,A,D,C,D,B
3002,32140.0,15.0,0,0,0,M,20,A,D,C,D,B
3002,32141.0,10.9,30,5,5,M,20,A,D,C,D,B
3002,32142.0,15.0,0,0,0,M,20,A,D,C,D,B
3002,32143.0,39.2,0,0,0,M,20,A,D,D,D,B
3002,32144.0,7.2,20,15,30,M,20,A,D,D,D,B
3002,32145.0,14.7,0,0,0,M,20,A,D,D,D,B
3002,32146.0,26.9,0,0,0,M,20,A,D,D,D,B
3002,32147.0,15.0,0,0,0,M,20,A,D,D,D,B
3002,32148.0,0.0,50,0,0,M,20,A,D,D,D,B
3002,32149.0,16.0,0,0,0,M,20,A,D,D,D,B
3002,32150.0,15.0,0,0,0,M,20,A,D,D,D,B
3002,32151.0,11.1,15,15,10,M,20,A,D,D,E,B
3002,32152.0,15.0,0,10,5,M,20,A,D,D,E,B
3002,32153.0,6.4,15,45,10,M,20,A,D,D,E,C
3002,32154.0,10.5,50,0,0,M,20,B,D,D,E,C
3002,32155.0,5.4,0,45,0,M,20,B,D,D,E,C
3002,32156.0,2.6,0,0,0,M,20,B,D,D,E,D
3002,32157.0,9.6,0,45,5,M,20,B,D,D,E,D
3002,32158.0,7.5,0,0,0,M,20,B,D,D,E,D
3002,32159.0,15.0,0,0,0,M,20,B,D,D,F,E
3002,32160.0,13.5,10,0,0,M,20,B,D,E,F,E
3002,32161.0,17.0,0,0,0,M,20,C,E,F,F,E
3002,32162.0,9.5,10,30,10,M,20,E,E,F,F,F
3002,32163.0,2.6,0,0,0,M,20,,,,,
5401,32164.0,15.0,0,0,0,F,20,A,A,A,A,A
5401,32165.0,15.0,0,0,0,F,20,A,A,A,A,A
5401,32166.0,15.0,0,0,0,F,20,A,A,B,B,A
5401,32167.0,15.0,0,0,0,F,20,A,A,B,B,A
5401,32168.0,15.0,0,0,0,F,20,A,A,B,B,A
5401,32169.0,14.4,80,10,0,F,20,A,A,B,C,A
5401,32170.0,6.6,40,20,10,F,20,A,A,C,C,A
5401,32171.0,1.4,5,25,0,F,20,A,B,C,C,B
5401,32172.0,15.0,0,15,0,F,20,A,B,D,C,B
5401,32173.0,7.5,0,0,0,F,20,A,B,D,D,B
5401,32174.0,14.9,0,0,0,F,20,A,B,D,D,B
5401,32175.0,27.1,0,0,0,F,20,A,D,D,D,B
5401,32176.0,16.6,0,0,0,F,20,A,D,D,D,B
5401,32177.0,12.7,0,0,0,F,20,A,D,D,D,B
5401,32178.0,9.9,20,20,10,F,20,A,D,D,D,B
5401,32179.0,7.5,0,0,65,F,20,A,D,D,D,B
5401,32180.0,15.1,0,0,0,M,20,A,D,D,D,B
5401,32181.0,6.4,0,0,0,M,20,A,D,D,D,B
5401,32182.0,27.0,10,0,0,M,20,A,D,D,D,C
5401,32183.0,15.1,0,0,0,M,20,B,D,E,D,D
5401,32184.0,6.0,0,45,0,M,20,B,D,E,E,D
5401,32185.0,20.2,0,25,15,M,20,B,D,E,E,D
5401,32186.0,8.5,25,0,40,M,20,B,D,E,E,D
5401,32187.0,12.9,0,0,0,M,20,B,D,E,E,E
5401,32188.0,7.5,0,35,0,M,20,B,F,F,F,E
5401,32189.0,1.0,0,0,0,M,20,D,F,F,F,E
5401,32190.0,20.8,40,10,0,M,20,E,F,F,F,F
3502,32191.0,13.9,20,0,5,F,20,A,A,B,B,A
3502,32192.0,25.1,25,0,0,F,20,A,A,B,B,A
3502,32193.0,7.5,0,35,0,F,20,A,A,B,B,A
3502,32194.0,14.1,0,0,0,F,20,A,A,B,B,A
3502,32195.0,6.4,50,20,5,F,20,A,A,B,C,A
3502,32196.0,16.0,0,0,10,F,20,A,A,B,C,A
3502,32197.0,26.1,0,0,0,F,20,A,A,B,C,A
3502,32198.0,32.5,30,15,0,F,20,A,A,B,C,A
3502,32199.0,10.7,30,5,10,F,20,A,A,B,C,A
3502,32200.0,22.5,30,10,0,F,20,A,B,B,C,A
3502,32201.0,1.0,25,0,10,F,20,A,B,C,C,A
3502,32202.0,14.1,0,0,0,F,20,A,B,C,C,A
3502,32203.0,4.0,90,35,40,F,20,A,B,C,C,A
3502,32204.0,15.3,0,0,0,F,20,A,B,C,C,A
3502,32205.0,14.9,30,20,40,F,20,A,B,C,C,A
3502,32206.0,0.0,0,0,10,F,20,A,B,C,D,A
3502,32207.0,8.2,30,30,0,F,20,A,B,C,D,A
3502,32208.0,11.9,20,15,0,F,20,A,B,C,D,A
3502,32209.0,1.6,20,0,10,F,20,A,B,C,D,A
3502,32210.0,10.9,35,0,10,M,20,A,C,C,D,A
3502,32211.0,6.8,55,80,10,M,20,A,C,C,D,A
3502,32212.0,6.8,40,10,20,M,20,A,D,C,D,B
3502,32213.0,16.0,30,45,10,M,20,A,D,C,D,B
3502,32214.0,4.0,0,5,10,M,20,A,D,C,D,B
3502,32215.0,24.9,10,15,0,M,20,A,D,C,D,B
3502,32216.0,11.5,0,40,0,M,20,A,D,C,D,B
3502,32217.0,15.5,15,60,15,M,20,A,D,D,D,B
3502,32218.0,13.1,10,0,20,M,20,A,D,D,D,B
3502,32219.0,4.6,0,5,10,M,20,A,D,D,D,B
3502,32220.0,1.6,0,0,0,M,20,A,D,D,D,B
3502,32221.0,5.0,0,0,0,M,20,A,D,D,D,B
3502,32222.0,14.0,0,10,0,M,20,A,D,D,D,B
3502,32223.0,25.4,30,15,50,M,20,A,D,D,D,B
3502,32224.0,5.8,40,35,80,M,20,A,D,D,E,C
3502,32225.0,8.2,0,0,0,M,20,A,D,D,E,C
3502,32226.0,18.2,65,0,0,M,20,A,D,D,E,C
3502,32227.0,11.7,0,0,10,M,20,A,D,D,E,C
3502,32228.0,11.9,25,5,10,M,20,A,D,D,E,C
3502,32229.0,16.2,80,5,0,M,20,A,D,D,E,C
3502,32230.0,25.2,0,25,0,M,20,A,D,D,E,C
3502,32231.0,14.9,15,0,5,M,20,A,D,D,E,C
3502,32232.0,10.3,20,30,0,M,20,A,D,D,E,C
3502,32233.0,13.7,0,15,0,M,20,A,D,D,E,C
3502,32234.0,26.5,0,0,0,M,20,A,D,D,E,C
3502,32235.0,11.7,40,0,0,M,20,A,D,D,E,C
3502,32236.0,13.9,30,30,40,M,20,A,D,E,E,C
3502,32237.0,21.2,0,40,10,M,20,B,D,E,E,C
3502,32238.0,14.7,40,15,40,M,20,B,D,E,E,C
3502,32239.0,5.8,50,5,25,M,20,B,D,E,E,C
3502,32240.0,7.5,75,0,0,M,20,B,D,E,F,D
3502,32241.0,12.1,0,15,0,M,20,C,D,E,F,D
3502,32242.0,14.3,10,0,15,M,20,E,D,E,F,D
3502,32243.0,8.9,0,30,0,M,20,E,F,F,F,E
3502,32244.0,27.1,0,0,0,M,20,E,F,F,F,E
3502,32245.0,23.4,0,20,0,M,20,,,,,
3502,32246.0,6.6,0,0,0,M,20,,,,,
3502,32247.0,3.4,0,0,0,M,20,,,,,
3502,32248.0,16.7,0,0,0,M,20,,,,,
3502,32249.0,0.0,0,0,0,M,20,,,,,
3502,32250.0,8.6,0,0,0,M,20,,,,,
3502,32251.0,10.2,30,30,0,M,20,,,,,
3502,32252.0,15.0,0,0,0,M,20,,,,,
3502,32253.0,0.0,0,0,0,M,20,,,,,
3502,32254.0,0.0,0,0,0,M,20,,,,,
3502,32255.0,15.0,0,0,0,M,20,,,,,
3502,32256.0,15.0,50,0,45,M,20,,,,,
3502,32257.0,15.0,0,0,0,M,20,,,,,
2402,32258.0,3.6,0,0,0,F,20,A,A,A,A,A
2402,32259.0,22.5,50,0,70,F,20,A,A,A,A,A
2402,32260.0,0.0,70,50,0,F,20,A,A,A,A,A
2402,32261.0,15.0,0,0,20,F,20,A,A,A,A,A
2402,32262.0,15.0,0,0,0,F,20,A,A,B,B,A
2402,32263.0,7.5,10,60,0,F,20,A,A,B,B,A
2402,32264.0,14.5,0,0,25,F,20,A,A,B,B,A
2402,32265.0,17.8,0,30,30,F,20,A,A,B,B,A
2402,32266.0,26.7,0,0,0,F,20,A,A,B,B,A
2402,32267.0,0.0,0,0,0,F,20,A,A,B,B,A
2402,32268.0,0.0,0,25,0,F,20,A,A,B,B,A
2402,32269.0,0.0,0,0,0,F,20,A,A,B,B,A
2402,32270.0,11.5,50,0,0,F,20,A,A,B,C,A
2402,32271.0,17.4,0,0,0,F,20,A,A,B,C,A
2402,32272.0,9.9,0,0,0,F,20,A,B,B,C,A
2402,32273.0,16.0,0,0,0,F,20,A,B,B,C,B
2402,32274.0,15.0,0,0,0,F,20,A,B,C,C,B
2402,32275.0,11.4,40,60,25,F,20,A,B,C,C,B
2402,32276.0,15.0,0,0,0,F,20,A,B,C,C,B
2402,32277.0,0.0,0,0,0,F,20,A,B,C,D,B
2402,32278.0,12.4,0,0,15,F,20,A,B,C,D,B
2402,32279.0,13.3,0,0,25,F,20,A,B,C,D,B
2402,32280.0,27.9,0,0,0,F,20,A,C,C,D,B
2402,32281.0,18.0,0,0,0,F,20,A,C,C,D,B
2402,32282.0,15.0,20,0,0,F,20,A,D,D,D,B
2402,32283.0,15.0,20,0,0,F,20,A,D,D,D,B
2402,32284.0,4.2,20,0,0,F,20,A,D,D,D,B
2402,32285.0,0.0,0,0,0,F,20,A,D,D,D,B
2402,32286.0,0.0,0,0,0,F,20,A,D,D,D,B
2402,32287.0,0.0,0,0,0,F,20,A,D,D,D,B
2402,32288.0,0.0,0,0,0,F,20,A,D,D,D,B
2402,32289.0,15.0,0,0,0,F,20,A,D,D,D,B
2402,32290.0,0.0,0,0,0,F,20,A,D,D,D,B
2402,32291.0,0.0,0,0,0,F,20,A,D,D,D,B
2402,32292.0,15.0,0,0,0,F,20,A,D,D,D,B
2402,32293.0,0.0,0,0,0,F,20,A,D,D,D,B
2402,32294.0,0.0,0,0,0,F,20,A,D,D,D,B
2402,32295.0,22.5,0,45,0,F,20,A,D,D,D,B
2402,32296.0,15.0,0,0,0,M,20,A,D,E,E,C
2402,32297.0,0.0,0,0,0,M,20,A,D,E,E,D
2402,32298.0,0.0,0,0,0,M,20,A,D,E,E,D
2402,32299.0,0.0,0,0,0,M,20,B,D,E,E,D
2402,32300.0,3.6,0,0,0,M,20,B,D,E,E,D
2402,32301.0,16.0,0,0,0,M,20,B,D,E,E,D
2402,32302.0,0.0,0,0,0,M,20,B,D,E,E,E
2402,32303.0,14.1,0,15,0,M,20,B,F,F,F,E
2402,32304.0,0.0,0,0,0,M,20,C,F,F,F,E
2402,32305.0,19.2,0,0,0,M,20,E,F,F,F,F
2402,32306.0,0.0,0,0,0,M,20,,,,,
2402,32307.0,0.0,0,0,0,M,20,,,,,
2402,32308.0,0.0,0,0,0,M,20,,,,,
2402,32309.0,0.0,0,0,0,M,20,,,,,
2402,32310.0,0.0,0,0,0,M,20,,,,,
2402,32311.0,15.0,0,0,0,M,20,,,,,
2402,32312.0,0.0,0,0,0,M,20,,,,,
2402,32313.0,0.0,0,0,0,M,20,,,,,
2402,32314.0,0.0,0,0,0,M,20,,,,,
2402,32315.0,0.0,0,0,0,M,20,,,,,
2402,32316.0,16.0,0,0,0,M,20,,,,,
2402,32317.0,0.0,0,0,0,M,20,,,,,
2402,32318.0,15.0,15,5,0,M,20,,,,,
2402,32319.0,9.1,20,0,40,M,20,,,,,
2402,32320.0,9.2,45,75,15,M,20,,,,,
2402,32321.0,6.0,0,0,10,M,20,,,,,
2402,32322.0,17.0,40,45,70,M,20,,,,,
2402,32323.0,7.5,0,0,0,M,20,,,,,
2402,32324.0,7.5,0,0,0,M,20,,,,,
2402,32325.0,7.5,0,0,0,M,20,,,,,
2402,32326.0,17.5,0,0,0,M,20,,,,,
2402,32327.0,7.5,0,0,0,M,20,,,,,
2402,32328.0,7.5,0,0,0,M,20,,,,,
2402,32329.0,7.5,0,0,0,M,20,,,,,
2402,32330.0,20.7,20,0,40,M,20,,,,,
2402,32331.0,7.5,0,0,0,M,20,,,,,
2402,32332.0,7.5,0,0,0,M,20,,,,,
2402,32333.0,16.4,0,0,0,M,20,,,,,
2402,32334.0,19.3,0,0,0,M,20,,,,,
2402,32335.0,7.5,0,0,0,M,20,,,,,
2402,32336.0,0.0,10,0,40,M,20,,,,,
2402,32337.0,7.5,0,0,0,M,20,,,,,
2402,32338.0,7.5,0,0,0,M,20,,,,,
2402,32339.0,7.5,0,0,0,M,20,,,,,
2402,32340.0,7.5,0,0,0,M,20,,,,,
2402,32341.0,7.5,0,0,0,M,20,,,,,
2402,32342.0,7.5,0,0,0,M,20,,,,,
2402,32343.0,7.5,30,0,45,M,20,,,,,
2402,32344.0,7.5,50,0,30,M,20,,,,,
2402,32345.0,7.5,0,0,0,M,20,,,,,
2402,32346.0,7.5,0,0,0,M,20,,,,,
2402,32347.0,7.5,0,0,0,M,20,,,,,
2402,32348.0,7.5,0,0,0,M,20,,,,,
3002,32349.0,13.9,0,0,0,F,20,A,A,A,A,A
3002,32350.0,6.4,0,50,0,F,20,A,A,A,A,A
3002,32351.0,9.5,0,50,10,F,20,A,A,A,A,A
3002,32352.0,6.4,0,10,0,F,20,A,A,A,A,A
3002,32353.0,7.5,0,0,0,F,20,A,A,A,A,A
3002,32354.0,7.5,0,0,0,F,20,A,A,A,A,A
3002,32355.0,0.0,0,0,0,F,20,A,A,A,B,A
3002,32356.0,7.5,0,0,0,F,20,A,A,B,B,A
3002,32357.0,7.5,0,0,0,F,20,A,A,B,B,A
3002,32358.0,7.5,0,0,0,F,20,A,A,B,B,A
3002,32359.0,7.5,0,0,0,F,20,A,A,B,B,A
3002,32360.0,17.6,0,0,0,F,20,A,B,B,B,A
3002,32361.0,16.8,50,90,20,F,20,A,B,B,B,A
3002,32362.0,7.5,0,0,0,F,20,A,B,B,B,A
3002,32363.0,9.1,10,0,0,F,20,A,B,B,B,A
3002,32364.0,27.4,30,25,35,F,20,A,B,B,C,A
3002,32365.0,0.0,0,0,0,F,20,A,B,B,C,A
3002,32366.0,7.5,0,0,0,F,20,A,B,B,C,A
3002,32367.0,12.7,50,60,0,F,20,A,B,B,C,A
3002,32368.0,0.0,0,0,0,F,20,A,C,B,C,A
3002,32369.0,7.5,0,0,0,F,20,A,C,B,C,A
3002,32370.0,7.5,0,0,0,F,20,A,C,B,C,A
3002,32371.0,7.5,0,0,0,F,20,A,D,B,C,A
3002,32372.0,7.5,0,0,0,F,20,A,D,B,C,A
3002,32373.0,7.5,0,0,0,F,20,A,D,C,C,A
3002,32374.0,7.5,0,0,0,F,20,A,D,C,C,A
3002,32375.0,7.5,0,0,0,F,20,A,D,C,C,A
3002,32376.0,7.5,0,0,0,F,20,A,D,C,C,A
3002,32377.0,7.5,0,0,0,F,20,A,D,C,C,A
3002,32378.0,14.3,15,0,0,M,20,A,D,C,D,A
3002,32379.0,7.5,0,0,0,M,20,A,D,C,D,B
3002,32380.0,7.5,0,0,0,M,20,A,D,C,D,B
3002,32381.0,7.5,0,0,0,M,20,A,D,D,D,B
3002,32382.0,7.5,0,0,0,M,20,A,D,D,D,B
3002,32383.0,7.5,0,0,0,M,20,A,D,D,D,B
3002,32384.0,17.0,10,0,0,M,20,A,D,D,D,B
3002,32385.0,7.5,0,0,0,M,20,A,D,D,D,B
3002,32386.0,17.5,25,55,0,M,20,A,D,D,D,B
3002,32387.0,7.5,0,0,0,M,20,A,D,D,D,B
3002,32388.0,7.5,0,0,0,M,20,A,D,D,D,B
3002,32389.0,7.5,0,0,0,M,20,A,D,D,D,B
3002,32390.0,7.5,0,0,0,M,20,A,D,D,D,B
3002,32391.0,7.5,0,0,0,M,20,A,D,D,D,B
3002,32392.0,7.5,0,0,0,M,20,A,D,D,D,B
3002,32393.0,3.0,20,0,10,M,20,A,D,D,D,B
3002,32394.0,7.5,0,0,0,M,20,A,D,D,D,B
3002,32395.0,7.5,0,0,0,M,20,A,D,D,D,B
3002,32396.0,7.5,0,0,0,M,20,A,D,D,D,B
3002,32397.0,7.5,0,0,0,M,20,A,D,D,D,B
3002,32398.0,7.5,0,0,0,M,20,A,D,D,D,B
3002,32399.0,7.5,0,0,0,M,20,A,D,D,D,B
3002,32400.0,0.0,30,0,20,M,20,A,D,D,D,B
3002,32401.0,7.5,0,0,0,M,20,B,D,D,D,B
3002,32402.0,7.5,0,0,0,M,20,B,D,D,D,B
3002,32403.0,0.0,10,30,10,M,20,B,D,D,D,B
3002,32404.0,18.4,0,0,0,M,20,B,D,D,D,B
3002,32405.0,7.5,0,0,0,M,20,B,D,D,D,B
3002,32406.0,7.5,0,0,0,M,20,B,D,D,D,C
3202,32407.0,9.5,30,0,0,F,20,A,A,A,A,A
3202,32408.0,7.5,0,0,0,F,20,A,A,B,B,A
3202,32409.0,7.4,0,0,0,F,20,A,A,B,B,A
3202,32410.0,7.5,0,0,0,F,20,A,A,B,B,A
3202,32411.0,7.5,0,0,0,F,20,A,A,B,B,A
3202,32412.0,7.5,0,0,0,F,20,A,B,B,B,A
3202,32413.0,7.5,0,0,0,F,20,A,B,B,B,A
3202,32414.0,9.5,10,20,30,F,20,A,B,B,B,A
3202,32415.0,7.5,0,0,0,F,20,A,B,B,C,A
3202,32416.0,7.5,0,0,0,F,20,A,B,B,C,A
3202,32417.0,7.5,0,0,0,F,20,A,D,C,D,A
3202,32418.0,22.2,10,25,15,F,20,A,D,C,D,A
3202,32419.0,7.5,0,0,0,F,20,A,D,C,D,B
3202,32420.0,7.5,50,5,20,M,20,A,D,C,D,B
3202,32421.0,7.5,0,0,0,M,20,A,D,C,D,B
3202,32422.0,7.5,0,0,0,M,20,A,D,C,D,B
3202,32423.0,15.3,50,30,0,M,20,,,,,
3202,32424.0,7.5,0,0,0,M,20,,,,,
3202,32425.0,7.5,0,0,0,M,20,,,,,
5401,32426.0,7.5,0,0,0,F,20,A,A,A,C,A
5401,32427.0,7.5,0,0,0,F,20,A,A,B,C,B
5401,32428.0,23.5,20,15,5,F,20,A,A,B,D,B
5401,32429.0,7.5,0,0,0,F,20,A,A,C,D,B
5401,32430.0,7.5,0,0,0,F,20,A,B,C,D,B
5401,32431.0,7.5,0,0,0,F,20,A,D,D,D,B
5401,32432.0,7.5,0,0,0,F,20,A,D,D,D,B
5401,32433.0,7.5,20,40,15,F,20,A,D,D,D,C
5401,32434.0,7.5,0,0,0,F,20,A,D,D,D,D
5401,32435.0,7.5,0,0,0,F,20,A,D,D,D,D
4004,32436.0,7.5,0,0,0,M,20,A,A,B,D,B
4004,32437.0,7.5,0,0,0,M,20,A,A,C,D,B
4004,32438.0,7.5,0,0,0,M,20,A,A,C,D,B
4004,32439.0,7.5,0,0,0,M,20,A,A,C,D,B
4004,32440.0,7.5,0,0,0,M,20,A,A,C,D,B
4004,32441.0,7.5,0,0,0,M,20,A,A,C,D,B
4004,32442.0,7.5,0,0,0,M,20,A,A,D,D,B
4004,32443.0,7.5,0,0,0,M,20,A,A,D,D,B
4004,32444.0,7.5,0,0,0,M,20,A,A,D,D,B
4004,32445.0,7.5,0,0,0,M,20,A,A,D,D,B
4004,32446.0,7.5,0,0,0,M,20,A,A,D,D,B
4004,32447.0,7.5,0,0,0,M,20,A,B,D,D,B
4004,32448.0,7.5,0,0,0,M,20,A,B,D,D,B
4004,32449.0,8.5,20,30,15,M,20,A,B,D,D,B
4004,32450.0,7.5,0,0,0,M,20,A,B,D,D,C
4004,32451.0,7.5,0,0,0,M,20,A,D,D,D,C
4004,32452.0,0.0,0,0,0,M,20,A,D,D,D,C
4004,32453.0,7.5,0,0,0,M,20,A,D,D,E,C
4004,32454.0,4.4,0,0,0,M,20,A,D,D,E,C
4004,32455.0,18.0,0,0,0,M,20,A,D,D,E,D
4004,32456.0,13.1,30,0,10,M,20,A,D,D,E,D
4004,32457.0,1.6,0,20,0,M,20,A,D,E,E,D
4004,32458.0,1.0,0,0,0,M,20,A,D,E,E,E
4004,32459.0,17.0,0,0,0,M,20,A,D,E,E,E
4004,32460.0,10.1,50,10,0,M,20,A,D,E,E,E
4004,32461.0,12.7,30,0,25,M,20,A,D,E,E,E
4004,32462.0,17.0,0,0,0,M,20,A,D,E,E,E
4004,32463.0,4.6,0,0,0,M,20,A,D,E,F,E
4004,32464.0,35.6,0,35,0,M,20,A,D,E,F,E
4004,32465.0,17.0,0,0,0,M,20,A,D,E,F,E
4004,32466.0,17.0,0,0,0,M,20,A,D,E,F,E
4004,32467.0,15.5,10,15,0,M,20,A,D,E,F,F
4004,32468.0,20.0,0,0,0,M,20,B,D,F,F,F
4004,32469.0,7.8,10,0,0,M,20,B,D,F,F,F
4004,32470.0,28.9,0,0,0,M,20,B,E,F,F,F
4004,32471.0,3.4,0,0,30,M,20,E,F,F,F,G
1501,32472.0,35.2,25,15,0,F,20,A,A,A,B,A
1501,32473.0,8.0,0,0,0,F,20,A,A,A,B,A
1501,32474.0,24.0,0,35,5,F,20,A,A,A,B,A
1501,32475.0,4.4,10,15,0,F,20,A,A,B,B,A
1501,32476.0,30.0,0,0,0,F,20,A,A,B,C,A
1501,32477.0,7.5,0,45,0,F,20,A,A,B,C,A
1501,32478.0,9.5,0,0,0,F,20,A,A,B,D,A
1501,32479.0,17.1,0,0,25,F,20,A,B,B,D,A
1501,32480.0,6.8,30,50,0,F,20,A,B,B,D,A
1501,32481.0,30.0,0,0,0,F,20,A,B,C,D,A
1501,32482.0,13.5,90,0,20,F,20,A,B,D,D,B
1501,32483.0,3.2,100,0,5,F,20,A,B,D,D,B
1501,32484.0,14.5,0,0,0,F,20,A,D,D,D,B
1501,32485.0,1.0,0,0,0,F,20,A,D,D,D,B
1501,32486.0,7.5,0,45,0,F,20,A,D,D,D,B
1501,32487.0,17.0,0,0,0,F,20,A,D,D,D,B
1501,32488.0,13.7,0,20,0,F,20,A,D,D,D,B
1501,32489.0,1.0,0,0,0,M,20,A,D,D,D,B
1501,32490.0,14.3,0,0,0,M,20,A,D,D,D,B
1501,32491.0,23.6,25,20,0,M,20,A,D,D,D,B
1501,32492.0,16.1,75,0,0,M,20,A,D,D,D,B
1501,32493.0,12.5,50,50,0,M,20,A,D,D,D,C
1501,32494.0,1.0,0,0,0,M,20,A,D,D,E,C
1501,32495.0,7.5,0,45,0,M,20,A,D,D,E,C
1501,32496.0,14.1,0,10,0,M,20,A,D,E,F,C
1501,32497.0,18.8,0,0,0,M,20,B,D,E,F,C
1501,32498.0,30.0,0,0,0,M,20,E,F,E,F,F
1501,32499.0,11.3,10,30,10,M,20,,,,,
1601,32500.0,29.9,0,0,0,F,20,A,A,B,B,A
1601,32501.0,17.0,0,0,0,F,20,A,A,C,B,A
1601,32502.0,3.2,20,0,10,F,20,A,A,C,C,A
1601,32503.0,17.0,15,0,0,F,20,A,A,C,C,A
1601,32504.0,4.0,20,60,20,F,20,A,A,C,C,A
1601,32505.0,3.2,30,0,0,F,20,A,A,C,C,B
1601,32506.0,15.0,0,0,0,F,20,A,A,C,D,B
1601,32507.0,12.3,0,25,0,F,20,A,A,D,D,B
1601,32508.0,15.0,0,0,0,F,20,A,B,D,D,B
1601,32509.0,7.0,0,40,20,F,20,A,B,D,D,B
1601,32510.0,24.5,10,20,10,F,20,A,B,D,D,B
1601,32511.0,11.3,30,20,5,F,20,A,D,D,D,B
1601,32512.0,15.0,0,0,0,M,20,A,D,D,D,C
1601,32513.0,4.8,0,0,0,M,20,A,D,D,D,C
1601,32514.0,15.7,70,20,0,M,20,A,D,D,E,C
1601,32515.0,14.3,0,20,0,M,20,A,D,E,E,D
1601,32516.0,15.0,0,0,0,M,20,A,D,E,E,E
2402,32517.0,17.1,0,0,0,F,20,A,A,D,D,B
2402,32518.0,15.0,0,0,0,F,20,A,A,D,D,B
2402,32519.0,15.0,0,0,0,F,20,A,A,D,D,B
2402,32520.0,5.0,0,0,0,F,20,A,A,D,D,C
2402,32521.0,15.0,0,0,0,M,20,A,A,D,D,C
2402,32522.0,3.8,20,5,5,M,20,A,A,D,D,C
2402,32523.0,7.5,5,0,0,M,20,A,A,E,E,C
2402,32524.0,33.6,25,30,0,M,20,A,A,E,E,C
2402,32525.0,3.6,30,0,0,M,29,A,B,E,E,C
904,32526.0,15.0,0,0,0,F,20,A,A,B,B,A
904,32527.0,15.0,0,0,0,F,20,A,A,B,B,A
904,32528.0,15.0,0,0,0,F,20,A,A,B,B,A
904,32529.0,12.3,0,15,0,F,20,A,A,B,B,A
904,32530.0,15.0,0,0,0,F,20,A,A,B,B,A
904,32531.0,15.0,0,0,0,F,20,A,A,B,B,A
904,32532.0,10.4,0,30,0,F,20,A,A,B,B,A
904,32533.0,15.0,0,0,0,F,20,A,A,B,B,A
904,32534.0,15.0,0,0,0,F,20,A,A,B,C,A
904,32535.0,15.0,0,0,0,F,20,A,A,B,C,B
904,32536.0,15.0,0,15,0,F,20,A,A,B,C,B
904,32537.0,15.0,0,0,0,F,20,A,A,B,C,B
904,32538.0,15.0,0,0,0,F,20,A,A,B,C,B
904,32539.0,17.3,0,0,0,F,20,A,A,C,C,B
904,32540.0,4.8,0,0,0,F,20,A,A,C,C,B
904,32541.0,2.4,40,0,0,F,20,A,A,C,D,B
904,32542.0,10.5,0,30,0,F,20,A,B,C,D,B
904,32543.0,7.5,5,0,0,M,20,C,D,E,F,D
904,32544.0,15.0,0,0,0,M,20,C,D,E,F,D
904,32545.0,6.0,10,0,5,M,20,D,D,E,F,E
904,32546.0,14.7,30,0,0,M,20,E,D,E,F,E
904,32547.0,16.3,30,60,5,M,20,E,D,E,F,E
904,32548.0,16.4,10,0,10,M,20,E,F,E,F,E
904,32549.0,3.6,20,0,10,M,20,E,F,E,F,E
904,32550.0,16.5,40,45,10,M,20,,,,,
904,32551.0,11.1,35,20,0,M,20,,,,,
904,32552.0,7.5,0,0,5,M,20,,,,,
4004,32553.0,13.3,0,20,0,M,20,A,A,C,D,C
4004,32554.0,15.0,0,0,10,M,20,A,A,C,D,C
4004,32555.0,30.9,0,0,0,M,20,A,A,C,D,C
4004,32556.0,15.0,80,80,20,M,20,A,A,C,D,D
4004,32557.0,7.5,0,10,0,M,20,A,A,C,D,D
4004,32558.0,12.3,0,20,0,M,20,A,A,D,D,D
4004,32559.0,18.6,0,35,30,M,20,A,A,D,D,D
4004,32560.0,11.7,30,15,10,M,20,A,A,D,D,D
4004,32561.0,10.3,0,0,0,M,20,A,A,D,D,D
4004,32562.0,15.0,25,0,0,M,20,A,A,D,D,D
4004,32563.0,13.9,0,0,15,M,20,A,A,D,D,D
4004,32564.0,8.1,0,5,0,M,20,A,D,D,E,E
4004,32565.0,8.5,0,0,0,M,20,A,D,D,E,E
4004,32566.0,19.6,0,0,0,M,20,A,D,D,E,E
4004,32567.0,1.0,25,5,20,M,20,A,D,E,E,E
4004,32568.0,31.2,0,0,0,M,20,A,D,E,E,E
4004,32569.0,10.7,30,20,10,M,20,A,D,E,E,F
4004,32570.0,8.6,50,0,10,M,20,A,F,E,F,F
4004,32571.0,5.2,0,0,0,M,20,B,F,F,F,F
4004,32572.0,30.1,80,0,0,M,20,B,F,F,F,F
3202,32573.0,16.1,25,0,0,M,20,,,,,
4004,32574.0,17.7,0,0,0,F,20,A,A,A,B,A
4004,32575.0,8.5,0,45,0,F,20,A,A,A,B,A
4004,32576.0,8.5,0,0,0,F,20,A,A,B,B,A
4004,32577.0,16.3,25,0,0,F,20,A,A,B,B,A
4004,32578.0,15.1,0,0,0,F,20,A,A,B,B,B
4004,32579.0,15.1,0,0,0,F,20,A,A,B,C,B
4004,32580.0,8.2,0,45,0,F,20,A,A,B,C,B
4004,32581.0,2.0,45,0,0,F,20,A,A,B,C,B
4004,32582.0,7.5,0,0,0,M,20,A,A,D,D,C
4004,32583.0,8.9,0,0,0,M,20,A,A,D,D,C
4004,32584.0,5.0,30,70,0,M,20,A,A,D,D,C
4004,32585.0,7.5,0,0,0,M,20,A,A,D,D,C
4004,32586.0,7.5,0,0,0,M,20,A,A,D,D,C
4004,32587.0,30.0,0,0,0,M,20,A,A,D,D,C
4004,32588.0,7.5,0,0,0,M,20,A,A,D,D,C
4004,32589.0,7.5,0,0,0,M,20,A,A,D,D,C
4004,32590.0,8.9,50,25,0,M,20,A,A,D,D,C
4004,32591.0,10.7,0,0,0,M,20,A,A,D,D,C
4004,32592.0,31.4,0,0,0,M,20,A,A,D,D,C
4004,32593.0,5.8,0,0,0,M,20,A,A,D,D,C
4004,32594.0,10.1,0,35,0,M,20,A,A,D,E,D
4004,32595.0,30.0,0,0,0,M,20,A,A,D,E,D
4004,32596.0,18.2,0,0,0,M,20,A,A,D,E,D
4004,32597.0,17.9,0,0,0,M,20,A,A,D,E,D
4004,32598.0,30.0,0,0,0,M,20,A,A,D,E,D
4004,32599.0,9.1,0,0,0,M,20,A,A,D,E,E
4004,32600.0,18.6,0,0,10,M,20,A,A,D,E,E
4004,32601.0,8.5,0,0,5,M,20,A,A,D,E,E
4004,32602.0,1.4,10,0,40,M,20,A,A,D,E,E
4004,32603.0,4.0,35,0,0,M,20,A,B,E,E,E
4004,32604.0,14.7,35,0,0,M,20,A,B,E,E,E
4004,32605.0,12.8,50,0,0,M,20,A,C,E,E,E
4004,32606.0,11.7,30,70,30,M,20,A,C,E,E,E
4004,32607.0,18.0,0,0,0,M,20,A,C,E,E,E
4004,32608.0,19.2,50,0,30,M,20,A,C,E,E,E
4004,32609.0,1.4,50,0,0,M,20,A,C,E,E,E
4004,32610.0,17.5,25,0,0,M,20,A,C,E,E,E
4004,32611.0,30.0,0,0,0,M,20,A,C,E,E,E
4004,32612.0,7.5,0,0,0,M,20,A,D,E,E,F
4004,32613.0,11.9,0,25,0,M,20,A,D,E,E,F
4004,32614.0,9.7,10,30,0,M,20,A,D,E,E,F
4004,32615.0,13.3,0,15,0,M,20,A,D,E,E,F
4004,32616.0,2.0,0,0,0,M,20,A,D,E,E,F
1602,32617.0,3.2,10,0,0,F,20,A,A,C,D,B
1602,32618.0,11.7,0,0,30,F,20,A,A,C,D,B
1602,32619.0,17.6,20,0,0,F,20,A,A,C,D,B
1602,32620.0,15.0,0,35,0,F,20,A,A,C,D,B
1602,32621.0,30.0,0,0,0,F,20,A,A,C,D,B
1602,32622.0,4.4,30,5,0,F,20,A,A,C,D,B
1602,32623.0,10.5,0,20,15,F,20,A,A,C,D,B
1602,32624.0,30.5,0,0,0,F,20,A,A,C,D,B
1602,32625.0,7.5,30,0,0,F,20,A,A,D,D,B
1602,32626.0,9.5,0,0,0,F,20,A,A,D,D,B
1602,32627.0,5.0,0,0,0,F,20,A,A,D,D,B
1602,32628.0,2.6,0,0,0,F,20,A,A,D,D,B
1602,32629.0,31.6,0,0,0,F,20,A,A,D,D,B
1602,32630.0,0.0,0,0,0,F,20,A,A,D,D,B
1602,32631.0,2.8,0,45,0,F,20,A,A,D,D,C
1602,32632.0,29.8,0,0,0,F,20,A,A,D,D,C
1602,32633.0,6.0,40,0,0,F,20,A,A,D,D,C
1602,32634.0,14.5,30,60,25,F,20,A,A,D,D,C
1602,32635.0,6.4,20,0,0,F,20,A,A,D,D,C
1602,32636.0,14.5,5,25,10,F,20,A,A,D,E,C
1602,32637.0,26.5,30,5,0,F,20,A,A,D,E,C
1602,32638.0,13.3,25,0,30,F,20,A,A,D,E,C
1602,32639.0,13.5,70,50,0,F,20,A,B,D,E,D
1602,32640.0,23.4,10,45,0,F,20,A,B,E,E,D
1602,32641.0,24.2,0,40,0,F,20,A,B,E,E,D
1602,32642.0,0.0,0,0,0,F,20,A,C,E,E,D
1602,32643.0,19.3,10,65,0,M,20,A,C,E,E,D
1602,32644.0,9.4,0,0,0,M,20,A,D,E,E,D
1602,32645.0,31.5,0,0,0,M,20,A,D,E,E,D
1602,32646.0,18.6,0,0,0,M,20,A,D,E,E,D
1602,32647.0,8.4,75,35,30,M,20,A,D,E,E,E
1602,32648.0,9.5,0,0,0,M,20,A,D,E,E,E
1602,32649.0,20.8,75,0,0,M,20,A,D,F,E,E
1602,32650.0,27.7,10,0,0,M,20,B,D,F,F,F
1602,32651.0,3.6,10,0,30,M,20,E,E,F,F,F
1602,32652.0,8.4,50,0,30,M,20,,,,,
1602,32653.0,2.4,0,0,0,M,20,,,,,
1602,32654.0,7.5,15,0,0,M,20,,,,,
1602,32655.0,15.7,0,0,10,M,20,,,,,
1602,32656.0,29.1,0,0,0,M,20,,,,,
1402,32657.0,20.6,0,0,0,M,20,A,A,D,D,B
1402,32658.0,6.2,0,0,0,M,20,A,A,D,D,B
1402,32659.0,30.3,0,0,0,M,20,A,A,D,D,B
1402,32660.0,18.6,0,0,0,M,20,A,A,D,D,B
1402,32661.0,18.4,0,0,0,M,20,A,A,D,D,B
1402,32662.0,20.4,30,35,10,M,20,A,A,D,D,B
1402,32663.0,23.5,15,30,10,M,20,A,B,D,D,B
1402,32664.0,18.0,10,60,20,M,20,A,B,D,D,C
1402,32665.0,5.0,20,0,10,M,20,A,B,D,D,C
1402,32666.0,7.5,0,15,0,M,20,A,B,E,E,C
1402,32667.0,20.6,0,0,0,M,20,A,D,E,E,D
1402,32668.0,9.5,0,0,0,M,20,A,D,E,E,D
702,32669.0,7.5,15,0,0,F,20,A,A,B,B,A
702,32670.0,17.5,0,0,0,F,20,A,A,B,B,B
702,32671.0,2.4,15,20,15,F,20,A,A,B,B,B
702,32672.0,1.4,10,0,0,F,20,A,A,B,B,B
702,32673.0,19.0,0,0,0,F,20,A,A,C,C,B
702,32674.0,16.9,15,0,0,F,20,A,A,C,C,B
702,32675.0,21.0,0,0,0,F,20,A,A,C,D,B
702,32676.0,9.9,0,0,0,F,20,A,A,D,D,B
702,32677.0,6.6,0,0,0,F,20,A,A,D,D,B
702,32678.0,27.8,0,20,0,F,20,A,A,D,D,B
702,32679.0,0.0,0,20,0,F,20,A,A,D,D,B
702,32680.0,15.0,0,0,10,F,20,A,A,D,D,B
702,32681.0,2.4,30,0,20,F,20,A,A,D,D,C
702,32682.0,4.2,20,20,0,F,20,A,A,D,D,C
702,32683.0,7.4,25,0,0,M,20,A,A,D,D,C
702,32684.0,16.3,30,0,0,M,20,A,B,D,D,C
702,32685.0,30.9,0,0,0,M,20,A,D,E,E,E
702,32686.0,28.9,25,0,0,M,20,A,D,F,E,E
702,32687.0,18.3,25,0,0,M,20,A,D,F,F,F
702,32688.0,11.5,0,0,0,M,20,A,F,F,F,F
702,32689.0,30.9,0,0,0,M,20,,,,,
5401,32690.0,15.0,25,15,0,F,20,A,A,A,B,A
5401,32691.0,6.4,0,0,0,F,20,A,A,B,B,A
5401,32692.0,21.3,20,40,0,F,20,A,A,B,B,A
5401,32693.0,8.5,0,0,0,F,20,A,A,B,B,A
5401,32694.0,19.4,30,15,40,F,20,A,A,B,B,A
5401,32695.0,7.5,0,60,0,F,20,A,A,B,B,A
5401,32696.0,24.6,50,0,0,F,20,A,A,B,B,A
5401,32697.0,12.7,10,5,40,F,20,A,A,B,C,A
5401,32698.0,26.0,40,0,0,F,20,A,A,B,C,A
5401,32699.0,11.2,0,45,20,F,20,A,A,B,C,A
5401,32700.0,27.1,40,45,20,F,20,A,A,B,C,A
5401,32701.0,7.5,25,0,0,F,20,A,A,B,C,A
5401,32702.0,18.7,0,0,0,F,20,A,A,B,C,A
5401,32703.0,17.8,0,0,0,F,20,A,A,B,C,A
5401,32704.0,15.0,0,0,0,F,20,A,A,B,C,A
5401,32705.0,8.5,0,0,10,F,20,A,A,C,C,A
5401,32706.0,15.0,0,40,0,F,20,A,A,C,C,A
5401,32707.0,16.4,0,0,0,F,20,A,A,C,C,A
5401,32708.0,17.6,0,0,0,F,20,A,A,C,C,A
5401,32709.0,15.0,0,10,0,F,20,A,A,C,D,A
5401,32710.0,16.6,0,0,0,F,20,A,A,C,D,A
5401,32711.0,8.9,70,0,10,F,20,A,A,C,D,A
5401,32712.0,21.0,0,0,0,F,20,A,A,C,D,A
5401,32713.0,26.5,40,0,0,F,20,A,A,D,D,C
5401,32714.0,19.4,0,0,0,F,20,A,A,D,D,C
5401,32715.0,7.0,0,0,0,F,20,A,A,D,D,C
5401,32716.0,30.0,0,0,0,F,20,A,A,D,D,C
5401,32717.0,19.4,0,0,0,F,20,A,A,D,D,C
5401,32718.0,3.4,0,0,0,F,20,A,A,D,E,C
5401,32719.0,3.2,0,0,0,F,20,A,A,D,E,C
5401,32720.0,16.3,0,20,0,F,20,A,A,D,E,C
5401,32721.0,19.4,0,0,0,F,20,A,A,D,E,C
5401,32722.0,11.9,0,0,0,F,20,A,A,D,E,C
5401,32723.0,10.4,0,0,0,F,20,A,A,D,E,C
5401,32724.0,11.7,0,0,0,F,20,A,A,D,E,C
5401,32725.0,11.9,0,0,0,F,20,A,A,D,E,C
5401,32726.0,10.1,0,0,0,F,20,A,A,D,E,D
5401,32727.0,18.8,30,0,0,F,20,A,A,D,E,D
5401,32728.0,2.6,10,0,40,M,20,A,B,E,E,D
5401,32729.0,15.3,40,0,0,M,20,A,B,E,E,D
5401,32730.0,30.1,0,0,0,M,20,A,B,E,E,D
5401,32731.0,30.0,0,0,0,M,20,A,B,E,E,D
5401,32732.0,10.4,0,0,0,M,20,A,B,E,E,D
5401,32733.0,7.4,5,0,15,M,20,A,B,E,E,D
5401,32734.0,30.0,0,0,0,M,20,A,B,E,E,E
5401,32735.0,25.5,0,30,0,M,20,A,C,E,E,E
5401,32736.0,12.5,0,30,0,M,31,A,C,E,E,E
5401,32737.0,30.0,0,0,0,M,20,A,D,E,F,E
5401,32738.0,9.5,0,0,5,M,20,A,D,E,F,E
5401,32739.0,22.5,0,40,10,M,20,A,D,E,F,E
5401,32740.0,19.9,10,0,0,M,20,A,D,E,F,E
5401,32741.0,10.1,0,30,15,M,20,A,D,E,F,E
5401,32742.0,32.1,0,0,0,M,20,A,D,E,F,F
5401,32743.0,30.0,0,0,0,M,20,A,D,E,F,F
5401,32744.0,10.7,20,45,5,M,20,A,D,E,F,F
5401,32745.0,13.1,10,15,0,M,20,A,D,E,F,F
5401,32746.0,30.0,0,0,0,M,20,B,D,F,F,F
5401,32747.0,8.5,0,55,0,M,20,B,D,F,F,F
5401,32748.0,30.0,0,0,0,M,20,E,D,F,F,F
5401,32749.0,2.6,0,45,5,M,20,E,D,F,F,F
5401,32750.0,2.6,40,0,10,M,20,E,D,F,F,F
5401,32751.0,30.6,0,0,0,M,20,E,F,F,F,G
5401,32752.0,17.0,0,0,0,M,20,E,F,F,F,G
5401,32753.0,12.5,30,0,0,M,20,,,,,
5401,32754.0,19.4,0,0,0,M,20,,,,,
5401,32755.0,21.5,35,10,30,M,20,,,,,
5401,32756.0,18.4,0,0,0,M,20,,,,,
5401,32757.0,31.6,0,0,0,M,20,,,,,
5401,32758.0,5.4,0,25,0,M,20,,,,,
5401,32759.0,7.5,0,0,0,M,20,,,,,
5401,32760.0,9.5,0,0,10,M,20,,,,,
3502,32761.0,4.4,55,30,0,F,20,A,A,A,B,A
3502,32762.0,10.7,0,0,0,F,20,A,A,B,B,A
3502,32763.0,10.7,0,0,0,F,20,A,A,B,B,A
3502,32764.0,7.5,0,0,0,F,20,A,A,B,B,A
3502,32765.0,30.0,20,0,0,F,20,A,A,B,C,A
3502,32766.0,9.1,0,0,0,F,20,A,A,B,C,A
3502,32767.0,7.5,0,0,0,F,20,A,A,C,C,B
3502,32768.0,7.5,0,0,0,F,20,A,A,C,C,B
3502,32769.0,7.5,0,0,0,F,20,A,A,C,C,B
3502,32770.0,7.5,0,0,0,F,20,A,A,C,C,B
3502,32771.0,15.0,0,30,0,F,20,A,A,C,C,B
3502,32772.0,7.5,0,0,0,F,20,A,A,C,D,B
3502,32773.0,7.5,0,0,0,F,20,A,A,D,D,B
3502,32774.0,7.5,0,0,0,F,20,A,A,D,D,B
3502,32775.0,7.5,0,0,0,F,20,A,A,D,D,B
3502,32776.0,0.0,0,20,20,M,20,A,A,D,D,B
3502,32777.0,7.5,0,0,0,M,20,A,A,D,D,B
3502,32778.0,16.5,5,0,0,M,20,A,A,D,D,B
3502,32779.0,26.4,25,0,0,M,20,A,A,D,D,B
3502,32780.0,7.5,0,0,0,M,20,A,A,D,D,C
3502,32781.0,7.5,0,0,0,M,20,A,A,D,D,C
3502,32782.0,7.5,0,0,0,M,20,A,A,D,D,C
3502,32783.0,19.6,0,0,0,M,20,A,B,D,D,C
3502,32784.0,7.5,0,0,0,M,20,A,B,D,D,C
3502,32785.0,15.0,30,0,0,M,20,A,B,D,E,C
3502,32786.0,7.5,0,0,0,M,20,A,B,D,E,C
3502,32787.0,15.0,50,0,0,M,20,A,B,E,E,C
3502,32788.0,10.5,0,0,0,M,20,A,B,E,E,C
3502,32789.0,6.0,20,0,10,M,20,A,D,E,E,D
3502,32790.0,15.5,0,20,0,M,20,A,D,E,E,D
3502,32791.0,7.5,0,0,0,M,20,B,D,E,F,E
3502,32792.0,7.5,0,0,0,M,20,B,D,E,F,E
3502,32793.0,7.5,0,0,0,M,20,C,D,E,F,E
3502,32794.0,7.5,20,55,20,M,20,C,D,F,F,F
3502,32795.0,18.3,0,0,0,M,20,E,D,F,F,F
3502,32796.0,7.5,20,0,0,M,20,,,,,
3502,32797.0,11.1,0,20,20,M,20,,,,,
702,32798.0,30.0,0,0,10,F,20,A,A,A,B,A
702,32799.0,19.8,0,0,0,F,20,A,A,B,B,B
702,32800.0,14.3,0,20,0,F,20,A,A,B,B,B
702,32801.0,7.5,20,0,0,F,20,A,A,B,B,B
702,32802.0,19.8,0,40,30,F,20,A,A,B,C,B
702,32803.0,9.2,0,0,0,F,20,A,A,B,C,B
702,32804.0,10.8,0,0,0,F,20,A,A,B,C,B
702,32805.0,21.6,0,60,0,F,20,A,A,C,C,B
702,32806.0,7.5,0,0,0,F,20,A,A,C,C,B
702,32807.0,7.5,0,0,0,F,20,A,A,C,D,B
702,32808.0,7.5,0,0,0,F,20,A,A,D,D,C
702,32809.0,7.5,0,0,0,F,20,A,A,D,D,C
702,32810.0,7.5,0,0,0,M,20,A,A,D,D,C
702,32811.0,42.4,10,0,0,M,20,A,A,D,D,C
702,32812.0,7.5,0,0,0,M,20,A,A,D,D,C
702,32813.0,7.5,0,0,20,M,20,A,A,D,D,C
702,32814.0,7.5,0,0,20,M,20,A,A,D,D,C
702,32815.0,10.1,0,0,5,M,20,A,A,D,D,D
1602,32816.0,12.0,0,35,0,F,20,A,A,B,C,A
1602,32817.0,9.5,10,0,0,F,20,A,A,B,C,A
1602,32818.0,13.5,10,15,0,F,20,A,A,B,C,A
1602,32819.0,7.5,0,0,0,F,20,A,A,C,C,B
1602,32820.0,7.5,0,0,0,F,20,A,A,C,C,B
1602,32821.0,2.6,0,20,0,F,20,A,A,C,C,B
1602,32822.0,25.8,0,30,0,F,20,A,A,C,C,B
1602,32823.0,0.0,25,0,0,F,20,A,A,C,C,B
1602,32824.0,17.4,0,0,30,F,20,A,A,C,C,B
1602,32825.0,18.9,25,0,0,F,20,A,A,D,D,B
1602,32826.0,11.9,20,15,30,F,20,A,A,D,D,B
1602,32827.0,7.5,20,0,0,F,20,A,A,D,D,B
1602,32828.0,8.2,50,0,40,F,20,A,A,D,D,B
1602,32829.0,14.1,30,0,20,F,20,A,A,D,D,B
1602,32830.0,7.5,0,0,0,F,20,A,B,D,D,B
1602,32831.0,7.5,0,0,0,F,20,A,B,D,D,B
1602,32832.0,3.2,0,0,0,F,20,A,B,D,D,B
1602,32833.0,6.2,50,45,10,F,20,A,B,D,D,B
1602,32834.0,16.3,40,45,25,F,20,A,B,D,D,B
1602,32835.0,6.8,35,50,15,F,20,A,C,D,D,B
1602,32836.0,16.5,70,30,10,F,20,A,C,D,D,C
1602,32837.0,7.5,0,0,0,M,20,A,C,D,E,C
1602,32838.0,17.1,0,0,0,M,20,A,D,D,E,C
1602,32839.0,17.1,0,0,0,M,20,A,D,D,E,C
1602,32840.0,10.7,0,0,0,M,20,A,D,D,E,C
1602,32841.0,12.3,75,45,0,M,20,A,D,D,E,C
1602,32842.0,24.4,60,0,0,M,20,,,,,
1602,32843.0,0.0,0,0,0,M,20,,,,,
1602,32844.0,0.0,0,0,0,M,20,,,,,
3502,32845.0,0.0,0,0,0,F,20,A,A,A,A,A
3502,32846.0,0.0,0,0,0,F,20,A,A,A,A,A
3502,32847.0,0.0,0,0,0,F,20,A,A,B,B,A
3502,32848.0,0.0,0,0,0,F,20,A,A,B,C,B
3502,32849.0,23.0,0,0,0,F,20,A,A,B,D,B
3502,32850.0,25.7,0,0,40,F,20,A,A,C,D,B
3502,32851.0,0.0,0,0,0,F,20,A,A,C,D,B
3502,32852.0,0.0,0,0,0,M,20,A,A,D,D,B
3502,32853.0,0.0,0,0,0,M,20,A,A,D,D,B
3502,32854.0,23.6,15,40,10,M,20,A,A,D,D,B
3502,32855.0,31.9,0,0,0,M,20,A,B,D,E,B
3502,32856.0,11.2,0,0,0,M,20,A,D,D,E,C
3502,32857.0,0.0,0,0,0,M,20,A,D,D,E,C
3502,32858.0,32.0,0,0,0,M,20,A,D,D,E,C
3502,32859.0,7.6,0,0,0,M,20,A,D,D,E,C
1402,32860.0,7.5,25,0,0,F,20,A,A,B,B,A
1402,32861.0,13.3,20,35,5,F,20,A,A,B,C,B
1402,32862.0,0.0,0,0,0,F,20,A,A,C,D,B
1402,32863.0,11.1,0,0,0,M,20,A,B,D,E,C
1402,32864.0,23.8,30,15,20,M,20,A,D,D,E,C
1402,32865.0,0.0,0,0,0,M,20,A,D,D,F,C
1402,32866.0,13.1,20,30,10,M,20,A,D,D,F,C
1402,32867.0,2.6,35,0,0,M,20,B,D,F,F,C
702,32868.0,0.0,0,0,0,F,20,A,A,A,A,A
702,32869.0,7.0,0,60,20,F,20,A,A,B,A,A
702,32870.0,0.0,0,0,0,F,20,A,A,B,A,A
702,32871.0,12.7,0,0,0,F,20,A,A,B,B,A
702,32872.0,0.0,0,0,0,F,20,A,A,B,B,A
702,32873.0,0.0,0,0,0,F,20,A,A,B,B,A
702,32874.0,0.0,0,0,0,F,20,A,A,B,B,A
702,32875.0,17.5,0,0,25,F,20,A,A,B,B,A
702,32876.0,17.6,0,0,0,F,20,A,A,B,B,A
702,32877.0,16.3,0,0,15,F,20,A,A,B,B,A
702,32878.0,0.0,0,0,0,F,20,A,A,B,B,A
702,32879.0,0.0,0,0,0,F,20,A,A,B,C,A
702,32880.0,0.0,0,0,0,F,20,A,A,B,C,A
702,32881.0,0.0,0,0,0,F,20,A,A,B,C,A
702,32882.0,22.3,0,0,0,M,20,A,A,B,C,B
702,32883.0,18.4,20,5,0,M,20,A,A,B,C,B
702,32884.0,0.0,0,0,0,M,20,A,B,C,C,B
702,32885.0,18.7,0,0,0,M,20,A,B,C,C,B
702,32886.0,0.0,0,0,0,M,20,A,B,C,D,B
702,32887.0,0.0,0,0,0,M,20,A,B,C,D,B
702,32888.0,6.4,20,0,10,M,20,A,B,C,D,B
702,32889.0,11.1,50,20,5,M,20,A,D,D,D,B
702,32890.0,0.0,0,0,0,M,20,A,D,D,E,C
702,32891.0,17.6,0,30,0,M,20,A,D,D,E,D
702,32892.0,15.0,0,0,0,M,20,A,D,E,E,D
702,32893.0,0.0,0,0,0,M,20,A,D,E,F,E
2001,32894.0,0.0,45,0,0,F,20,A,A,A,B,A
2001,32895.0,0.0,0,0,0,F,20,A,A,A,B,A
2001,32896.0,0.0,0,0,0,F,20,A,A,A,B,A
2001,32897.0,0.0,0,0,0,F,20,A,A,A,B,A
2001,32898.0,0.0,0,0,0,F,20,A,A,B,B,A
2001,32899.0,0.0,0,0,0,F,20,A,A,B,B,A
2001,32900.0,25.8,0,50,0,F,20,A,A,B,B,A
2001,32901.0,0.0,0,0,0,F,20,A,A,B,B,A
2001,32902.0,32.9,0,60,15,F,20,A,A,B,B,A
2001,32903.0,9.7,0,0,0,F,20,A,A,B,B,A
2001,32904.0,0.0,0,0,0,F,20,A,A,B,B,A
2001,32905.0,0.0,0,0,0,F,20,A,A,B,B,A
2001,32906.0,0.0,0,0,0,F,20,A,A,B,B,A
2001,32907.0,7.5,0,15,10,F,20,A,A,B,B,A
2001,32908.0,40.9,25,0,0,F,20,A,A,B,B,A
2001,32909.0,0.0,0,0,0,F,20,A,A,B,B,B
2001,32910.0,0.0,0,0,0,F,20,A,B,C,C,B
2001,32911.0,22.2,20,45,10,F,20,A,B,C,D,B
2001,32912.0,0.0,0,0,0,F,20,A,B,C,D,B
2001,32913.0,0.0,0,0,0,F,20,A,B,C,D,B
1502,32914.0,0.0,0,0,0,F,20,A,A,B,B,A
1502,32915.0,1.0,25,35,10,F,20,A,A,B,B,B
1502,32916.0,1.6,20,40,5,F,20,A,A,B,B,B
1502,32917.0,0.0,0,0,0,F,20,A,A,B,C,B
1502,32918.0,16.0,0,0,40,F,20,A,A,B,C,B
1502,32919.0,10.9,0,0,0,F,20,A,A,C,C,B
1502,32920.0,0.0,0,0,0,F,20,A,B,C,D,B
1502,32921.0,0.0,0,0,0,F,20,A,B,D,D,B
1502,32922.0,0.0,0,0,0,F,20,A,B,D,D,B
1502,32923.0,11.5,25,15,30,F,20,A,C,D,D,B
1502,32924.0,0.0,0,0,0,F,20,A,C,D,D,B
1502,32925.0,0.0,0,0,0,F,20,A,D,D,D,B
1502,32926.0,0.0,0,0,0,F,20,A,D,D,E,C
1502,32927.0,8.8,30,60,0,M,20,A,D,D,E,C
1502,32928.0,17.3,30,60,0,M,20,A,D,D,E,C
1502,32929.0,0.0,0,0,0,M,20,A,D,D,E,C
1502,32930.0,12.1,10,15,15,M,20,A,D,D,E,D
1502,32931.0,11.9,0,10,20,M,20,A,D,E,F,D
1502,32932.0,17.0,0,0,15,M,20,B,D,E,F,D
1502,32933.0,8.2,0,0,0,M,20,B,D,F,F,E
1502,32934.0,12.2,40,0,30,M,20,B,F,F,F,F
4004,32935.0,30.3,25,0,0,F,20,A,A,B,A,A
4004,32936.0,31.9,0,0,0,F,20,A,A,B,B,A
4004,32937.0,3.8,0,40,10,F,20,A,A,B,C,B
4004,32938.0,22.5,0,0,0,F,20,A,A,B,C,B
4004,32939.0,18.0,0,0,0,M,20,A,A,C,D,B
4004,32940.0,11.3,0,45,0,M,20,A,A,C,D,C
4004,32941.0,8.4,10,10,0,M,20,A,A,C,D,C
4004,32942.0,20.3,0,0,0,M,20,A,A,C,D,C
4004,32943.0,14.3,15,0,40,M,20,A,A,C,D,C
4004,32944.0,23.5,0,0,0,M,20,A,A,C,D,C
4004,32945.0,24.5,55,0,0,M,20,A,A,D,D,C
4004,32946.0,22.5,0,0,0,M,20,A,A,D,D,C
4004,32947.0,8.5,0,0,20,M,20,A,A,D,D,D
4004,32948.0,4.6,0,0,0,M,20,A,A,D,E,D
4004,32949.0,12.5,0,35,0,M,20,A,A,D,E,D
4004,32950.0,2.0,0,0,0,M,20,A,A,D,E,D
4004,32951.0,5.0,0,20,0,M,20,A,A,D,E,D
4004,32952.0,11.3,0,0,0,M,20,A,B,D,E,D
4004,32953.0,0.0,0,30,0,M,20,A,B,E,E,D
4004,32954.0,3.2,50,5,0,M,20,A,D,E,F,E
4004,32955.0,17.0,15,0,20,M,20,A,D,E,F,E
4004,32956.0,22.5,0,0,0,M,20,A,D,E,F,E
4004,32957.0,26.0,50,0,0,M,20,A,D,F,F,E
4004,32958.0,22.5,0,0,0,M,20,A,D,F,F,F
4004,32959.0,22.5,0,0,0,M,20,A,D,F,F,F
4004,32960.0,22.5,0,0,0,M,20,A,D,F,F,F
4004,32961.0,27.5,35,5,0,M,20,B,F,F,F,G
3502,32962.0,18.8,15,0,10,F,20,A,A,A,B,A
3502,32963.0,22.5,0,0,0,F,20,A,A,A,B,A
3502,32964.0,12.1,50,20,0,F,20,A,A,B,B,B
3502,32965.0,4.4,0,0,0,F,20,A,A,B,B,B
3502,32966.0,16.4,40,0,0,F,20,A,A,B,B,B
3502,32967.0,8.5,15,5,0,F,20,A,A,C,C,B
3502,32968.0,21.5,35,45,0,F,20,A,A,D,D,B
3502,32969.0,22.5,0,0,0,F,20,A,A,D,D,B
3502,32970.0,0.0,30,0,0,F,20,A,A,D,D,C
3502,32971.0,13.5,0,30,0,F,20,A,A,D,D,C
3502,32972.0,16.7,0,0,40,F,20,A,A,D,E,C
3502,32973.0,22.5,0,0,0,F,20,A,A,D,E,D
3502,32974.0,22.5,0,0,0,F,20,A,A,D,E,D
3502,32975.0,21.8,0,0,0,F,20,A,B,E,E,D
3502,32976.0,22.5,0,0,0,M,20,B,D,F,F,F
3502,32977.0,15.0,0,20,0,M,20,,,,,
3502,32978.0,9.5,20,10,0,M,20,,,,,
3502,32979.0,15.3,75,30,0,M,20,,,,,
3502,32980.0,10.7,0,50,0,M,20,,,,,
3502,32981.0,25.8,25,25,0,M,20,,,,,
3502,32982.0,15.0,25,5,20,M,20,,,,,
3502,32983.0,22.5,0,0,0,M,20,,,,,
3502,32984.0,17.2,0,35,0,M,20,,,,,
3502,32985.0,15.0,25,15,10,M,20,,,,,
3502,32986.0,22.5,0,0,0,M,20,,,,,
3502,32987.0,17.5,60,40,0,M,20,,,,,
3502,32988.0,22.5,0,0,0,M,20,,,,,
3502,32989.0,33.9,0,0,0,M,20,,,,,
702,32990.0,18.0,0,0,0,F,20,A,A,B,B,B
702,32991.0,15.0,50,0,0,F,20,A,A,B,B,B
702,32992.0,0.0,0,30,0,F,20,A,A,C,C,B
702,32993.0,12.5,10,25,0,F,20,A,A,D,C,B
702,32994.0,13.5,25,10,25,F,20,A,A,D,C,B
702,32995.0,22.5,0,0,0,F,20,A,A,D,D,B
702,32996.0,17.0,55,50,5,F,20,A,A,D,D,C
702,32997.0,18.0,0,0,0,F,20,A,A,D,D,C
702,32998.0,17.0,10,15,10,F,20,A,A,D,D,C
702,32999.0,15.0,0,0,50,F,20,A,A,D,D,C
702,33000.0,14.5,30,15,10,F,20,A,A,D,D,C
702,33001.0,32.4,0,0,0,F,20,A,A,D,D,C
702,33002.0,13.5,0,0,30,M,20,A,A,D,D,D
1501,33003.0,10.5,15,55,10,F,20,A,A,D,E,C
1501,33004.0,22.5,0,0,0,F,20,A,B,D,E,C
1501,33005.0,22.5,0,0,0,F,20,A,B,D,E,C
1501,33006.0,7.5,20,0,80,F,20,A,C,D,E,D
1501,33007.0,11.3,0,75,0,F,20,A,C,D,E,D
1501,33008.0,22.5,0,0,0,M,20,,,,,
1501,33009.0,2.0,10,35,20,M,20,,,,,
1501,33010.0,4.8,0,0,0,M,20,,,,,
1501,33011.0,8.5,0,0,0,M,20,,,,,
1501,33012.0,14.7,35,0,20,M,20,,,,,
1501,33013.0,7.5,0,0,0,M,20,,,,,
1501,33014.0,14.3,25,0,40,M,20,,,,,
1501,33015.0,11.8,0,0,0,M,20,,,,,
1402,33016.0,6.4,0,50,30,F,20,A,A,A,B,A
1402,33017.0,9.9,10,5,0,F,20,A,A,B,B,A
1402,33018.0,8.4,0,0,0,M,20,A,A,B,C,A
1402,33019.0,30.0,20,0,0,M,20,A,A,B,C,B
1402,33020.0,4.2,0,0,0,M,20,A,A,B,C,B
1402,33021.0,14.5,0,50,0,M,20,A,A,C,C,B
1402,33022.0,9.6,25,0,0,M,20,A,A,D,D,B
1402,33023.0,16.5,30,5,10,M,20,A,A,D,D,C
1402,33024.0,17.0,25,0,15,M,20,A,A,D,D,C
1402,33025.0,14.3,25,10,0,M,20,A,A,D,D,C
1402,33026.0,20.8,0,0,0,M,20,A,A,D,D,C
1402,33027.0,21.0,0,0,0,M,20,A,A,D,D,C
1402,33028.0,8.4,0,0,0,M,20,A,B,D,D,C
1402,33029.0,20.2,25,0,0,M,20,A,D,E,D,C
1402,33030.0,10.1,10,45,0,M,20,A,D,E,E,C
1402,33031.0,7.5,0,0,30,M,20,A,D,E,E,D
3002,33032.0,5.0,0,0,0,F,20,A,A,A,A,A
3002,33033.0,4.4,30,20,0,F,20,A,A,A,B,A
3002,33034.0,0.0,0,0,5,F,20,A,A,A,B,B
3002,33035.0,15.0,0,0,55,F,20,A,A,B,B,B
3002,33036.0,12.9,0,35,0,F,20,A,A,B,B,B
3002,33037.0,0.0,0,5,0,F,20,A,A,B,B,B
3002,33038.0,7.5,30,0,0,F,20,A,A,B,C,B
3002,33039.0,7.5,45,60,0,F,20,A,A,B,C,B
3002,33040.0,9.5,10,70,10,F,20,A,A,C,C,B
3002,33041.0,11.9,0,0,0,F,20,A,A,C,C,B
3002,33042.0,22.6,0,15,50,F,20,A,A,C,C,B
3002,33043.0,18.4,0,0,0,F,20,A,A,C,C,B
3002,33044.0,0.0,0,5,0,M,20,A,A,D,D,B
3002,33045.0,18.6,0,0,0,M,20,A,A,D,D,C
3002,33046.0,17.0,0,10,0,M,20,A,B,D,D,C
3002,33047.0,4.8,0,0,0,M,20,B,D,E,F,D
3002,33048.0,23.4,25,30,0,M,20,C,D,E,F,D
3002,33049.0,7.5,40,65,0,M,32,D,D,E,F,E
3002,33050.0,19.3,0,0,25,M,20,,,,,
3002,33051.0,13.6,0,0,40,M,20,,,,,
3002,33052.0,11.9,0,0,0,M,20,,,,,
1602,33053.0,22.0,0,0,0,F,20,A,A,C,D,B
1602,33054.0,7.5,0,20,10,F,20,A,A,C,D,B
1602,33055.0,8.5,0,0,0,F,20,A,A,C,D,B
1602,33056.0,11.9,30,45,0,F,20,A,A,C,D,B
1602,33057.0,7.5,55,40,10,F,20,A,A,C,D,B
1602,33058.0,7.5,0,0,30,F,20,A,A,C,D,B
1602,33059.0,10.9,0,0,0,F,20,A,A,D,D,C
1602,33060.0,27.0,15,30,5,F,20,A,A,D,D,C
1602,33061.0,22.5,0,0,0,F,20,A,A,D,D,C
1602,33062.0,23.5,0,0,0,F,20,A,A,D,E,C
1602,33063.0,14.5,0,30,0,F,20,A,A,D,E,C
1602,33064.0,9.0,0,0,0,M,20,A,A,D,E,C
1602,33065.0,22.5,0,0,0,M,20,A,A,D,E,C
1602,33066.0,10.9,0,0,0,M,20,A,A,D,E,D
1602,33067.0,18.2,0,20,0,M,20,A,A,D,E,D
1602,33068.0,15.0,0,25,0,M,20,A,A,D,E,D
1602,33069.0,21.4,0,0,0,M,20,A,B,E,E,D
1602,33070.0,9.0,0,0,0,M,20,A,B,E,E,D
1602,33071.0,19.0,0,0,0,M,20,A,B,E,F,D
1602,33072.0,15.9,10,30,10,M,20,A,D,E,F,E
1602,33073.0,21.2,0,0,0,M,20,A,D,E,F,E
1602,33074.0,10.5,25,15,15,M,20,A,D,E,F,E
1602,33075.0,9.1,0,0,0,M,20,A,D,E,F,E
1602,33076.0,7.5,0,0,50,M,20,A,D,E,F,F
1602,33077.0,22.5,40,0,40,M,20,A,D,F,F,F
1602,33078.0,22.5,0,0,0,M,20,A,F,F,F,F
1602,33079.0,13.9,0,0,0,M,20,A,F,F,F,G
5402,33080.0,17.2,0,20,0,F,20,A,A,A,B,A
5402,33081.0,10.5,30,0,0,F,20,A,A,C,D,B
5402,33082.0,18.8,0,0,0,F,20,A,A,C,D,C
5402,33083.0,13.3,35,20,10,F,20,A,A,C,D,C
5402,33084.0,12.7,50,0,20,F,20,A,A,D,D,C
5402,33085.0,1.0,0,0,0,F,20,A,A,D,D,C
5402,33086.0,30.0,30,0,0,F,20,A,A,D,D,C
5402,33087.0,10.1,15,0,0,F,20,A,A,D,D,C
5402,33088.0,14.5,0,30,0,F,20,A,A,E,D,C
5402,33089.0,1.0,0,0,0,F,20,A,A,E,E,C
5402,33090.0,15.0,0,0,0,F,20,A,B,E,E,D
5402,33091.0,18.7,0,25,0,F,20,A,B,E,E,D
5402,33092.0,5.4,0,0,0,F,20,A,B,E,F,D
5402,33093.0,10.0,15,0,0,F,20,A,B,F,F,E
5402,33094.0,9.9,25,0,0,F,20,C,D,F,F,E
5402,33095.0,7.2,0,0,0,F,20,E,D,F,F,F
5402,33096.0,17.3,10,0,30,M,20,,,,,
5402,33097.0,1.0,0,0,0,M,20,,,,,
2402,33098.0,11.5,15,45,20,F,20,A,A,B,A,A
2402,33099.0,8.5,10,15,0,F,20,A,A,B,B,A
2402,33100.0,9.1,0,0,0,F,20,A,A,B,B,A
2402,33101.0,1.0,0,0,0,F,20,A,A,B,B,A
2402,33102.0,16.3,0,15,0,F,20,A,A,B,B,A
2402,33103.0,16.0,30,0,20,F,20,A,A,B,B,A
2402,33104.0,16.0,0,50,0,F,20,A,A,B,B,A
2402,33105.0,22.5,30,50,0,F,20,A,A,B,B,A
2402,33106.0,22.0,0,5,5,F,20,A,A,C,C,B
2402,33107.0,6.4,30,0,10,F,20,A,A,C,C,B
2402,33108.0,12.1,35,30,10,F,20,A,A,C,C,B
2402,33109.0,7.5,0,0,0,F,20,A,A,C,C,B
2402,33110.0,22.8,0,0,0,F,20,A,A,C,C,B
2402,33111.0,2.4,15,40,15,F,20,A,A,C,C,B
2402,33112.0,7.5,0,25,0,F,20,A,A,C,C,B
2402,33113.0,7.5,0,0,0,F,20,A,A,C,D,B
2402,33114.0,24.2,75,0,0,F,20,A,A,D,D,B
2402,33115.0,1.6,0,0,0,F,20,A,A,D,D,B
2402,33116.0,2.6,60,0,10,F,20,A,A,D,D,B
2402,33117.0,7.5,0,0,0,F,20,A,A,D,D,B
2402,33118.0,7.5,0,0,0,F,20,A,A,D,D,B
2402,33119.0,5.6,80,50,65,F,20,A,A,D,D,B
2402,33120.0,5.8,0,0,0,F,20,A,A,D,D,B
2402,33121.0,9.5,0,0,0,F,20,A,A,D,D,B
2402,33122.0,7.5,0,0,0,F,20,A,A,D,D,B
2402,33123.0,7.5,0,0,0,F,20,A,A,D,D,B
2402,33124.0,7.5,0,0,0,F,20,A,A,D,D,B
2402,33125.0,9.5,20,0,0,F,20,A,A,D,D,B
2402,33126.0,1.4,0,0,0,F,20,A,A,D,D,B
2402,33127.0,5.6,0,0,0,M,20,A,A,D,D,C
2402,33128.0,7.5,0,0,0,M,20,A,A,D,D,C
2402,33129.0,19.2,0,0,0,M,20,A,A,D,D,C
2402,33130.0,22.5,0,35,30,M,20,A,A,D,D,C
2402,33131.0,12.3,20,10,25,M,20,A,A,D,D,C
2402,33132.0,20.6,10,0,10,M,20,A,A,D,D,C
2402,33133.0,17.0,0,0,15,M,20,A,A,D,D,C
2402,33134.0,0.0,0,0,10,M,20,A,A,D,D,C
2402,33135.0,9.5,0,0,0,M,20,A,A,D,E,C
2402,33136.0,7.5,0,0,0,M,20,A,A,E,E,C
2402,33137.0,23.0,0,0,0,M,20,A,A,E,E,C
2402,33138.0,8.6,35,35,30,M,20,A,A,E,E,C
2402,33139.0,24.2,70,0,0,M,20,A,B,E,E,C
2402,33140.0,7.5,0,0,0,M,20,A,B,E,E,D
2402,33141.0,11.3,0,0,0,M,20,A,B,E,E,D
2402,33142.0,7.5,0,0,0,M,20,A,B,E,E,D
2402,33143.0,27.5,50,0,0,M,20,A,B,E,E,D
2402,33144.0,19.2,0,0,0,M,20,A,B,E,E,D
2402,33145.0,9.4,0,0,0,M,20,A,C,E,F,D
2402,33146.0,14.1,0,40,10,M,20,A,D,E,F,D
2402,33147.0,30.0,0,25,0,M,20,A,D,E,F,E
2402,33148.0,11.9,30,60,0,M,20,A,D,E,F,E
2402,33149.0,19.4,0,0,0,M,20,A,D,E,F,E
2402,33150.0,11.1,0,0,0,M,20,A,D,E,F,E
2402,33151.0,7.5,5,15,15,M,20,A,D,E,F,E
2402,33152.0,14.9,35,0,0,M,20,A,D,E,F,E
2402,33153.0,7.5,0,0,0,M,20,A,D,E,F,E
2402,33154.0,7.5,0,0,0,M,20,A,D,E,F,E
2402,33155.0,19.0,0,0,25,M,20,A,D,F,F,E
2402,33156.0,9.5,0,0,0,M,20,A,D,F,F,E
2402,33157.0,7.5,0,0,0,M,20,B,D,F,F,F
2402,33158.0,7.5,0,0,0,M,20,C,D,F,F,F
2402,33159.0,7.5,0,0,0,M,20,E,D,F,F,F
2402,33160.0,7.5,0,0,0,M,20,,,,,
2402,33161.0,7.5,0,0,0,M,20,,,,,
2402,33162.0,19.1,0,0,0,M,20,,,,,
2402,33163.0,7.5,35,0,0,M,20,,,,,
2402,33164.0,17.0,0,15,30,M,20,,,,,
2402,33165.0,12.1,5,0,0,M,20,,,,,
2402,33166.0,14.9,15,25,20,M,20,,,,,
2402,33167.0,7.5,10,10,15,M,20,,,,,
2402,33168.0,17.0,15,30,0,M,20,,,,,
2402,33169.0,23.8,0,0,0,M,20,,,,,
2402,33170.0,0.0,0,10,0,M,20,,,,,
2402,33171.0,9.5,0,0,0,M,20,,,,,
2402,33172.0,5.6,0,0,0,M,20,,,,,
2402,33173.0,3.8,0,60,0,M,20,,,,,
2402,33174.0,9.5,0,0,0,M,20,,,,,
2402,33175.0,0.0,70,15,0,M,20,,,,,
2402,33176.0,10.1,40,45,5,M,20,,,,,
2402,33177.0,7.5,35,0,0,M,20,,,,,
2402,33178.0,17.0,20,0,25,M,20,,,,,
2402,33179.0,7.5,0,0,0,M,20,,,,,
2402,33180.0,13.3,40,30,0,M,20,,,,,
2402,33181.0,7.5,0,0,0,M,20,,,,,
4004,33182.0,19.2,0,0,0,M,20,A,A,D,D,B
4004,33183.0,5.8,30,45,15,M,20,A,A,D,D,B
4004,33184.0,7.5,0,0,0,M,20,A,A,D,D,B
4004,33185.0,9.5,35,30,0,M,20,A,A,D,D,B
4004,33186.0,0.0,0,10,0,M,20,A,A,D,D,C
4004,33187.0,0.0,30,15,40,M,20,A,A,D,E,C
4004,33188.0,7.5,0,0,0,M,20,A,A,D,E,C
4004,33189.0,9.5,0,0,0,M,20,A,A,E,E,C
4004,33190.0,21.0,25,0,0,M,20,A,A,E,E,C
4004,33191.0,31.0,0,10,0,M,20,A,A,E,E,D
4004,33192.0,23.3,0,45,15,M,20,A,A,E,E,D
4004,33193.0,15.1,80,20,15,M,20,A,A,E,E,D
4004,33194.0,19.4,0,0,0,M,20,A,A,E,E,D
4004,33195.0,7.5,0,0,0,M,20,A,A,E,E,D
4004,33196.0,4.8,0,30,0,M,20,A,A,E,E,D
4004,33197.0,0.0,10,0,0,M,20,A,A,E,E,D
4004,33198.0,11.8,50,0,30,M,20,A,A,E,E,E
4004,33199.0,0.0,0,0,10,M,20,A,C,E,E,E
4004,33200.0,7.5,15,0,20,M,20,A,D,E,F,E
4004,33201.0,18.4,15,0,20,M,20,A,D,E,F,F
4004,33202.0,21.6,0,0,0,M,20,A,D,E,F,F
4004,33203.0,14.5,55,0,0,M,20,A,F,F,F,F
4004,33204.0,11.9,0,0,5,M,20,A,F,F,F,F
4004,33205.0,28.3,20,5,20,M,20,,,,,
3202,33206.0,19.6,0,15,0,F,20,A,A,B,B,A
3202,33207.0,7.5,0,0,0,F,20,A,A,B,B,B
3202,33208.0,14.6,10,60,50,F,20,A,A,B,B,B
3202,33209.0,0.0,0,0,10,F,20,A,A,B,C,B
3202,33210.0,12.5,0,0,0,F,20,A,A,B,C,B
3202,33211.0,1.6,0,0,0,F,20,A,A,B,C,B
3202,33212.0,17.0,50,65,5,F,20,A,A,B,C,B
3202,33213.0,12.7,0,0,0,F,20,A,A,C,C,B
3202,33214.0,7.0,10,0,30,M,20,A,A,C,D,B
3202,33215.0,0.0,0,0,10,M,20,A,A,C,D,B
3202,33216.0,2.0,0,0,0,M,20,A,A,C,D,B
3202,33217.0,10.9,15,0,0,M,20,A,A,C,D,B
3202,33218.0,17.9,0,20,0,M,20,A,A,C,E,C
3202,33219.0,2.0,0,0,0,M,20,A,A,D,E,C
3202,33220.0,17.4,0,30,0,M,20,A,A,D,E,C
3202,33221.0,18.0,75,25,0,M,20,A,A,D,E,C
3202,33222.0,19.8,30,0,0,M,20,A,A,D,E,C
3202,33223.0,22.2,0,0,0,M,20,A,B,D,E,C
3202,33224.0,4.0,70,45,20,M,20,B,B,D,E,C
3202,33225.0,3.6,0,0,0,M,20,C,C,D,E,D
3202,33226.0,21.0,0,0,0,M,20,E,C,E,F,D
3202,33227.0,7.5,0,40,0,M,20,E,D,E,F,D
3202,33228.0,17.1,0,25,0,M,20,E,D,F,F,E
3202,33229.0,22.0,0,0,0,M,20,E,F,F,F,E
4301,33230.0,8.5,5,5,20,F,20,A,A,A,A,A
4301,33231.0,24.1,0,0,0,F,20,A,A,C,C,B
4301,33232.0,10.9,15,0,0,F,20,A,A,D,C,B
4301,33233.0,15.0,30,30,0,M,20,A,A,D,D,B
4301,33234.0,17.5,30,0,0,M,20,A,B,E,D,D
4301,33235.0,33.4,0,0,0,M,20,A,B,E,E,D
4301,33236.0,0.0,0,0,0,M,20,A,C,E,E,E
4301,33237.0,11.5,0,0,0,M,20,B,D,E,E,E
4301,33238.0,0.0,0,0,0,M,20,B,D,E,E,F
4301,33239.0,34.9,0,0,0,M,20,B,D,E,F,F
4301,33240.0,0.0,0,0,0,M,20,B,F,F,F,F
3202,33241.0,16.0,30,0,25,M,20,,,,,
2001,33242.0,27.3,0,50,0,F,20,A,A,A,A,A
2001,33243.0,7.5,0,30,50,F,20,A,A,A,B,A
2001,33244.0,20.8,0,0,0,F,20,A,A,D,D,D
2001,33245.0,0.0,0,0,0,F,20,A,A,D,D,D
2001,33246.0,30.9,30,0,0,F,20,A,A,D,D,D
2001,33247.0,18.6,20,15,0,F,20,A,A,D,D,D
2001,33248.0,7.5,70,30,10,F,20,A,A,D,D,D
2001,33249.0,6.4,20,15,10,F,20,A,A,D,D,D
2001,33250.0,15.5,55,30,30,F,20,A,A,D,D,D
2001,33251.0,15.0,0,30,0,F,20,A,A,D,D,D
2001,33252.0,5.0,35,10,10,F,20,A,A,D,D,D
2001,33253.0,12.8,50,90,10,F,20,A,A,D,D,D
2001,33254.0,7.5,20,15,5,F,20,A,A,D,D,D
2001,33255.0,19.4,25,0,0,F,20,A,A,D,D,D
2001,33256.0,7.5,20,0,20,F,20,A,A,D,D,D
2001,33257.0,18.6,0,25,0,F,20,A,A,D,D,D
2001,33258.0,13.1,0,0,0,F,20,A,A,D,E,D
2001,33259.0,0.0,0,0,0,F,20,A,A,D,E,D
2001,33260.0,16.0,30,5,20,F,20,A,A,D,E,D
2001,33261.0,8.5,30,0,0,F,20,A,A,D,E,D
2001,33262.0,20.7,20,0,5,F,20,A,A,D,E,E
2001,33263.0,8.1,10,0,0,F,20,A,A,D,E,E
2001,33264.0,9.9,0,0,0,F,20,B,A,D,E,E
2001,33265.0,8.0,20,10,5,F,20,B,A,D,E,E
2001,33266.0,16.0,10,45,0,F,20,B,A,D,E,E
2001,33267.0,2.0,40,30,5,F,20,B,B,E,F,E
2001,33268.0,7.5,0,40,0,F,20,B,B,E,F,E
2001,33269.0,10.5,40,50,0,F,20,B,B,E,F,E
2001,33270.0,22.5,0,0,10,F,20,B,C,E,F,E
2001,33271.0,11.5,40,45,0,F,20,B,C,E,F,E
2001,33272.0,8.4,0,20,10,F,20,B,D,E,F,E
2001,33273.0,2.0,0,0,0,F,20,B,D,E,F,E
2001,33274.0,7.5,0,0,0,F,20,B,D,E,F,E
2001,33275.0,6.4,0,0,0,F,20,B,D,E,F,E
2001,33276.0,22.5,0,0,0,F,20,B,D,E,F,F
2001,33277.0,18.7,25,0,0,F,20,B,D,E,F,F
2001,33278.0,4.6,20,0,40,F,20,B,D,F,F,F
2001,33279.0,9.4,30,45,25,F,20,D,F,F,F,F
2001,33280.0,13.5,50,15,10,M,20,E,F,F,F,F
3502,33281.0,22.5,0,0,0,F,20,A,A,A,B,A
3502,33282.0,22.5,0,0,0,F,20,A,A,B,B,A
3502,33283.0,32.8,0,0,20,F,20,A,A,B,B,B
3502,33284.0,7.5,50,0,65,F,20,A,A,B,B,B
3502,33285.0,5.4,30,0,25,F,20,A,A,B,C,B
3502,33286.0,15.0,0,0,0,F,20,A,A,B,C,B
3502,33287.0,22.5,0,0,0,F,20,A,A,B,C,B
3502,33288.0,5.6,0,20,10,F,20,A,A,C,C,B
3502,33289.0,16.5,20,35,0,M,20,A,A,C,C,B
3502,33290.0,22.5,0,0,0,M,20,A,A,C,D,B
3502,33291.0,7.5,50,0,65,M,20,A,A,C,D,B
3502,33292.0,8.5,0,0,0,M,20,A,A,C,D,B
3502,33293.0,2.2,0,0,0,M,20,A,A,C,D,B
3502,33294.0,22.5,0,0,0,M,20,A,A,C,D,B
3502,33295.0,22.5,0,0,0,M,20,A,A,C,D,B
3502,33296.0,22.5,0,0,0,M,20,A,B,D,D,C
3502,33297.0,22.5,0,0,0,M,20,A,D,D,D,C
3502,33298.0,22.5,0,0,0,M,20,A,D,D,D,C
3502,33299.0,10.1,0,0,0,M,20,,,,,
702,33300.0,17.2,20,20,10,F,20,A,A,A,A,B
702,33301.0,18.1,20,5,20,F,20,A,A,B,B,B
702,33302.0,15.0,0,0,0,F,20,A,A,B,B,B
702,33303.0,7.8,40,0,0,F,20,A,A,B,B,B
702,33304.0,15.0,0,0,0,F,20,A,A,B,B,B
702,33305.0,22.5,0,0,0,F,20,A,A,C,C,B
702,33306.0,22.5,0,0,0,F,20,A,A,C,C,C
702,33307.0,17.0,0,20,0,F,20,A,A,C,C,C
702,33308.0,30.9,0,25,0,F,20,A,A,C,C,C
702,33309.0,22.5,0,0,0,F,20,A,A,C,C,C
702,33310.0,8.5,10,0,25,M,20,A,A,D,C,C
702,33311.0,22.5,0,0,0,M,20,A,A,D,D,C
702,33312.0,8.2,100,80,5,M,20,A,A,D,D,D
702,33313.0,4.2,0,0,0,M,20,A,A,D,D,D
702,33314.0,15.0,0,0,0,M,20,A,A,D,E,D
702,33315.0,15.0,0,0,0,M,20,A,A,D,E,D
702,33316.0,20.0,0,0,0,M,20,A,A,D,E,D
702,33317.0,26.5,0,0,0,M,20,A,D,E,F,E
1601,33318.0,15.0,0,0,0,F,20,A,A,B,B,A
1601,33319.0,22.5,0,0,0,F,20,A,A,B,B,A
1601,33320.0,22.5,0,0,0,F,20,A,A,C,D,B
1601,33321.0,22.5,0,0,0,F,20,A,A,C,D,B
1601,33322.0,22.5,0,0,0,F,20,A,A,C,D,B
1601,33323.0,18.9,0,25,0,F,20,A,A,D,D,C
1601,33324.0,10.1,0,0,0,F,20,A,A,D,D,C
1601,33325.0,22.5,0,0,0,F,20,A,A,D,D,C
1601,33326.0,17.2,10,0,40,F,20,A,A,D,E,D
1601,33327.0,13.9,20,0,50,F,20,A,A,D,E,D
1601,33328.0,18.6,15,25,0,F,20,A,A,E,E,D
1601,33329.0,9.1,20,10,0,F,20,A,A,E,E,E
1601,33330.0,21.4,25,50,20,F,20,A,A,F,E,E
1601,33331.0,12.3,10,0,0,M,20,A,A,F,F,E
1601,33332.0,28.2,30,10,10,M,20,A,A,F,F,E
1601,33333.0,29.2,25,0,0,M,20,A,A,F,F,E
1601,33334.0,13.1,0,45,0,M,20,A,A,F,F,F
1601,33335.0,6.4,0,0,0,M,20,A,A,F,F,F
4004,33336.0,22.5,0,0,0,F,20,A,A,B,C,B
4004,33337.0,6.6,30,45,15,M,20,A,A,B,D,D
4004,33338.0,19.1,5,15,15,M,20,A,A,C,D,D
4004,33339.0,22.5,0,0,0,M,20,A,A,C,D,D
4004,33340.0,15.0,0,0,0,M,20,A,A,D,D,D
4004,33341.0,20.0,0,0,0,M,20,A,A,D,D,E
4004,33342.0,8.5,0,0,0,M,20,A,A,D,D,E
4004,33343.0,18.0,25,5,15,M,20,A,A,D,D,E
4004,33344.0,13.9,10,30,0,M,20,A,A,D,D,E
4004,33345.0,22.5,0,0,0,M,20,A,A,D,E,E
4004,33346.0,22.5,0,0,0,M,20,A,A,D,E,E
4004,33347.0,20.0,0,0,0,M,20,A,A,E,E,E
4004,33348.0,14.9,0,50,0,M,20,A,A,E,E,E
4004,33349.0,18.6,10,0,30,M,20,A,A,E,E,E
4004,33350.0,10.3,10,0,10,M,20,A,A,E,E,E
4004,33351.0,22.5,0,0,0,M,20,A,A,E,E,F
4004,33352.0,22.5,0,0,0,M,20,A,A,E,E,F
4004,33353.0,7.2,0,70,15,M,20,A,A,E,E,F
4004,33354.0,8.5,30,45,0,M,20,A,A,E,E,F
4004,33355.0,4.2,75,30,0,M,20,A,A,E,E,F
4004,33356.0,22.5,0,0,0,M,20,A,A,E,E,F
4004,33357.0,22.6,0,0,0,M,20,A,A,E,E,F
4004,33358.0,10.1,0,0,0,M,20,A,A,E,E,F
4004,33359.0,11.3,10,5,0,M,20,A,B,F,F,F
4004,33360.0,22.5,0,0,0,M,20,A,C,F,F,F
4004,33361.0,22.5,0,0,0,M,20,A,C,F,F,G
4004,33362.0,22.5,0,0,0,M,20,A,C,F,F,G
4004,33363.0,22.5,0,0,0,M,20,A,C,F,F,G
4004,33364.0,22.5,0,0,0,M,20,A,D,F,F,G
4004,33365.0,22.5,0,0,0,M,20,A,F,F,F,G
4004,33366.0,22.5,0,0,0,M,20,,,,,
4004,33367.0,10.3,20,0,0,M,20,,,,,
4004,33368.0,27.4,10,35,10,M,20,,,,,
4004,33369.0,16.0,0,0,30,M,20,,,,,
3202,33370.0,8.8,0,0,0,F,20,A,A,B,B,A
3202,33371.0,8.8,0,0,0,F,20,A,A,B,B,A
3202,33372.0,17.6,0,50,0,F,20,A,A,B,D,B
3202,33373.0,1.0,0,40,0,F,20,A,A,D,D,B
3202,33374.0,17.3,30,0,20,M,20,A,B,D,D,B
3202,33375.0,25.1,0,0,0,M,20,A,B,D,D,B
3202,33376.0,27.8,50,30,50,M,20,A,D,D,D,B
3202,33377.0,16.7,0,15,25,M,20,A,D,D,D,B
3202,33378.0,5.6,20,10,25,M,20,A,D,D,E,C
3202,33379.0,33.2,0,0,10,M,20,C,D,E,F,D
2001,33380.0,10.5,0,0,0,F,20,A,A,B,B,A
2001,33381.0,22.9,0,0,0,F,20,A,A,B,B,A
2001,33382.0,10.5,0,0,0,F,20,A,B,C,C,A
2001,33383.0,10.5,0,0,0,F,20,A,D,C,C,A
2001,33384.0,22.8,0,0,0,F,20,A,D,C,D,A
2001,33385.0,2.6,55,0,0,F,20,A,D,C,D,A
2001,33386.0,23.9,0,0,0,F,20,A,D,D,D,B
2001,33387.0,10.1,0,55,15,F,20,A,D,D,D,B
2001,33388.0,11.5,0,60,0,F,20,B,D,D,D,B
2001,33389.0,10.5,0,0,0,F,20,B,D,D,E,B
2001,33390.0,12.3,0,0,0,F,20,B,D,D,E,B
2001,33391.0,11.5,50,35,5,F,20,B,D,D,E,B
2001,33392.0,12.7,10,0,0,F,20,B,D,D,E,C
2001,33393.0,8.4,0,15,0,F,20,E,F,F,F,D
2001,33394.0,11.4,100,0,65,F,20,,,,,
2402,33395.0,20.4,0,0,0,F,20,A,A,A,B,A
2402,33396.0,35.7,0,0,0,F,20,A,A,B,B,A
2402,33397.0,14.7,55,0,0,F,20,A,A,B,B,A
2402,33398.0,22.7,0,0,0,F,20,A,A,B,B,A
2402,33399.0,12.7,10,0,0,F,20,A,A,B,B,A
2402,33400.0,2.6,0,0,0,F,20,A,A,B,B,A
2402,33401.0,19.4,20,0,15,F,20,A,A,B,B,A
2402,33402.0,23.0,0,15,0,F,20,A,A,B,C,A
2402,33403.0,24.9,0,0,0,F,20,A,A,B,C,A
2402,33404.0,20.4,50,35,20,F,20,A,A,B,C,A
2402,33405.0,17.6,50,0,0,F,20,A,A,B,C,A
2402,33406.0,12.3,40,45,0,F,20,A,A,B,C,A
2402,33407.0,7.0,0,0,0,F,20,A,A,B,C,A
2402,33408.0,18.5,55,30,15,F,20,A,A,C,C,A
2402,33409.0,24.3,55,15,0,F,20,A,A,C,D,A
2402,33410.0,17.0,15,35,5,F,20,A,A,C,D,A
2402,33411.0,2.0,0,5,0,F,20,A,A,C,D,A
2402,33412.0,10.6,60,45,65,F,20,A,A,C,D,A
2402,33413.0,12.9,30,30,20,F,20,A,A,C,D,A
2402,33414.0,16.7,20,15,20,F,20,A,A,C,D,B
2402,33415.0,10.6,0,0,0,F,20,A,A,C,D,B
2402,33416.0,30.8,0,15,10,F,20,A,A,C,D,B
2402,33417.0,25.2,10,30,15,F,20,A,A,C,D,B
2402,33418.0,18.8,15,10,15,F,20,A,A,C,D,B
2402,33419.0,26.5,15,30,20,F,20,A,A,C,D,B
2402,33420.0,22.5,20,35,35,F,20,A,A,C,D,B
2402,33421.0,2.6,0,30,0,F,20,A,A,C,D,B
2402,33422.0,15.0,0,35,0,F,20,A,B,C,D,B
2402,33423.0,22.8,0,0,0,M,20,A,B,C,D,B
2402,33424.0,19.0,0,10,0,M,20,A,B,D,D,B
2402,33425.0,7.5,10,65,0,M,20,A,B,D,D,B
2402,33426.0,15.0,0,65,0,M,20,A,B,D,D,B
2402,33427.0,19.9,20,0,0,M,20,A,B,D,D,B
2402,33428.0,7.2,10,10,25,M,20,A,B,D,D,B
2402,33429.0,8.9,20,0,15,M,20,A,B,D,D,B
2402,33430.0,28.6,20,30,0,M,20,A,B,D,D,B
2402,33431.0,14.9,10,35,20,M,20,A,B,D,D,B
2402,33432.0,9.5,15,5,10,M,20,A,B,D,D,B
2402,33433.0,13.3,0,5,0,M,20,A,C,D,D,B
2402,33434.0,10.6,35,60,0,M,20,A,D,D,D,B
2402,33435.0,15.0,30,5,30,M,20,A,D,D,D,B
2402,33436.0,25.0,0,25,40,M,20,A,D,D,E,B
2402,33437.0,7.5,0,0,0,M,20,A,D,D,E,B
2402,33438.0,7.5,0,0,0,M,20,A,D,D,E,C
2402,33439.0,7.5,0,0,0,M,20,A,D,E,E,C
2402,33440.0,7.5,0,0,0,M,20,A,D,E,E,C
2402,33441.0,7.5,0,0,0,M,20,A,D,E,E,C
2402,33442.0,19.8,15,5,15,M,20,A,D,E,E,D
2402,33443.0,30.3,40,0,0,M,20,A,D,E,E,D
2402,33444.0,7.5,0,0,0,M,20,A,D,E,E,D
2402,33445.0,7.5,0,0,0,M,20,A,D,E,E,D
2402,33446.0,6.0,0,20,0,M,20,A,D,E,E,E
2402,33447.0,7.5,0,0,0,M,20,B,D,E,F,E
702,33448.0,10.9,0,0,0,M,20,A,A,C,D,A
702,33449.0,7.5,0,0,0,M,20,A,A,C,D,A
702,33450.0,7.4,0,0,0,M,20,A,B,C,D,B
702,33451.0,7.5,0,0,0,M,20,A,B,D,D,B
702,33452.0,7.5,0,0,0,M,20,A,B,D,D,B
702,33453.0,7.5,0,0,0,M,20,A,B,D,D,B
702,33454.0,7.5,0,0,0,M,20,A,C,D,D,B
702,33455.0,7.5,0,0,0,M,20,A,D,D,D,B
702,33456.0,7.5,0,0,0,M,20,B,D,D,E,B
702,33457.0,18.4,0,15,0,M,20,B,D,D,E,B
702,33458.0,7.5,0,0,0,M,20,B,D,E,F,B
702,33459.0,7.5,0,0,0,M,20,B,D,E,F,C
702,33460.0,29.7,10,25,10,M,20,B,D,F,F,D
702,33461.0,9.1,0,25,0,M,20,C,D,F,F,E
702,33462.0,7.5,0,0,0,M,20,,,,,
702,33463.0,20.0,0,0,5,M,20,,,,,
702,33464.0,0.6,0,45,0,M,20,,,,,
702,33465.0,14.4,65,45,40,M,20,,,,,
702,33466.0,7.5,0,0,0,M,20,,,,,
1402,33467.0,7.5,0,0,0,F,20,A,A,B,B,B
1402,33468.0,34.0,0,0,0,F,20,A,A,B,B,B
1402,33469.0,7.5,0,0,0,F,20,A,D,C,D,C
1402,33470.0,11.1,0,0,0,F,20,A,D,D,D,C
1402,33471.0,0.0,20,0,0,M,20,A,D,D,E,C
1402,33472.0,19.4,10,25,5,M,20,A,D,D,E,C
1402,33473.0,7.5,0,0,0,M,20,A,D,D,E,E
1402,33474.0,15.6,0,0,0,M,20,A,F,F,F,E
1402,33475.0,37.5,0,0,0,M,20,A,F,F,F,E
1402,33476.0,15.9,0,40,0,M,20,,,,,
4004,33477.0,10.1,0,80,0,F,20,A,A,B,C,A
4004,33478.0,7.5,0,0,0,F,20,A,A,C,D,B
4004,33479.0,7.5,0,0,0,F,20,A,A,C,D,B
4004,33480.0,7.5,55,20,15,F,20,A,A,C,D,B
4004,33481.0,26.4,25,0,40,F,20,A,A,D,D,B
4004,33482.0,7.5,0,0,0,F,20,A,A,D,D,B
4004,33483.0,23.2,0,0,0,F,20,A,A,D,D,B
4004,33484.0,23.4,0,0,0,F,20,A,A,D,D,B
4004,33485.0,7.5,0,0,0,F,20,A,A,D,D,C
4004,33486.0,7.5,25,0,20,M,20,A,A,D,D,C
4004,33487.0,19.8,35,0,0,M,20,A,A,D,D,C
4004,33488.0,7.5,0,0,0,M,20,A,A,D,D,C
4004,33489.0,15.3,100,30,10,M,20,A,A,D,D,C
4004,33490.0,11.1,10,0,10,M,20,A,A,D,D,C
4004,33491.0,0.0,0,0,20,M,20,A,A,D,D,C
4004,33492.0,25.2,0,0,0,M,20,A,A,D,D,C
4004,33493.0,22.5,20,0,0,M,20,A,A,D,D,D
4004,33494.0,12.7,20,60,5,M,20,A,A,D,E,D
4004,33495.0,2.6,0,5,0,M,20,A,A,D,E,D
4004,33496.0,4.2,0,60,10,M,20,A,A,D,E,D
4004,33497.0,22.5,20,0,0,M,20,A,A,D,E,D
4004,33498.0,7.5,0,0,0,M,20,A,A,E,E,D
4004,33499.0,8.5,30,0,10,M,20,A,A,E,E,D
4004,33500.0,21.4,50,30,20,M,20,A,A,E,E,D
4004,33501.0,7.5,0,0,0,M,20,A,A,E,E,D
4004,33502.0,3.2,20,45,10,M,20,A,A,E,E,E
4004,33503.0,8.4,50,0,0,M,20,A,A,E,E,E
4004,33504.0,7.5,0,0,0,M,20,A,A,E,E,E
4004,33505.0,7.5,0,0,0,M,20,A,A,E,E,E
4004,33506.0,15.4,0,35,0,M,20,A,A,E,E,E
4004,33507.0,17.6,0,45,65,M,20,A,A,E,E,E
4004,33508.0,7.5,0,0,0,M,20,A,A,E,E,E
4004,33509.0,7.5,0,0,0,M,20,A,A,E,E,E
4004,33510.0,7.5,0,0,0,M,20,A,A,E,E,E
4004,33511.0,28.8,0,20,20,M,20,A,A,E,E,E
4004,33512.0,7.5,0,0,0,M,20,A,A,E,E,E
4004,33513.0,7.5,0,0,0,M,20,A,D,E,F,F
4004,33514.0,7.5,0,0,0,M,20,A,D,E,F,F
4004,33515.0,7.5,0,0,0,M,20,A,D,E,F,F
4004,33516.0,12.3,35,20,0,M,20,A,D,E,F,F
4004,33517.0,7.5,0,0,0,M,20,A,D,E,F,F
4004,33518.0,7.5,0,0,0,M,20,A,D,E,F,F
4004,33519.0,7.5,0,0,0,M,20,A,D,E,F,F
4004,33520.0,7.5,0,0,0,M,20,A,D,F,F,F
4004,33521.0,7.5,0,0,0,M,20,A,D,F,F,F
4004,33522.0,7.5,0,0,0,M,20,A,D,F,F,F
4004,33523.0,7.5,0,0,0,M,20,A,D,F,F,F
4004,33524.0,3.6,25,0,0,M,20,A,D,F,F,F
4004,33525.0,18.0,0,20,0,M,20,A,D,F,F,F
4004,33526.0,7.5,0,0,0,M,20,A,D,F,F,F
4004,33527.0,7.5,0,0,0,M,20,A,D,F,F,F
4004,33528.0,8.5,10,30,0,M,20,A,F,F,F,F
4004,33529.0,7.5,0,0,0,M,20,,,,,
1502,33530.0,7.5,0,0,0,F,20,A,A,C,C,B
1502,33531.0,34.0,0,0,0,F,20,A,A,C,C,B
1502,33532.0,7.5,0,0,0,F,20,A,A,D,D,B
1502,33533.0,7.5,0,0,0,F,20,A,B,D,D,B
1502,33534.0,17.7,15,15,20,F,20,A,D,D,D,B
1502,33535.0,7.5,20,25,0,F,20,A,D,D,D,B
1502,33536.0,11.3,0,0,20,M,20,A,D,D,D,B
1502,33537.0,7.8,25,0,20,M,20,A,D,D,D,C
1502,33538.0,7.5,0,0,0,M,20,A,D,D,D,C
1502,33539.0,7.5,0,0,0,M,20,A,D,D,D,C
1502,33540.0,7.5,0,0,0,M,20,A,D,E,E,C
1502,33541.0,7.5,0,0,0,M,20,B,D,E,F,E
1502,33542.0,7.5,0,0,0,M,20,B,D,F,F,E
1502,33543.0,7.5,0,0,0,M,20,B,D,F,F,F
1502,33544.0,7.5,0,0,0,M,20,,,,,
1602,33545.0,8.5,0,0,40,F,20,A,A,A,B,A
1602,33546.0,7.5,0,0,0,F,20,A,B,D,D,B
1602,33547.0,7.5,0,0,0,F,20,A,B,D,D,B
1602,33548.0,7.5,0,0,0,F,20,A,D,E,D,B
1602,33549.0,7.5,0,0,0,F,20,A,D,E,E,C
1602,33550.0,7.5,0,0,0,F,20,A,D,E,E,D
1602,33551.0,7.5,0,0,0,M,20,A,D,E,E,D
1602,33552.0,7.5,0,0,0,M,20,A,D,F,E,E
1602,33553.0,3.0,0,0,0,M,20,,,,,
1602,33554.0,17.0,0,0,0,M,20,,,,,
3001,33555.0,7.5,0,0,0,F,20,A,A,A,A,A
3001,33556.0,7.5,0,0,0,F,20,A,A,B,B,A
3001,33557.0,7.5,0,0,0,F,20,A,A,B,B,A
3001,33558.0,34.0,0,0,0,M,20,A,A,B,B,B
3001,33559.0,7.5,0,0,0,M,20,A,A,C,C,B
3001,33560.0,7.5,0,35,10,M,20,A,A,C,C,B
3001,33561.0,24.5,5,0,0,M,20,A,A,D,D,B
3001,33562.0,1.6,10,0,0,M,20,A,A,D,D,C
3001,33563.0,19.8,25,0,10,M,20,A,A,D,D,C
3001,33564.0,11.1,20,0,0,M,20,A,A,D,E,C
3001,33565.0,20.1,10,80,20,M,20,A,A,D,E,D
3001,33566.0,10.7,15,10,0,M,20,E,F,F,F,D
3001,33567.0,0.0,30,35,30,M,20,,,,,
2402,33568.0,3.6,0,0,0,F,20,A,A,B,B,A
2402,33569.0,1.0,0,0,0,F,20,A,A,B,B,A
2402,33570.0,22.5,0,0,0,F,20,A,A,B,B,B
2402,33571.0,22.5,0,0,0,F,20,A,A,B,B,B
2402,33572.0,13.2,40,0,45,F,20,A,A,B,B,B
2402,33573.0,5.8,0,10,0,M,20,A,A,B,C,B
2402,33574.0,17.2,0,0,0,M,20,A,A,C,D,B
2402,33575.0,22.5,0,0,0,M,20,A,A,C,D,B
2402,33576.0,22.5,0,0,0,M,20,A,B,C,D,B
2402,33577.0,14.5,0,0,0,M,20,A,D,D,D,C
2402,33578.0,11.2,0,0,0,M,20,A,D,D,D,C
2402,33579.0,31.9,0,20,0,M,20,A,D,D,E,E
702,33580.0,18.1,0,20,0,F,20,A,A,B,B,A
702,33581.0,23.5,0,0,0,F,20,A,A,B,B,B
702,33582.0,31.0,0,40,0,F,20,A,A,B,B,B
702,33583.0,32.7,0,25,0,M,20,B,A,C,C,B
702,33584.0,21.0,0,25,0,M,20,B,A,C,C,B
702,33585.0,16.7,60,0,0,M,20,B,A,C,C,B
702,33586.0,10.9,15,0,10,M,20,B,A,D,C,B
702,33587.0,6.4,75,25,0,M,20,B,B,D,D,B
702,33588.0,22.5,0,0,0,M,20,C,B,D,E,C
702,33589.0,12.4,0,15,50,M,20,D,F,E,E,C
904,33590.0,19.2,0,30,0,F,20,A,A,B,B,A
904,33591.0,5.2,75,30,0,F,20,A,A,B,B,A
904,33592.0,47.8,0,0,0,F,20,A,A,B,B,A
904,33593.0,0.0,15,55,30,F,20,A,A,B,B,A
904,33594.0,10.1,10,20,0,F,20,A,A,B,C,A
904,33595.0,3.6,0,0,0,F,20,A,A,C,C,A
904,33596.0,16.3,0,0,0,F,20,A,A,C,C,A
904,33597.0,23.8,0,0,0,F,20,A,A,C,C,B
904,33598.0,23.8,0,0,0,F,20,A,A,C,C,B
904,33599.0,45.7,0,15,0,F,20,A,A,C,D,B
904,33600.0,23.8,0,0,0,F,20,A,A,C,D,B
904,33601.0,11.5,0,0,0,F,20,A,A,D,D,B
904,33602.0,7.5,0,0,15,F,20,A,A,D,D,B
904,33603.0,33.9,10,0,10,F,20,A,A,D,D,B
904,33604.0,12.3,10,60,20,F,20,B,A,D,D,B
904,33605.0,19.6,25,5,10,F,20,B,A,D,D,C
904,33606.0,16.1,0,0,0,F,20,B,A,E,D,C
904,33607.0,10.3,0,0,30,M,20,B,A,E,D,C
904,33608.0,13.1,50,10,25,M,20,E,A,E,E,D
904,33609.0,14.7,30,45,0,M,20,E,B,E,E,D
904,33610.0,2.2,10,0,0,M,20,E,B,E,E,D
904,33611.0,15.4,20,45,5,M,20,E,D,E,E,D
904,33612.0,12.5,0,15,0,M,20,E,D,F,E,E
904,33613.0,11.1,20,5,0,M,20,,,,,
904,33614.0,22.5,0,0,0,M,20,,,,,
2501,33615.0,4.6,0,20,0,F,20,A,A,A,A,A
2501,33616.0,13.5,10,0,0,F,20,A,A,B,A,A
2501,33617.0,13.5,0,0,10,F,20,A,A,B,B,A
2501,33618.0,0.0,50,45,5,F,20,A,A,B,B,A
2501,33619.0,13.3,0,0,0,F,20,A,A,C,B,A
2501,33620.0,9.5,20,15,0,F,20,A,A,C,C,A
2501,33621.0,2.4,0,35,0,M,20,,,,,
905,33622.0,7.8,0,0,0,F,20,A,A,B,B,A
905,33623.0,9.5,0,0,0,F,20,A,A,B,B,A
905,33624.0,16.0,10,15,40,F,20,A,A,B,C,A
905,33625.0,11.3,0,0,0,M,20,B,D,F,F,E
905,33626.0,11.2,0,0,0,M,20,,,,,
906,33627.0,9.6,0,25,0,F,20,A,A,A,A,A
906,33628.0,23.0,0,60,15,F,20,A,A,A,B,A
906,33629.0,14.5,30,45,0,F,20,A,A,A,B,A
906,33630.0,21.8,90,0,10,F,20,A,A,B,B,A
906,33631.0,16.0,0,0,0,F,20,A,A,B,B,A
906,33632.0,21.4,90,0,15,F,20,A,A,B,B,B
906,33633.0,1.6,0,0,0,F,20,A,A,B,B,B
906,33634.0,11.5,0,0,0,M,20,B,A,D,D,C
906,33635.0,5.4,15,0,0,M,20,E,D,E,F,E
2402,33636.0,12.1,25,0,0,F,20,A,A,A,B,A
2402,33637.0,8.9,30,0,10,F,20,A,A,A,B,A
2402,33638.0,9.1,15,5,20,F,20,A,A,B,B,A
2402,33639.0,0.0,20,0,5,F,20,A,A,B,C,B
2402,33640.0,17.6,20,5,30,F,20,A,A,C,C,B
2402,33641.0,19.7,20,75,20,F,20,A,A,C,C,B
2402,33642.0,6.6,20,25,10,F,20,A,A,C,C,B
2402,33643.0,0.0,25,0,0,F,20,A,A,C,C,B
2402,33644.0,11.1,25,0,0,F,20,A,A,C,C,B
2402,33645.0,10.1,0,0,0,F,20,A,A,C,D,B
2402,33646.0,18.6,0,20,0,F,20,A,A,C,D,C
2402,33647.0,10.1,0,25,0,F,20,A,A,C,D,C
2402,33648.0,7.5,0,0,0,F,20,A,A,C,D,C
2402,33649.0,15.0,0,0,0,F,20,A,A,D,D,C
2402,33650.0,23.0,10,0,10,F,20,A,A,D,D,C
2402,33651.0,15.0,0,0,0,M,20,A,A,D,D,C
2402,33652.0,15.0,0,0,0,M,20,C,D,D,F,E
2402,33653.0,15.0,0,0,0,M,20,C,F,F,F,F
2402,33654.0,15.0,0,0,0,M,20,,,,,
1602,33655.0,11.7,0,0,0,F,20,A,A,B,B,A
1602,33656.0,15.0,0,0,0,F,20,A,A,B,B,A
1602,33657.0,15.0,0,0,0,F,20,A,A,B,B,A
1602,33658.0,15.0,0,0,0,F,20,A,A,C,B,A
1602,33659.0,13.5,10,10,0,F,20,A,A,C,B,B
1602,33660.0,16.5,0,0,0,F,20,A,A,C,B,B
1602,33661.0,16.1,20,45,0,F,20,A,A,C,B,B
1602,33662.0,7.5,0,0,0,F,20,A,A,C,C,B
1602,33663.0,9.5,0,15,0,F,20,A,A,C,C,B
1602,33664.0,32.0,0,20,0,F,20,A,A,C,D,B
1602,33665.0,3.8,0,0,0,F,20,A,A,C,D,B
1602,33666.0,15.0,0,0,0,F,20,A,A,C,D,B
1602,33667.0,15.0,0,0,0,F,20,A,A,D,D,D
1602,33668.0,11.7,0,0,0,F,20,A,A,D,E,D
1602,33669.0,13.6,0,0,0,F,20,A,A,D,E,D
1602,33670.0,15.0,0,0,0,F,20,A,B,D,E,D
1602,33671.0,14.7,35,10,0,M,20,A,D,D,E,D
1602,33672.0,8.4,20,15,10,M,20,B,D,E,F,E
1602,33673.0,8.2,0,0,0,M,20,E,F,E,F,F
1602,33674.0,14.7,0,45,0,M,20,,,,,
1602,33675.0,13.1,30,0,0,M,20,,,,,
1602,33676.0,13.5,0,0,0,M,20,,,,,
1602,33677.0,15.0,0,0,0,M,20,,,,,
1602,33678.0,15.0,0,0,0,M,20,,,,,
4004,33679.0,15.0,0,0,0,M,20,A,A,B,B,B
4004,33680.0,7.5,0,0,0,M,20,A,A,B,B,C
4004,33681.0,15.0,0,0,0,M,20,A,A,B,C,C
4004,33682.0,22.5,0,0,10,M,20,A,A,D,D,D
4004,33683.0,15.0,0,0,0,M,20,A,A,D,D,E
4004,33684.0,16.5,0,0,0,M,20,A,A,D,D,E
4004,33685.0,15.0,0,0,0,M,20,A,A,D,D,E
4004,33686.0,15.0,0,0,0,M,20,A,A,D,D,E
4004,33687.0,15.0,0,0,0,M,20,A,A,D,D,E
4004,33688.0,11.7,25,65,5,M,20,A,A,D,D,E
4004,33689.0,15.0,0,0,0,M,20,A,A,D,D,E
4004,33690.0,9.5,0,15,0,M,20,A,A,D,D,E
4004,33691.0,7.5,0,0,0,M,20,A,A,D,D,E
4004,33692.0,18.6,0,20,0,M,20,A,A,D,D,E
4004,33693.0,15.0,0,0,0,M,20,A,A,E,E,E
4004,33694.0,15.0,0,0,0,M,20,E,F,F,F,F
4004,33695.0,15.0,0,0,0,M,20,E,F,F,F,G
4004,33696.0,15.0,0,0,0,M,20,,,,,
4004,33697.0,15.0,0,0,0,M,20,,,,,
702,33698.0,7.5,0,50,0,F,20,A,A,B,B,B
702,33699.0,15.0,0,0,0,F,20,A,A,B,B,B
702,33700.0,15.0,0,0,0,M,20,,,,,
2402,33701.0,15.0,0,0,0,F,20,A,A,A,A,A
2402,33702.0,15.0,0,0,0,F,20,A,A,B,B,A
2402,33703.0,15.0,0,0,0,F,20,A,A,B,B,A
2402,33704.0,15.0,0,0,0,F,20,A,A,B,B,B
2402,33705.0,15.0,0,0,0,F,20,A,A,B,B,B
2402,33706.0,15.0,0,0,0,F,20,A,A,B,B,B
2402,33707.0,15.0,0,0,0,F,20,A,A,B,B,C
2402,33708.0,15.0,0,0,0,F,20,A,A,B,C,C
2402,33709.0,21.8,5,5,20,F,20,A,A,C,C,C
2402,33710.0,15.0,0,0,0,F,20,A,A,D,D,D
2402,33711.0,17.3,0,30,0,M,20,A,A,D,D,D
2402,33712.0,15.0,0,0,0,M,20,A,A,D,D,D
2402,33713.0,15.0,0,0,0,M,20,,,,,
2402,33714.0,15.0,0,0,0,M,20,,,,,
2402,33715.0,15.0,0,0,0,M,20,,,,,
2402,33716.0,7.5,15,35,0,M,20,,,,,
2402,33717.0,15.0,0,0,0,M,20,,,,,
3202,33718.0,11.9,0,0,0,F,20,A,A,B,C,B
3202,33719.0,7.5,0,0,0,F,20,A,A,B,C,B
3202,33720.0,15.0,0,0,0,F,20,A,A,B,C,B
3202,33721.0,11.9,0,0,0,F,20,A,A,B,C,B
5402,33722.0,15.0,0,0,0,F,20,A,A,A,D,B
5402,33723.0,15.0,0,0,0,F,20,A,A,C,D,B
5402,33724.0,15.0,0,0,0,M,20,A,A,D,E,B
5402,33725.0,18.6,40,0,10,M,20,A,A,D,E,C
3502,33726.0,15.0,0,0,0,F,20,A,A,A,A,A
3502,33727.0,15.0,0,0,0,F,20,A,A,B,B,A
3502,33728.0,15.0,0,0,0,F,20,A,A,B,B,A
3502,33729.0,15.0,0,0,0,F,20,A,A,B,B,B
3502,33730.0,11.1,20,60,20,F,20,A,A,B,B,B
3502,33731.0,15.0,0,0,0,F,20,A,A,B,B,B
3502,33732.0,15.0,0,0,0,F,20,A,A,B,B,B
3502,33733.0,15.0,0,0,0,F,20,A,A,C,C,B
3502,33734.0,11.9,0,0,0,F,20,A,A,C,C,B
3502,33735.0,15.0,0,0,0,F,20,A,A,C,C,B
3502,33736.0,9.8,0,0,0,F,20,A,A,C,C,B
3502,33737.0,25.1,0,0,0,F,20,A,A,C,D,B
3502,33738.0,17.9,30,0,25,F,20,A,A,C,D,C
3502,33739.0,15.0,0,0,0,F,20,A,A,C,D,C
3502,33740.0,15.0,0,0,0,F,20,A,A,C,D,C
3502,33741.0,15.0,0,0,0,F,20,A,A,C,D,C
3502,33742.0,15.0,0,0,0,F,20,A,A,C,D,C
3502,33743.0,15.0,0,0,0,F,20,A,A,D,D,C
3502,33744.0,7.2,60,10,0,F,20,A,A,D,D,C
3502,33745.0,15.0,0,0,0,F,20,A,A,D,D,C
3502,33746.0,15.0,0,0,0,F,20,A,A,D,D,C
3502,33747.0,15.0,0,0,0,F,20,B,A,D,D,C
3502,33748.0,4.0,0,0,0,M,20,B,A,D,D,C
3502,33749.0,15.0,0,0,0,M,20,E,D,F,F,E
3502,33750.0,15.0,0,0,0,M,20,,,,,
3502,33751.0,15.0,0,0,0,M,20,,,,,
3502,33752.0,15.0,0,0,0,M,20,,,,,
3502,33753.0,15.0,0,0,0,M,20,,,,,
3502,33754.0,8.5,0,45,0,M,20,,,,,
3502,33755.0,15.0,0,0,0,M,20,,,,,
3502,33756.0,9.0,50,45,20,M,20,,,,,
3502,33757.0,15.0,0,0,0,M,20,,,,,
3502,33758.0,21.6,30,0,0,M,20,,,,,
3502,33759.0,7.5,25,20,5,M,20,,,,,
3502,33760.0,17.0,30,20,10,M,20,,,,,
3502,33761.0,15.0,0,0,0,M,20,,,,,
3502,33762.0,15.0,0,0,0,M,20,,,,,
3502,33763.0,13.1,15,0,0,M,20,,,,,
3502,33764.0,15.0,0,0,0,M,20,,,,,
3502,33765.0,15.0,0,0,0,M,20,,,,,
3502,33766.0,2.6,10,0,0,M,20,,,,,
3502,33767.0,15.0,0,0,0,M,20,,,,,
3502,33768.0,15.0,0,0,0,M,20,,,,,
3502,33769.0,15.0,0,0,0,M,20,,,,,
3502,33770.0,15.0,0,0,0,M,20,,,,,
4006,33771.0,15.0,0,0,0,F,20,A,A,A,B,B
4006,33772.0,15.0,0,0,0,F,20,A,A,B,B,B
4006,33773.0,7.5,50,0,0,F,20,A,A,B,B,B
4006,33774.0,15.0,0,0,0,M,20,A,A,B,C,B
4006,33775.0,15.0,0,0,0,M,20,A,A,B,C,C
4006,33776.0,15.0,0,0,0,M,20,A,A,B,D,D
4006,33777.0,11.1,30,30,40,M,20,A,A,B,D,D
4006,33778.0,11.1,30,0,0,M,20,A,A,C,D,D
4006,33779.0,0.0,0,0,0,M,20,A,A,D,D,D
4006,33780.0,19.5,50,65,5,M,20,A,A,D,D,E
4006,33781.0,14.7,0,50,0,M,20,A,A,D,D,E
4006,33782.0,42.9,40,0,0,M,20,A,A,D,D,E
4006,33783.0,4.8,10,0,0,M,20,A,A,D,D,E
4006,33784.0,14.5,0,35,15,M,20,A,A,D,D,E
4006,33785.0,19.4,0,0,0,M,20,A,A,E,D,E
4006,33786.0,0.0,0,0,0,M,20,A,A,E,E,F
4006,33787.0,40.8,20,15,20,M,20,A,A,E,E,F
4006,33788.0,19.0,20,85,20,M,20,A,A,E,E,F
4006,33789.0,48.7,0,0,0,M,20,B,A,E,E,F
2001,33790.0,0.0,0,0,0,F,20,A,A,B,B,A
2001,33791.0,0.0,0,0,0,F,20,A,A,B,B,A
2001,33792.0,0.0,0,0,0,F,20,A,A,B,C,A
2001,33793.0,0.0,0,0,0,F,20,A,A,B,C,A
2001,33794.0,0.0,0,0,0,F,20,A,B,B,C,A
2001,33795.0,0.0,0,0,0,F,20,A,B,C,D,B
2001,33796.0,0.0,0,0,0,F,20,A,D,C,D,B
2001,33797.0,0.0,0,0,0,F,20,B,D,D,E,B
2001,33798.0,0.0,0,0,0,F,20,B,D,E,E,B
2001,33799.0,0.0,0,0,0,F,20,C,D,E,E,C
2001,33800.0,0.0,0,0,0,F,20,C,D,E,E,F
2001,33801.0,0.0,0,0,0,F,20,E,D,F,F,F
2001,33802.0,0.0,0,0,0,F,20,,,,,
2001,33803.0,0.0,0,0,0,M,20,,,,,
2001,33804.0,0.0,0,0,0,M,20,,,,,
2001,33805.0,0.0,0,0,0,M,20,,,,,
3502,33806.0,0.0,0,0,0,F,20,A,A,A,B,A
3502,33807.0,0.0,0,0,0,F,20,A,B,B,D,B
3502,33808.0,0.0,0,0,0,F,20,A,B,C,D,B
3502,33809.0,0.0,0,0,0,F,20,A,C,C,D,B
3502,33810.0,0.0,0,0,0,F,20,A,D,D,D,B
3502,33811.0,0.0,0,0,0,F,20,A,D,D,D,B
3502,33812.0,0.0,0,0,0,F,20,A,D,D,D,B
3502,33813.0,0.0,0,0,0,F,20,A,D,D,D,C
3502,33814.0,0.0,0,0,0,M,20,A,D,D,E,D
3502,33815.0,0.0,0,0,0,M,20,A,D,D,E,D
3502,33816.0,0.0,0,0,0,M,20,A,D,D,E,D
3502,33817.0,0.0,0,0,0,M,20,B,D,D,F,D
3502,33818.0,0.0,0,0,0,M,20,B,D,E,F,E
3502,33819.0,0.0,0,0,0,M,20,B,D,E,F,E
3502,33820.0,0.0,0,0,0,M,20,E,F,F,F,E
3502,33821.0,0.0,0,0,0,M,20,,,,,
3502,33822.0,0.0,0,0,0,M,20,,,,,
3502,33823.0,0.0,0,0,0,M,20,,,,,
3502,33824.0,0.0,0,0,0,M,20,,,,,
3502,33825.0,0.0,0,0,0,M,20,,,,,
3502,33826.0,0.0,0,0,0,M,20,,,,,
3502,33827.0,0.0,0,0,0,M,20,,,,,
3502,33828.0,0.0,0,0,0,M,20,,,,,
3502,33829.0,0.0,0,0,0,M,20,,,,,
2001,33830.0,0.0,0,0,0,F,20,A,A,A,A,A
2001,33831.0,0.0,0,0,0,F,20,A,A,A,B,A
2001,33832.0,0.0,0,0,0,F,20,A,A,A,B,A
2001,33833.0,0.0,0,0,0,F,20,A,A,B,B,A
2001,33834.0,0.0,0,0,0,F,20,A,B,B,B,B
2001,33835.0,0.0,0,0,0,F,20,A,B,B,C,B
2001,33836.0,0.0,0,0,0,F,20,A,D,B,D,B
2001,33837.0,0.0,0,0,0,F,20,A,D,B,D,B
2001,33838.0,0.0,0,0,0,F,20,A,D,B,D,B
2001,33839.0,0.0,0,0,0,F,20,A,D,B,D,B
2001,33840.0,0.0,0,0,0,F,20,B,D,B,D,B
2001,33841.0,0.0,0,0,0,F,20,B,D,B,D,B
2001,33842.0,0.0,0,0,0,F,20,B,D,B,D,B
2001,33843.0,0.0,0,0,0,F,20,C,D,C,E,B
2001,33844.0,0.0,0,0,0,F,20,C,D,C,E,B
2001,33845.0,0.0,0,0,0,F,20,C,D,C,E,B
2001,33846.0,0.0,0,0,0,F,20,C,D,D,E,B
2001,33847.0,0.0,0,0,0,F,20,E,F,D,F,C
2001,33848.0,0.0,0,0,0,F,20,,,,,
2001,33849.0,0.0,0,0,0,M,20,,,,,
2001,33850.0,0.0,0,0,0,M,20,,,,,
3002,33851.0,0.0,0,0,0,F,20,A,A,A,A,A
3002,33852.0,0.0,0,0,0,F,20,A,A,A,B,A
3002,33853.0,0.0,0,0,0,F,20,A,A,A,B,A
3002,33854.0,0.0,0,0,0,F,20,A,B,B,B,A
3002,33855.0,0.0,0,0,0,F,20,A,B,B,B,A
3002,33856.0,0.0,0,0,0,F,20,A,B,B,B,B
3002,33857.0,0.0,0,0,0,M,20,A,D,B,B,B
3002,33858.0,0.0,0,0,0,M,20,A,D,B,B,B
3002,33859.0,0.0,0,0,0,M,20,A,D,B,C,B
3002,33860.0,0.0,0,0,0,M,20,A,D,C,C,B
3002,33861.0,0.0,0,0,0,M,20,A,D,D,C,B
3002,33862.0,0.0,0,0,0,M,20,A,D,D,C,B
3002,33863.0,0.0,0,0,0,M,20,B,D,D,D,C
3002,33864.0,0.0,0,0,0,M,20,,,,,
3002,33865.0,0.0,0,0,0,M,20,,,,,
2402,33866.0,0.0,0,0,0,F,20,A,A,B,B,A
2402,33867.0,0.0,0,0,0,F,20,A,A,B,B,A
2402,33868.0,0.0,0,0,0,F,20,A,A,B,B,A
2402,33869.0,0.0,0,0,0,F,20,A,A,B,B,A
2402,33870.0,0.0,0,0,0,F,20,A,A,B,B,A
2402,33871.0,0.0,0,0,0,F,20,A,B,B,C,B
2402,33872.0,0.0,0,0,0,F,20,A,B,B,C,B
2402,33873.0,0.0,0,0,0,F,20,A,B,B,D,B
2402,33874.0,0.0,0,0,0,F,20,A,B,C,D,B
2402,33875.0,0.0,0,0,0,F,20,A,D,C,D,B
2402,33876.0,0.0,0,0,0,F,20,A,D,D,D,B
2402,33877.0,0.0,0,0,0,F,20,A,D,D,D,B
2402,33878.0,0.0,0,0,0,M,20,A,D,D,D,C
2402,33879.0,0.0,0,0,0,M,20,A,D,D,D,C
2402,33880.0,0.0,0,0,0,M,20,A,D,D,D,C
2402,33881.0,0.0,0,0,0,M,20,B,D,D,E,C
2402,33882.0,0.0,0,0,0,M,20,B,D,E,E,D
2402,33883.0,0.0,0,0,0,M,20,B,D,E,E,D
2402,33884.0,0.0,0,0,0,M,20,E,F,E,E,D
2402,33885.0,0.0,0,0,0,M,20,E,F,E,F,E
2402,33886.0,0.0,0,0,0,M,20,,,,,
2402,33887.0,0.0,0,0,0,M,20,,,,,
2402,33888.0,0.0,0,0,0,M,20,,,,,
2402,33889.0,0.0,0,0,0,M,20,,,,,
2402,33890.0,0.0,0,0,0,M,20,,,,,
702,33891.0,0.0,0,0,0,F,20,A,A,B,B,A
702,33892.0,0.0,0,0,0,M,20,A,D,C,C,B
702,33893.0,0.0,0,0,0,M,20,A,D,C,D,C
702,33894.0,0.0,0,0,0,M,20,A,D,C,D,D
702,33895.0,0.0,0,0,0,M,20,A,D,D,D,D
702,33896.0,0.0,0,0,0,M,20,B,D,D,D,D
702,33897.0,0.0,0,0,0,M,20,B,D,E,D,E
702,33898.0,0.0,0,0,0,M,20,E,F,E,F,F
1402,33899.0,0.0,0,0,0,F,20,A,A,A,B,A
1402,33900.0,0.0,0,0,0,F,20,A,A,B,C,A
1402,33901.0,0.0,0,0,0,F,20,A,B,B,D,A
1402,33902.0,0.0,0,0,0,F,20,A,B,C,D,B
1402,33903.0,0.0,0,0,0,M,20,A,D,E,E,E
1402,33904.0,0.0,0,0,0,M,20,B,D,F,E,F
1602,33905.0,0.0,0,0,0,F,20,A,A,B,B,A
1602,33906.0,0.0,0,0,0,F,20,A,A,B,C,A
1602,33907.0,0.0,0,0,0,F,20,A,A,B,C,A
1602,33908.0,0.0,0,0,0,F,20,A,A,B,D,A
1602,33909.0,0.0,0,0,0,F,20,A,A,B,D,A
1602,33910.0,0.0,0,0,0,F,20,A,A,C,D,A
1602,33911.0,0.0,0,0,0,F,20,A,A,C,D,A
1602,33912.0,0.0,0,0,0,F,20,A,A,C,D,A
1602,33913.0,0.0,0,0,0,F,20,A,A,D,D,A
1602,33914.0,0.0,0,0,0,F,20,A,A,D,D,A
1602,33915.0,0.0,0,0,0,F,20,A,A,D,D,A
1602,33916.0,0.0,0,0,0,F,20,A,B,D,D,A
1602,33917.0,0.0,0,0,0,F,20,A,B,D,D,A
1602,33918.0,0.0,0,0,0,M,20,A,C,D,D,A
1602,33919.0,0.0,0,0,0,M,20,A,D,D,D,B
1602,33920.0,0.0,0,0,0,M,20,A,D,D,D,B
1602,33921.0,0.0,0,0,0,M,20,A,D,D,E,B
1602,33922.0,0.0,0,0,0,M,20,A,D,D,E,B
1602,33923.0,0.0,0,0,0,M,20,A,D,D,E,B
1602,33924.0,0.0,0,0,0,M,20,A,D,D,E,B
1602,33925.0,0.0,0,0,0,M,20,A,D,D,E,C
1602,33926.0,0.0,0,0,0,M,20,A,D,D,E,C
1602,33927.0,0.0,0,0,0,M,20,A,D,E,F,D
1602,33928.0,0.0,0,0,0,M,20,A,D,E,F,D
1602,33929.0,0.0,0,0,0,M,20,A,D,E,F,E
1602,33930.0,0.0,0,0,0,M,20,A,D,E,F,E
1602,33931.0,0.0,0,0,0,M,20,B,F,F,F,F
1602,33932.0,0.0,0,0,0,F,20,A,A,A,A,A
1602,33933.0,0.0,0,0,0,F,20,A,A,B,B,A
1602,33934.0,0.0,0,0,0,F,20,A,A,B,D,A
1602,33935.0,0.0,0,0,0,F,20,A,A,B,D,A
1602,33936.0,0.0,0,0,0,F,20,A,A,B,D,B
1602,33937.0,0.0,0,0,0,F,20,A,B,C,D,B
1602,33938.0,0.0,0,0,0,F,20,A,B,C,E,B
1602,33939.0,0.0,0,0,0,F,20,A,D,D,E,B
1602,33940.0,0.0,0,0,0,F,20,A,D,D,E,B
1602,33941.0,0.0,0,0,0,F,20,,,,,
1602,33942.0,0.0,0,0,0,F,20,,,,,
1602,33943.0,0.0,0,0,0,M,20,,,,,
1602,33944.0,0.0,0,0,0,M,20,,,,,
1602,33945.0,0.0,0,0,0,M,20,,,,,
1602,33946.0,0.0,0,0,0,M,20,,,,,
1602,33947.0,0.0,0,0,0,M,20,,,,,
1602,33948.0,0.0,0,0,0,M,20,,,,,
702,33949.0,0.0,0,0,0,F,20,A,A,A,A,A
702,33950.0,0.0,0,0,0,F,20,A,A,A,A,A
702,33951.0,0.0,0,0,0,F,20,A,B,B,A,B
702,33952.0,0.0,0,0,0,F,20,A,B,B,B,B
702,33953.0,0.0,0,0,0,F,20,A,B,B,B,B
702,33954.0,0.0,0,0,0,F,20,A,C,B,B,B
702,33955.0,0.0,0,0,0,F,20,A,D,B,D,B
702,33956.0,0.0,0,0,0,F,20,A,D,C,D,B
702,33957.0,0.0,0,0,0,M,20,A,D,D,D,B
702,33958.0,0.0,0,0,0,M,20,A,D,D,D,B
702,33959.0,0.0,0,0,0,M,20,A,D,D,E,C
702,33960.0,0.0,0,0,0,M,20,A,D,D,E,C
702,33961.0,0.0,0,0,0,M,20,B,D,E,F,D
702,33962.0,0.0,0,0,0,M,20,B,D,E,F,E
4004,33963.0,0.0,0,0,0,F,20,A,A,A,B,A
4004,33964.0,0.0,0,0,0,F,20,A,A,B,B,A
4004,33965.0,0.0,0,0,0,F,20,A,A,B,C,B
4004,33966.0,0.0,0,0,0,M,20,A,A,B,C,B
4004,33967.0,0.0,0,0,0,M,20,A,A,B,D,B
4004,33968.0,0.0,0,0,0,M,20,A,A,C,D,C
4004,33969.0,0.0,0,0,0,M,20,A,A,D,D,C
4004,33970.0,0.0,0,0,0,M,20,A,A,D,D,C
4004,33971.0,0.0,0,0,0,M,20,A,A,D,D,C
4004,33972.0,0.0,0,0,0,M,20,A,A,D,D,C
4004,33973.0,0.0,0,0,0,M,20,A,A,D,D,C
4004,33974.0,0.0,0,0,0,M,20,A,B,D,D,D
4004,33975.0,0.0,0,0,0,M,20,A,B,D,D,D
4004,33976.0,0.0,0,0,0,M,20,A,B,D,D,D
4004,33977.0,0.0,0,0,0,M,20,A,B,D,E,D
4004,33978.0,0.0,0,0,0,M,20,A,C,D,E,E
4004,33979.0,0.0,0,0,0,M,20,A,C,E,E,E
4004,33980.0,0.0,0,0,0,M,20,A,D,E,E,E
4004,33981.0,0.0,0,0,0,M,20,A,D,E,E,E
4004,33982.0,0.0,0,0,0,M,20,A,D,E,E,E
4004,33983.0,0.0,0,0,0,M,20,A,D,E,E,E
4004,33984.0,0.0,0,0,0,M,20,A,D,E,E,E
4004,33985.0,0.0,0,0,0,M,20,A,D,E,E,E
4004,33986.0,0.0,20,0,0,M,20,A,D,F,F,E
4004,33987.0,3.6,0,0,0,M,20,A,D,F,F,E
4004,33988.0,1.0,0,20,0,M,20,A,D,F,F,F
4004,33989.0,1.4,0,15,0,M,20,A,D,F,F,F
4004,33990.0,5.2,0,0,0,M,20,A,D,F,F,F
4004,33991.0,5.2,0,0,0,M,20,A,F,F,F,F
4004,33992.0,3.2,0,15,0,M,20,A,F,F,F,F
4004,33993.0,4.0,0,0,10,M,20,A,F,F,F,G
4004,33994.0,5.4,0,0,0,M,20,,,,,
4004,33995.0,3.4,15,0,0,M,20,,,,,
4004,33996.0,6.8,0,0,0,M,20,,,,,
4004,33997.0,0.0,0,45,0,F,20,A,A,A,B,A
4004,33998.0,3.6,0,20,0,F,20,A,A,A,C,A
4004,33999.0,6.6,0,0,0,F,20,A,A,B,C,A
4004,34000.0,7.5,0,0,0,F,20,A,A,B,C,B
4004,34001.0,7.5,0,0,0,F,20,A,A,B,C,B
4004,34002.0,7.5,0,0,0,F,20,A,A,B,D,B
4004,34003.0,7.5,0,0,0,F,20,A,A,B,D,B
4004,34004.0,7.5,0,0,0,F,20,A,A,B,D,B
4004,34005.0,7.5,0,0,0,F,20,A,A,C,D,B
4004,34006.0,7.5,0,0,0,F,20,A,A,C,D,B
4004,34007.0,7.5,0,0,0,F,20,A,A,C,D,B
4004,34008.0,7.5,0,0,0,F,20,A,A,D,D,C
4004,34009.0,7.5,0,0,0,F,20,A,A,D,D,C
4004,34010.0,7.5,0,0,0,F,20,A,A,D,D,C
4004,34011.0,7.5,0,0,0,M,20,A,A,D,D,C
4004,34012.0,7.5,0,0,0,M,20,A,A,D,D,C
4004,34013.0,7.5,0,0,0,M,20,A,A,D,D,C
4004,34014.0,7.5,0,0,0,M,20,A,A,D,D,C
4004,34015.0,7.5,0,0,0,M,20,A,A,D,D,C
4004,34016.0,7.5,0,0,0,M,20,A,A,D,D,C
4004,34017.0,7.5,0,0,0,M,20,A,A,D,D,C
4004,34018.0,7.4,0,0,0,M,20,A,A,D,D,C
4004,34019.0,7.5,0,0,0,M,20,A,A,D,D,C
4004,34020.0,7.5,0,0,0,M,20,A,A,D,D,D
4004,34021.0,7.5,0,0,0,M,20,A,A,D,D,D
4004,34022.0,7.5,0,0,0,M,20,A,A,D,D,D
4004,34023.0,7.6,0,0,0,M,20,A,A,D,D,D
4004,34024.0,7.8,0,0,0,M,20,A,A,D,D,D
4004,34025.0,7.8,0,0,0,M,20,A,A,D,D,D
4004,34026.0,2.0,30,10,0,M,20,A,A,D,D,D
4004,34027.0,6.4,10,0,0,M,20,A,A,D,E,D
4004,34028.0,8.4,0,0,0,M,20,A,A,D,E,D
4004,34029.0,8.4,0,0,0,M,20,A,A,D,E,E
4004,34030.0,9.2,0,0,0,M,20,A,A,E,E,E
4004,34031.0,0.0,0,0,0,M,20,A,A,E,E,E
4004,34032.0,9.4,0,0,0,M,20,A,A,E,E,E
4004,34033.0,7.5,0,15,0,M,20,A,A,E,E,E
4004,34034.0,10.1,0,0,0,M,20,A,A,E,E,E
4004,34035.0,0.0,20,45,0,M,20,A,A,E,E,E
4004,34036.0,0.0,40,10,20,M,20,A,B,E,E,E
4004,34037.0,10.6,0,0,0,M,20,A,B,E,E,E
4004,34038.0,10.6,0,0,0,M,20,A,B,E,E,E
4004,34039.0,0.0,0,0,0,M,20,A,B,E,E,E
4004,34040.0,11.1,0,0,0,M,20,A,B,E,E,F
4004,34041.0,0.0,0,0,0,M,20,A,B,E,E,F
4004,34042.0,11.1,0,0,0,M,20,A,B,E,E,F
4004,34043.0,9.5,0,0,10,M,20,A,C,E,E,F
4004,34044.0,2.2,60,0,0,M,20,A,C,E,E,F
4004,34045.0,0.0,0,0,0,M,20,A,C,E,E,F
4004,34046.0,0.0,0,0,0,M,20,A,D,E,E,F
4004,34047.0,0.0,0,0,0,M,20,A,D,E,E,F
4004,34048.0,0.0,0,0,0,M,20,A,D,E,E,F
4004,34049.0,0.0,0,0,0,M,20,A,D,E,F,F
4004,34050.0,11.5,0,0,0,M,20,A,D,E,F,F
4004,34051.0,6.2,30,5,0,M,20,A,D,E,F,F
4004,34052.0,4.6,0,50,0,M,20,A,D,E,F,F
4004,34053.0,12.1,0,0,0,M,20,A,D,E,F,F
4004,34054.0,11.9,0,0,0,M,20,A,D,E,F,F
4004,34055.0,0.0,0,0,0,M,20,A,D,E,F,F
4004,34056.0,2.0,0,0,0,M,20,A,D,E,F,F
4004,34057.0,0.0,0,0,0,M,20,A,D,E,F,F
4004,34058.0,9.2,0,20,0,M,20,A,D,E,F,F
4004,34059.0,12.5,0,0,0,M,20,A,D,E,F,F
4004,34060.0,1.6,0,0,0,M,20,A,D,F,F,F
4004,34061.0,0.0,0,0,0,M,20,A,D,F,F,F
4004,34062.0,12.9,0,0,0,M,20,A,D,F,F,F
4004,34063.0,9.4,25,0,0,M,20,A,D,F,F,F
4004,34064.0,8.5,0,15,15,M,20,A,D,F,F,F
4004,34065.0,0.0,0,0,0,M,20,A,D,F,F,F
4004,34066.0,0.0,0,0,0,M,20,A,D,F,F,F
4004,34067.0,0.0,0,0,0,M,20,A,D,F,F,F
4004,34068.0,6.2,20,0,30,M,20,A,D,F,F,F
4004,34069.0,0.0,0,0,0,M,20,A,D,F,F,G
4004,34070.0,11.0,0,15,0,M,20,A,D,F,F,G
4004,34071.0,0.0,0,0,0,M,20,A,D,F,F,G
4004,34072.0,0.0,0,0,0,M,20,A,D,F,F,G
4004,34073.0,0.0,0,0,0,M,20,A,D,F,F,G
4004,34074.0,0.0,0,0,0,M,20,B,F,F,F,G
4004,34075.0,2.6,0,0,0,M,20,B,F,F,F,G
4004,34076.0,0.0,0,0,0,M,20,B,F,F,F,G
4004,34077.0,0.0,0,0,0,M,20,E,F,F,,G
4004,34078.0,6.6,25,15,5,M,20,,,,,
4004,34079.0,0.0,0,0,0,M,20,,,,,
4004,34080.0,2.2,0,0,0,M,20,,,,,
4004,34081.0,14.4,0,0,0,M,20,,,,,
4004,34082.0,2.0,0,0,0,M,20,,,,,
4004,34083.0,14.3,0,0,0,M,20,,,,,
4004,34084.0,11.0,0,0,25,M,20,,,,,
4004,34085.0,4.2,20,0,50,M,20,,,,,
4301,34086.0,15.0,0,0,0,F,20,A,A,B,D,B
4301,34087.0,15.0,0,0,0,F,20,A,A,B,D,C
4301,34088.0,7.6,30,20,0,F,20,A,A,B,D,C
4301,34089.0,15.0,0,0,0,F,20,A,A,C,D,C
4301,34090.0,15.0,0,0,0,F,20,A,A,D,D,C
4301,34091.0,15.0,0,0,0,F,20,A,A,D,E,D
4301,34092.0,15.0,0,0,0,F,20,A,A,D,E,D
4301,34093.0,15.0,0,0,0,F,20,A,A,D,E,D
4301,34094.0,15.0,0,0,0,F,20,A,A,D,E,D
4301,34095.0,15.0,0,0,0,F,20,A,B,E,E,E
4301,34096.0,15.0,0,0,0,M,20,A,B,E,E,E
4301,34097.0,15.0,0,0,0,M,20,A,B,E,E,E
4301,34098.0,15.0,0,0,0,M,20,A,B,E,E,E
4301,34099.0,6.4,10,0,50,M,20,A,D,E,E,E
4301,34100.0,4.4,0,0,0,M,20,A,D,E,E,E
4301,34101.0,9.5,0,40,0,M,20,A,D,E,E,E
4301,34102.0,15.9,0,0,0,M,20,A,D,E,F,E
4301,34103.0,4.0,70,0,10,M,20,A,D,E,F,F
4301,34104.0,2.6,0,0,0,M,20,A,D,E,F,F
4301,34105.0,16.2,0,0,0,M,20,B,D,F,F,F
4301,34106.0,16.3,0,0,0,M,20,B,D,F,F,F
4301,34107.0,8.4,0,35,20,M,20,B,D,F,F,F
4301,34108.0,5.2,0,0,0,M,20,B,F,F,F,F
4301,34109.0,5.2,0,0,0,M,20,B,F,F,F,G
4301,34110.0,16.3,0,0,0,M,20,,,,,
4301,34111.0,16.3,0,0,0,M,20,,,,,
4301,34112.0,10.8,40,0,0,M,20,,,,,
4301,34113.0,7.5,0,0,0,M,20,,,,,
4301,34114.0,3.6,0,0,0,M,20,,,,,
4301,34115.0,15.6,0,0,10,M,20,,,,,
4301,34116.0,5.8,10,15,50,M,20,,,,,
3502,34117.0,17.0,0,0,0,F,20,A,A,A,B,A
3502,34118.0,6.8,25,45,0,F,20,A,A,A,B,A
3502,34119.0,17.6,0,0,0,F,20,A,A,B,C,A
3502,34120.0,2.4,0,0,15,F,20,A,A,B,C,A
3502,34121.0,17.6,0,0,0,F,20,A,A,B,C,A
3502,34122.0,15.0,0,0,20,F,20,A,A,B,C,A
3502,34123.0,17.9,0,0,0,F,20,A,A,B,C,A
3502,34124.0,18.0,0,0,0,F,20,A,A,B,C,A
3502,34125.0,17.8,0,0,0,F,20,A,A,B,C,A
3502,34126.0,7.5,0,0,0,F,20,A,A,C,C,A
3502,34127.0,3.2,20,70,10,F,20,A,A,C,C,A
3502,34128.0,18.4,0,0,0,F,20,A,A,C,C,B
3502,34129.0,10.9,50,0,0,F,20,A,A,C,D,B
3502,34130.0,0.0,50,0,0,F,20,A,A,C,D,B
3502,34131.0,2.6,25,5,0,F,20,A,A,C,D,B
3502,34132.0,10.5,10,30,15,F,20,A,A,C,D,B
3502,34133.0,7.5,0,0,0,F,20,A,A,C,D,B
3502,34134.0,7.4,75,0,0,F,20,A,A,C,D,B
3502,34135.0,18.9,0,0,0,F,20,A,A,C,D,B
3502,34136.0,7.5,0,0,0,F,20,A,A,C,D,B
3502,34137.0,7.5,0,0,0,F,20,A,A,C,D,B
3502,34138.0,7.5,0,0,0,F,20,A,A,C,D,B
3502,34139.0,7.5,0,0,0,F,20,A,A,C,D,B
3502,34140.0,7.5,0,0,0,F,20,A,A,D,D,B
3502,34141.0,7.5,0,0,0,F,20,A,A,D,D,B
3502,34142.0,7.5,0,0,0,F,20,A,A,D,D,B
3502,34143.0,15.0,0,25,0,F,20,A,A,D,D,B
3502,34144.0,7.5,0,0,0,F,20,A,A,D,D,B
3502,34145.0,7.5,0,0,0,F,20,A,A,D,D,B
3502,34146.0,7.5,0,0,0,F,20,A,A,D,D,B
3502,34147.0,7.5,0,0,0,F,20,A,A,D,D,C
3502,34148.0,7.5,0,0,0,F,20,A,A,D,D,C
3502,34149.0,7.5,0,0,0,F,20,A,A,D,D,C
3502,34150.0,7.5,0,0,0,F,20,A,A,D,D,C
3502,34151.0,18.6,0,0,0,F,20,A,A,D,D,C
3502,34152.0,7.5,0,0,0,F,20,A,A,D,D,C
3502,34153.0,7.5,0,0,0,M,20,A,B,D,D,C
3502,34154.0,7.5,0,0,0,M,20,A,B,D,D,C
3502,34155.0,7.5,0,0,0,M,20,A,B,D,D,D
3502,34156.0,7.5,0,0,0,M,20,A,B,D,D,D
3502,34157.0,7.5,0,0,0,M,20,A,B,D,D,D
3502,34158.0,7.5,0,0,0,M,20,A,B,D,D,D
3502,34159.0,19.2,0,0,0,M,20,A,D,E,E,E
3502,34160.0,19.4,0,0,0,M,20,A,D,E,E,E
3502,34161.0,7.4,0,0,0,M,20,A,D,E,E,E
3502,34162.0,7.8,0,30,50,M,20,A,D,E,E,E
3502,34163.0,7.5,0,0,0,M,20,A,D,E,E,E
3502,34164.0,16.3,25,0,0,M,20,A,D,E,E,E
3502,34165.0,7.5,0,0,0,M,20,A,D,E,E,E
3502,34166.0,7.5,0,0,0,M,20,A,D,E,E,E
3502,34167.0,3.4,10,10,0,M,20,A,D,E,E,E
3502,34168.0,7.5,0,0,0,M,20,A,D,E,E,E
3502,34169.0,7.5,10,0,0,M,20,A,D,E,E,E
3502,34170.0,8.4,60,20,0,M,20,A,D,E,E,E
3502,34171.0,7.5,0,0,0,M,20,A,D,E,E,E
3502,34172.0,9.1,0,0,0,M,20,A,D,E,E,E
3502,34173.0,7.0,0,0,0,M,20,A,D,E,F,E
3502,34174.0,7.5,0,0,0,M,20,A,D,E,F,E
3502,34175.0,7.5,0,0,0,M,20,A,D,E,F,E
3502,34176.0,13.6,0,45,0,M,20,A,D,E,F,E
3502,34177.0,8.1,0,0,0,M,20,A,D,E,F,E
3502,34178.0,18.9,10,0,0,M,20,A,D,F,F,E
3502,34179.0,9.5,0,0,0,M,20,A,D,F,F,F
3502,34180.0,20.2,0,0,0,M,20,A,D,F,F,F
3502,34181.0,10.2,70,0,0,M,20,A,D,F,F,F
3502,34182.0,9.7,0,0,0,M,20,A,D,F,F,F
3502,34183.0,6.8,20,0,0,M,20,A,D,F,F,F
2001,34184.0,18.6,20,0,0,F,20,A,A,A,B,A
2001,34185.0,21.4,0,0,0,F,20,A,A,B,B,A
2001,34186.0,9.4,0,0,0,F,20,A,A,B,B,A
2001,34187.0,8.8,0,0,0,F,20,A,A,B,B,A
2001,34188.0,9.1,0,0,0,F,20,A,A,B,B,A
2001,34189.0,1.0,15,30,20,F,20,A,A,B,B,A
2001,34190.0,18.5,0,20,0,F,20,A,A,B,B,A
2001,34191.0,13.6,55,0,0,F,20,A,A,B,B,A
2001,34192.0,3.8,15,30,0,F,20,A,A,B,B,A
2001,34193.0,9.5,0,0,0,F,20,A,A,B,B,A
2001,34194.0,21.8,0,0,0,F,20,A,A,B,B,A
2001,34195.0,22.0,0,0,0,F,20,A,A,B,B,A
2001,34196.0,8.4,0,0,0,F,20,A,A,B,B,A
2001,34197.0,9.5,0,10,0,F,20,A,A,B,B,A
2001,34198.0,8.6,50,30,10,F,20,A,A,B,B,A
2001,34199.0,12.2,30,35,0,F,20,A,A,B,B,A
2001,34200.0,11.1,0,0,0,F,20,A,A,B,C,A
2001,34201.0,8.5,0,0,0,F,20,A,A,B,C,A
2001,34202.0,4.0,70,50,0,F,20,A,A,B,C,A
2001,34203.0,22.5,0,0,0,F,20,A,A,B,C,B
2001,34204.0,0.0,0,0,0,F,20,A,A,B,C,B
2001,34205.0,0.0,0,0,0,F,20,A,A,B,C,B
2001,34206.0,0.0,0,0,0,F,20,A,A,B,C,B
2001,34207.0,22.5,0,0,0,F,20,A,A,B,C,B
2001,34208.0,11.3,0,0,0,F,20,A,A,B,C,B
2001,34209.0,0.0,0,0,0,F,20,A,A,C,C,B
2001,34210.0,22.5,0,0,0,F,20,A,A,C,C,B
2001,34211.0,0.0,0,0,0,F,20,A,A,C,C,B
2001,34212.0,0.0,0,0,0,F,20,A,A,C,D,B
2001,34213.0,8.9,0,0,0,F,20,A,A,C,D,B
2001,34214.0,7.5,0,15,10,F,20,A,A,C,D,B
2001,34215.0,3.4,0,50,0,F,20,A,A,C,D,B
2001,34216.0,0.0,0,0,0,F,20,A,A,C,D,B
2001,34217.0,0.0,0,0,0,F,20,A,A,C,D,B
2001,34218.0,0.0,0,0,0,F,20,A,A,C,D,B
2001,34219.0,22.5,0,0,0,F,20,A,A,C,D,B
2001,34220.0,11.5,0,0,0,F,20,A,A,C,D,B
2001,34221.0,10.2,40,40,0,F,20,A,A,D,D,B
2001,34222.0,22.5,0,0,0,F,20,A,A,D,D,B
2001,34223.0,10.1,0,0,0,F,20,A,A,D,D,B
2001,34224.0,0.0,0,0,0,F,20,A,B,D,D,B
2001,34225.0,0.0,0,0,0,F,20,A,B,D,D,B
2001,34226.0,22.3,0,0,0,F,20,A,B,D,D,B
2001,34227.0,11.3,0,0,0,F,20,A,B,D,D,B
2001,34228.0,0.0,0,0,0,F,20,A,B,D,D,B
2001,34229.0,7.5,25,0,0,F,20,A,B,D,D,B
2001,34230.0,22.5,0,0,0,F,20,A,B,D,D,B
2001,34231.0,0.0,0,0,0,F,20,A,B,D,D,B
2001,34232.0,0.0,0,0,0,F,20,A,B,D,D,B
2001,34233.0,0.0,0,0,0,F,20,A,C,D,D,C
2001,34234.0,22.5,0,0,0,F,20,A,D,D,D,C
2001,34235.0,0.0,0,0,0,F,20,A,D,D,D,C
2001,34236.0,0.0,0,0,0,F,20,A,D,D,D,C
2001,34237.0,0.0,0,0,0,F,20,A,D,D,D,C
2001,34238.0,0.0,0,0,0,F,20,A,D,D,D,C
2001,34239.0,19.0,25,0,0,F,20,A,D,D,D,C
2001,34240.0,8.5,10,0,0,F,20,A,D,D,D,C
2001,34241.0,10.1,10,0,0,F,20,A,D,D,D,C
2001,34242.0,10.1,10,0,0,F,20,A,D,D,D,D
2001,34243.0,4.0,45,50,30,F,20,A,D,D,D,D
2001,34244.0,11.7,0,0,0,F,20,A,D,D,D,D
2001,34245.0,5.2,50,0,0,F,20,A,D,D,D,D
2001,34246.0,11.5,0,0,0,F,20,A,D,D,D,D
2001,34247.0,0.0,0,0,0,F,20,A,D,D,D,D
2001,34248.0,7.5,20,0,10,F,20,A,D,D,E,D
2001,34249.0,9.5,0,0,0,F,20,A,D,D,E,D
2001,34250.0,0.0,0,0,0,F,20,A,D,D,E,D
2001,34251.0,9.5,0,0,0,F,20,A,D,D,E,D
2001,34252.0,23.0,0,0,0,F,20,A,D,E,E,D
2001,34253.0,8.0,0,10,0,F,20,A,D,E,E,E
2001,34254.0,9.5,0,10,0,F,20,A,D,E,E,E
2001,34255.0,10.4,10,60,15,F,20,A,D,E,E,E
2001,34256.0,0.0,0,0,0,F,20,A,D,E,E,E
2001,34257.0,1.0,0,0,0,F,20,A,D,E,E,E
2001,34258.0,7.5,0,0,30,F,20,A,D,E,E,E
2001,34259.0,0.0,0,0,10,F,20,B,D,E,E,E
2001,34260.0,11.1,0,0,0,F,20,B,D,E,E,E
2001,34261.0,23.4,0,0,0,F,20,B,D,E,E,E
2001,34262.0,0.0,10,0,0,F,20,B,D,E,E,E
2001,34263.0,10.0,0,0,0,F,20,B,D,E,E,E
2001,34264.0,6.6,10,15,0,F,20,B,D,F,F,F
2001,34265.0,7.6,0,20,0,F,20,B,D,F,F,F
2001,34266.0,9.6,70,15,10,F,20,B,D,F,F,F
2001,34267.0,16.6,20,0,30,F,20,B,D,F,F,F
2001,34268.0,9.1,10,15,0,F,20,B,D,F,F,F
2001,34269.0,8.2,30,0,0,F,20,B,D,F,F,F
2001,34270.0,23.8,0,0,0,F,20,B,D,F,F,F
2001,34271.0,11.3,10,0,0,F,20,B,D,F,F,F
2001,34272.0,12.7,0,0,0,F,20,C,D,F,F,F
2001,34273.0,3.4,0,45,0,F,20,E,F,F,F,F
2001,34274.0,1.6,0,0,0,F,20,E,F,F,F,G
2001,34275.0,10.0,20,0,0,F,20,E,F,F,F,G
2001,34276.0,15.0,10,0,50,F,20,,,,,
2001,34277.0,7.5,0,20,0,M,20,,,,,
2001,34278.0,7.6,50,20,40,M,20,,,,,
2001,34279.0,1.6,0,0,0,M,20,,,,,
2001,34280.0,10.7,0,0,0,M,20,,,,,
2001,34281.0,12.1,0,0,0,M,20,,,,,
2001,34282.0,0.0,0,0,0,M,20,,,,,
2001,34283.0,0.0,0,0,0,M,20,,,,,
2001,34284.0,11.9,0,0,0,M,20,,,,,
2001,34285.0,8.2,20,5,10,M,20,,,,,
2001,34286.0,20.0,20,0,0,M,20,,,,,
2001,34287.0,11.9,0,0,0,M,20,,,,,
2501,34288.0,0.0,15,70,0,F,20,A,A,B,B,A
2501,34289.0,0.0,0,0,0,F,20,A,A,B,B,A
2501,34290.0,0.0,0,0,0,F,20,A,A,C,D,A
2501,34291.0,0.0,0,0,0,F,20,A,A,C,D,A
2501,34292.0,0.0,0,0,0,F,20,A,A,C,D,A
2501,34293.0,0.0,0,0,0,F,20,A,A,C,D,A
2501,34294.0,0.0,0,0,15,F,20,A,A,C,D,A
2501,34295.0,0.0,0,10,5,F,20,A,A,D,D,B
2501,34296.0,10.1,0,0,20,F,20,A,A,D,D,B
2501,34297.0,19.0,20,5,10,F,20,A,A,D,D,B
2501,34298.0,0.0,0,0,0,F,20,A,A,D,D,B
2501,34299.0,9.6,35,45,20,F,20,A,A,D,D,C
2501,34300.0,7.5,0,25,0,F,20,A,A,D,D,C
2501,34301.0,2.6,0,0,0,F,20,A,A,D,D,C
2501,34302.0,11.3,0,0,0,F,20,A,A,E,E,C
2501,34303.0,8.9,0,15,0,F,20,A,A,E,E,D
2501,34304.0,9.9,25,0,0,F,20,A,A,E,E,D
2501,34305.0,1.0,0,0,10,F,20,A,A,E,E,D
2501,34306.0,3.6,0,0,0,F,20,A,A,E,E,D
2501,34307.0,17.7,0,15,30,F,20,A,A,E,E,D
2501,34308.0,11.2,60,10,20,F,20,A,A,E,E,D
2501,34309.0,22.5,0,5,10,F,20,A,A,E,E,D
2501,34310.0,11.3,0,0,0,F,20,A,B,E,E,D
2501,34311.0,9.7,0,0,15,F,20,A,B,E,E,D
2501,34312.0,1.6,0,0,0,F,20,A,B,E,E,E
2501,34313.0,11.8,0,0,0,F,20,A,C,E,F,E
2501,34314.0,2.2,80,0,0,M,20,B,F,F,F,F
2501,34315.0,7.4,40,5,0,M,20,C,F,F,F,F
2501,34316.0,25.2,0,0,0,M,20,C,F,F,F,F
2501,34317.0,9.5,20,10,0,M,20,E,F,F,F,G
2501,34318.0,9.5,25,0,0,M,20,,,,,
2501,34319.0,0.0,0,0,0,M,20,,,,,
2501,34320.0,0.0,0,0,0,M,20,,,,,
2501,34321.0,0.0,0,0,0,M,20,,,,,
2501,34322.0,13.1,0,0,0,M,20,,,,,
2501,34323.0,11.3,20,0,0,M,20,,,,,
2501,34324.0,3.8,25,30,0,M,20,,,,,
2501,34325.0,0.0,0,0,0,M,20,,,,,
2501,34326.0,6.0,10,30,0,M,20,,,,,
1402,34327.0,11.3,20,0,0,F,20,A,A,A,A,A
1402,34328.0,7.5,0,30,0,F,20,A,A,B,A,A
1402,34329.0,11.1,0,15,0,F,20,A,A,B,A,A
1402,34330.0,15.0,0,0,0,M,20,A,A,D,D,B
1402,34331.0,15.0,0,0,0,M,20,A,A,D,D,B
1402,34332.0,15.0,0,0,0,M,20,A,A,D,D,B
1402,34333.0,15.0,0,0,0,M,20,A,A,D,D,B
1402,34334.0,13.8,0,0,0,M,20,A,A,D,D,C
1402,34335.0,12.9,0,0,0,M,20,A,B,D,E,C
1402,34336.0,15.0,0,0,0,M,20,A,B,D,E,C
1402,34337.0,15.0,0,0,0,M,20,A,C,D,E,D
1402,34338.0,15.0,0,0,0,M,20,A,D,D,E,D
1402,34339.0,16.0,30,20,15,M,20,A,D,E,E,D
1402,34340.0,15.0,0,0,0,M,20,A,D,E,E,D
1402,34341.0,15.0,0,0,0,M,20,A,D,E,E,E
1402,34342.0,8.5,30,0,0,M,20,A,D,E,F,E
1402,34343.0,15.0,0,0,0,M,20,A,D,E,F,E
1402,34344.0,15.0,0,0,0,M,20,A,D,E,F,E
1402,34345.0,15.0,0,0,0,M,20,A,D,E,F,E
1402,34346.0,15.0,0,0,0,M,20,B,D,E,F,F
1402,34347.0,15.0,0,0,0,M,20,B,D,E,F,F
1502,34348.0,3.8,0,0,0,F,20,A,A,B,B,A
1502,34349.0,15.0,0,0,0,F,20,A,A,C,B,A
1502,34350.0,2.4,10,0,0,F,20,A,A,C,B,B
1502,34351.0,15.0,0,0,0,F,20,A,A,C,C,B
1502,34352.0,0.6,10,0,10,F,20,A,A,C,C,B
1502,34353.0,15.0,0,0,0,F,20,A,A,C,C,B
1502,34354.0,15.0,0,0,0,F,20,A,A,C,D,B
1502,34355.0,26.4,0,0,0,F,20,A,A,C,D,B
1502,34356.0,13.3,0,0,0,F,20,A,A,C,D,B
1502,34357.0,5.8,0,30,15,F,20,A,A,C,D,B
1502,34358.0,8.9,10,15,0,F,20,A,A,C,D,B
1502,34359.0,15.0,0,0,0,F,20,A,A,D,D,B
1502,34360.0,12.7,0,0,0,F,20,A,A,D,D,C
1502,34361.0,15.0,0,0,0,F,20,A,A,D,D,C
1502,34362.0,15.0,0,0,0,F,20,A,A,D,D,C
1502,34363.0,7.5,0,35,0,F,20,A,A,D,D,C
1502,34364.0,22.6,0,25,0,F,20,A,B,D,D,D
1502,34365.0,26.2,0,0,0,F,20,A,B,D,D,D
1502,34366.0,15.0,0,0,0,M,20,A,B,D,D,D
1502,34367.0,26.9,0,0,0,M,20,A,B,D,D,D
1502,34368.0,13.1,30,20,40,M,20,A,B,E,D,D
1502,34369.0,13.5,10,0,0,M,20,A,B,E,E,D
1502,34370.0,0.0,0,0,0,M,20,A,C,E,E,D
1502,34371.0,1.6,5,15,0,M,20,A,D,E,E,D
1502,34372.0,0.0,0,0,0,M,20,A,D,E,E,D
1502,34373.0,0.0,0,0,0,M,20,A,D,E,E,D
1502,34374.0,0.0,0,0,0,M,20,A,D,E,E,D
1502,34375.0,0.0,0,0,0,M,20,A,D,E,E,E
1502,34376.0,0.0,0,30,0,M,20,A,D,E,F,E
1502,34377.0,2.0,30,85,50,M,20,A,D,E,F,E
1502,34378.0,26.9,0,0,0,M,20,A,D,E,F,E
1502,34379.0,8.1,50,0,0,M,20,A,D,E,F,E
1502,34380.0,0.0,0,0,0,M,20,A,D,E,F,E
1502,34381.0,5.2,10,20,40,M,20,B,D,F,F,F
1502,34382.0,0.0,0,0,0,M,20,,,,,
1502,34383.0,0.0,0,0,0,M,20,,,,,
1502,34384.0,0.0,0,0,0,M,20,,,,,
1502,34385.0,0.0,0,0,0,M,20,,,,,
1502,34386.0,0.0,0,0,0,M,20,,,,,
1502,34387.0,0.0,0,0,0,M,20,,,,,
1602,34388.0,7.5,10,45,0,F,20,A,A,A,B,A
1602,34389.0,0.0,25,5,0,F,20,A,A,A,B,A
1602,34390.0,22.5,20,10,0,F,20,A,A,A,B,A
1602,34391.0,15.0,0,0,0,F,20,A,A,A,B,A
1602,34392.0,15.0,0,0,0,F,20,A,A,B,B,A
1602,34393.0,15.0,0,0,0,F,20,A,A,B,B,A
1602,34394.0,15.0,0,0,0,F,20,A,A,B,B,A
1602,34395.0,0.0,0,25,0,F,20,A,A,B,B,A
1602,34396.0,5.0,0,0,0,F,20,A,A,B,C,A
1602,34397.0,17.1,0,65,0,F,20,A,A,B,C,A
1602,34398.0,14.7,0,0,0,F,20,A,A,B,C,A
1602,34399.0,15.0,0,0,0,F,20,A,A,B,C,A
1602,34400.0,15.0,0,0,0,F,20,A,A,B,C,A
1602,34401.0,27.3,0,0,0,F,20,A,A,B,C,A
1602,34402.0,6.0,0,0,0,F,20,A,A,C,C,A
1602,34403.0,2.0,0,0,20,F,20,A,A,C,C,A
1602,34404.0,3.6,5,0,5,F,20,A,A,C,C,A
1602,34405.0,3.4,0,0,10,F,20,A,A,C,C,A
1602,34406.0,15.0,0,0,0,F,20,A,A,C,C,B
1602,34407.0,2.2,10,35,30,F,20,A,A,C,C,B
1602,34408.0,15.0,0,0,0,F,20,A,A,C,C,B
1602,34409.0,15.0,0,0,0,F,20,A,A,C,C,B
1602,34410.0,22.8,20,0,10,F,20,A,A,C,D,B
1602,34411.0,27.1,0,0,0,F,20,A,A,C,D,B
1602,34412.0,15.5,10,0,0,F,20,A,A,C,D,B
1602,34413.0,16.0,0,0,0,F,20,A,A,C,D,B
1602,34414.0,15.0,0,0,0,F,20,A,A,C,D,B
1602,34415.0,15.0,0,0,0,F,20,A,A,C,D,B
1602,34416.0,15.0,0,0,0,F,20,A,A,C,D,B
1602,34417.0,22.5,30,0,0,F,20,A,A,C,D,B
1602,34418.0,15.0,10,0,0,F,20,A,A,C,D,B
1602,34419.0,12.5,0,10,0,F,20,A,A,C,D,B
1602,34420.0,1.0,0,0,0,F,20,A,A,C,D,B
1602,34421.0,23.8,0,25,0,F,20,A,A,C,D,B
1602,34422.0,0.0,20,15,0,F,20,A,A,C,D,B
1602,34423.0,7.5,25,15,20,F,20,A,A,D,D,B
1602,34424.0,15.0,0,0,0,F,20,A,A,D,D,C
1602,34425.0,15.0,0,0,0,F,20,A,A,D,D,C
1602,34426.0,15.0,0,0,0,F,20,A,A,D,D,C
1602,34427.0,16.0,0,0,0,F,20,A,A,D,D,C
1602,34428.0,15.0,0,0,0,F,20,A,A,D,D,C
1602,34429.0,15.0,0,0,0,F,20,A,A,D,D,C
1602,34430.0,15.0,0,0,0,F,20,A,A,D,D,C
1602,34431.0,18.0,0,70,0,F,20,A,A,D,E,C
1602,34432.0,28.4,0,0,0,F,20,A,A,D,E,C
1602,34433.0,14.9,0,0,0,F,20,A,A,D,E,C
1602,34434.0,15.0,0,0,0,F,20,A,A,D,E,C
1602,34435.0,4.8,80,0,5,F,20,A,A,D,E,D
1602,34436.0,28.5,0,0,0,F,20,A,A,D,E,D
1602,34437.0,15.0,0,0,0,F,20,A,A,D,E,D
1602,34438.0,13.7,10,15,0,F,20,A,A,D,E,D
1602,34439.0,1.6,0,0,0,F,20,A,A,D,E,D
1602,34440.0,9.9,35,15,0,F,20,A,B,E,E,D
1602,34441.0,15.0,0,0,0,F,20,A,B,E,E,D
1602,34442.0,6.4,10,0,0,F,20,A,B,E,E,D
1602,34443.0,15.0,0,0,0,F,20,A,B,E,E,D
1602,34444.0,12.9,15,0,15,F,20,A,B,E,E,D
1602,34445.0,10.3,0,30,0,F,20,A,B,E,E,E
1602,34446.0,15.0,0,0,0,F,20,A,B,E,E,E
1602,34447.0,15.0,0,0,0,F,20,A,B,E,E,E
1602,34448.0,15.0,0,0,0,F,20,A,B,E,E,E
1602,34449.0,15.0,0,0,0,M,20,A,B,E,E,E
1602,34450.0,15.0,0,0,0,M,20,A,B,E,E,E
1602,34451.0,4.8,10,45,100,M,20,A,B,E,E,E
1602,34452.0,15.0,0,0,0,M,20,A,B,E,E,E
1602,34453.0,15.0,0,0,0,M,20,A,B,E,E,E
1602,34454.0,15.0,0,0,0,M,20,A,C,E,E,E
1602,34455.0,1.6,0,0,10,M,20,A,D,E,E,E
1602,34456.0,18.1,0,0,0,M,20,A,D,E,E,E
1602,34457.0,0.0,0,45,0,M,20,A,D,E,E,E
1602,34458.0,7.5,0,0,0,M,20,A,D,E,E,E
1602,34459.0,6.4,0,0,0,M,20,A,D,E,E,E
1602,34460.0,2.0,0,0,0,M,20,A,D,E,E,E
1602,34461.0,4.4,0,0,0,M,20,A,D,E,E,E
1602,34462.0,12.1,0,10,15,M,20,A,D,E,E,E
1602,34463.0,0.0,50,0,0,M,20,A,D,E,E,E
1602,34464.0,2.0,0,0,0,M,20,A,D,E,E,E
1602,34465.0,2.0,0,0,0,M,20,A,D,E,E,E
1602,34466.0,15.0,0,10,0,M,20,A,D,E,E,E
1602,34467.0,2.0,0,0,0,M,20,A,D,E,E,E
1602,34468.0,28.9,0,0,0,M,20,A,D,E,E,E
1602,34469.0,9.7,0,35,0,M,20,A,D,E,E,E
1602,34470.0,18.0,0,0,0,M,20,A,D,E,E,E
1602,34471.0,8.2,0,0,0,M,20,A,D,E,E,E
1602,34472.0,21.2,35,5,10,M,20,A,D,E,E,E
1602,34473.0,2.0,0,0,0,M,20,A,D,E,E,E
1602,34474.0,15.0,0,0,10,M,20,A,D,E,E,E
1602,34475.0,17.8,0,0,0,M,20,A,D,E,E,E
1602,34476.0,17.0,0,0,0,M,20,A,D,E,E,E
1602,34477.0,17.0,0,0,0,M,20,A,D,E,E,F
1602,34478.0,3.6,0,0,0,M,20,A,D,E,E,F
1602,34479.0,2.4,0,0,0,M,20,A,D,E,E,F
1602,34480.0,0.0,0,15,0,M,20,A,D,E,E,F
1602,34481.0,11.9,25,0,0,M,20,A,D,E,F,F
1602,34482.0,14.1,25,75,0,M,20,A,D,E,F,F
1602,34483.0,13.5,10,5,15,M,20,A,D,E,F,F
1602,34484.0,2.6,0,30,0,M,20,A,D,E,F,F
1602,34485.0,16.5,10,0,0,M,20,A,D,E,F,F
1602,34486.0,3.8,0,0,0,M,20,A,D,F,F,F
1602,34487.0,10.2,40,65,20,M,20,A,D,F,F,F
1602,34488.0,1.0,35,5,0,M,20,A,D,F,F,F
1602,34489.0,13.5,0,30,0,M,20,A,D,F,F,F
1602,34490.0,7.5,10,45,20,M,20,A,D,F,F,F
1602,34491.0,7.5,0,0,0,M,20,A,D,F,F,F
1602,34492.0,7.5,0,0,0,M,20,A,D,F,F,F
1602,34493.0,7.5,0,0,0,M,20,A,D,F,F,F
1602,34494.0,7.5,0,0,0,M,20,A,D,F,F,F
1602,34495.0,7.5,0,0,0,M,20,A,D,F,F,F
1602,34496.0,7.5,0,0,0,M,20,A,D,F,F,F
1602,34497.0,7.5,0,0,0,M,20,B,D,F,F,F
1602,34498.0,7.5,0,0,0,M,20,E,F,F,F,G
1602,34499.0,7.5,0,0,0,M,20,E,F,F,F,G
1602,34500.0,7.5,0,0,0,M,20,,,,,
1602,34501.0,7.5,0,0,0,M,20,,,,,
1602,34502.0,0.0,50,0,0,M,20,,,,,
1602,34503.0,7.5,0,0,0,M,20,,,,,
1602,34504.0,7.5,0,0,0,M,20,,,,,
1602,34505.0,7.5,0,0,0,M,20,,,,,
1602,34506.0,7.5,0,0,0,M,20,,,,,
1602,34507.0,7.5,0,0,0,M,20,,,,,
1602,34508.0,8.5,10,40,0,M,20,,,,,
1602,34509.0,7.5,0,0,0,M,20,,,,,
1602,34510.0,7.5,0,0,0,M,20,,,,,
1602,34511.0,7.5,0,0,0,M,20,,,,,
1602,34512.0,7.5,0,0,0,M,20,,,,,
1602,34513.0,7.5,0,0,0,M,20,,,,,
1602,34514.0,7.5,0,0,0,M,20,,,,,
1602,34515.0,7.5,0,0,0,M,20,,,,,
1602,34516.0,7.5,0,0,0,M,20,,,,,
1602,34517.0,7.5,0,0,0,M,20,,,,,
1602,34518.0,11.8,40,0,5,M,20,,,,,
702,34519.0,7.5,0,0,0,F,20,A,A,B,B,A
702,34520.0,0.0,0,20,0,F,20,A,A,B,C,A
702,34521.0,12.9,0,20,0,F,20,A,A,B,C,A
702,34522.0,7.5,0,0,0,F,20,A,A,C,C,A
702,34523.0,7.5,0,0,0,F,20,A,A,C,D,B
702,34524.0,4.0,0,0,0,M,20,A,A,D,D,B
702,34525.0,7.5,0,0,0,M,20,A,A,D,D,B
702,34526.0,7.5,0,0,0,M,20,A,A,D,D,C
702,34527.0,7.5,0,0,0,M,20,A,A,D,D,C
702,34528.0,7.5,0,0,0,M,20,A,B,D,D,C
702,34529.0,7.5,0,0,0,M,20,A,B,D,D,C
702,34530.0,0.0,10,10,0,M,20,,,,,
904,34531.0,7.5,0,0,0,F,20,A,A,A,A,A
904,34532.0,7.5,0,0,0,F,20,A,A,A,B,A
904,34533.0,7.5,0,0,0,F,20,A,A,A,B,A
904,34534.0,7.5,0,0,0,F,20,A,A,B,B,A
904,34535.0,7.5,0,0,0,F,20,A,A,B,B,A
904,34536.0,4.4,10,0,10,F,20,A,A,B,B,A
904,34537.0,7.5,0,0,0,F,20,A,A,B,B,A
904,34538.0,4.0,0,25,0,F,20,A,A,C,D,B
904,34539.0,16.7,20,0,0,F,20,A,B,C,D,B
904,34540.0,27.1,20,0,0,F,20,A,B,C,D,B
904,34541.0,17.8,0,0,0,F,20,A,B,D,D,B
904,34542.0,29.9,0,0,0,F,20,A,B,D,D,B
904,34543.0,17.2,0,0,10,F,20,A,B,D,D,B
904,34544.0,8.0,25,30,0,F,20,A,B,D,D,C
904,34545.0,7.5,0,50,100,F,20,A,B,D,D,C
904,34546.0,14.5,0,20,0,F,20,A,B,D,D,C
904,34547.0,26.5,0,25,0,F,20,A,B,D,D,C
904,34548.0,16.5,0,0,0,F,20,A,C,D,D,C
904,34549.0,18.6,0,0,0,F,20,A,D,D,D,C
904,34550.0,1.0,0,15,0,F,20,A,D,D,D,C
904,34551.0,23.4,0,45,0,F,20,A,D,D,D,C
904,34552.0,19.0,0,0,0,F,20,A,D,D,D,C
904,34553.0,15.3,0,10,0,F,20,A,D,D,D,D
904,34554.0,2.0,15,5,20,F,20,A,D,D,D,D
904,34555.0,30.4,0,0,0,F,20,A,D,E,D,D
904,34556.0,18.1,0,0,0,F,20,A,D,E,D,D
904,34557.0,2.0,0,0,20,F,20,A,D,E,D,D
904,34558.0,18.9,0,0,0,F,20,A,D,E,E,D
904,34559.0,10.1,0,0,0,F,20,A,D,E,E,D
904,34560.0,6.8,0,10,0,F,20,A,D,E,E,E
904,34561.0,17.0,0,0,0,F,20,A,D,E,E,E
904,34562.0,3.6,0,0,0,F,20,A,D,E,E,E
904,34563.0,6.0,0,0,0,F,20,A,D,E,E,E
904,34564.0,15.1,0,25,0,F,20,B,D,E,E,E
904,34565.0,3.6,0,0,0,F,20,B,D,E,E,E
904,34566.0,19.1,0,0,0,F,20,B,D,E,E,E
904,34567.0,11.1,20,25,10,F,20,B,D,E,E,E
904,34568.0,19.4,0,0,0,F,20,B,D,E,E,E
904,34569.0,15.8,45,45,10,F,20,B,D,F,E,E
904,34570.0,17.2,0,0,0,F,20,B,D,F,F,E
904,34571.0,8.5,0,0,0,F,20,B,D,F,F,E
904,34572.0,12.3,30,10,0,F,20,B,D,F,F,F
904,34573.0,7.5,0,0,0,F,20,B,D,F,F,F
904,34574.0,6.6,0,0,0,F,20,C,E,F,F,F
904,34575.0,3.6,0,0,10,M,20,E,F,F,F,F
904,34576.0,7.6,0,0,0,M,20,E,F,F,F,F
904,34577.0,13.5,40,45,30,M,20,E,F,F,F,F
904,34578.0,7.5,0,0,0,M,20,,,,,
904,34579.0,14.9,0,0,15,M,20,,,,,
904,34580.0,6.4,0,0,0,M,20,,,,,
904,34581.0,0.0,10,10,50,M,20,,,,,
904,34582.0,15.0,0,15,15,M,20,,,,,
904,34583.0,7.5,0,0,5,M,20,,,,,
904,34584.0,8.5,0,0,0,M,20,,,,,
904,34585.0,2.6,10,0,0,M,20,,,,,
904,34586.0,0.0,0,0,0,M,20,,,,,
904,34587.0,15.0,20,0,0,M,20,,,,,
904,34588.0,7.5,20,30,30,M,20,,,,,
904,34589.0,15.9,10,15,0,M,20,,,,,
904,34590.0,17.4,0,0,0,M,20,,,,,
904,34591.0,1.0,35,5,10,M,20,,,,,
904,34592.0,7.6,0,0,0,M,20,,,,,
904,34593.0,7.5,0,0,10,M,20,,,,,
904,34594.0,14.7,0,20,0,M,20,,,,,
904,34595.0,11.9,25,15,15,M,20,,,,,
904,34596.0,12.1,0,35,0,M,20,,,,,
904,34597.0,4.0,0,20,0,M,20,,,,,
904,34598.0,7.5,10,0,0,M,20,,,,,
904,34599.0,7.5,10,0,0,M,20,,,,,
904,34600.0,7.5,0,0,10,M,20,,,,,
904,34601.0,12.1,25,25,0,M,20,,,,,
904,34602.0,7.5,0,0,10,M,20,,,,,
2001,34603.0,9.1,0,0,0,F,20,A,A,A,A,A
2001,34604.0,18.0,0,0,0,F,20,A,A,B,C,B
2001,34605.0,14.5,20,0,20,F,20,A,A,B,C,B
2001,34606.0,14.1,0,25,0,F,20,A,A,C,C,B
2001,34607.0,30.0,10,0,0,F,20,A,A,C,C,B
2001,34608.0,21.6,55,0,10,F,20,A,A,C,C,B
2001,34609.0,1.0,0,25,0,F,20,A,B,C,C,B
2001,34610.0,7.5,0,0,0,F,20,A,D,D,D,C
2001,34611.0,7.5,0,0,0,F,20,A,D,D,D,C
2001,34612.0,20.6,0,0,0,F,20,A,D,D,D,C
2001,34613.0,0.0,20,45,0,F,20,A,D,D,D,D
2001,34614.0,19.8,0,0,0,F,20,A,D,D,D,D
2001,34615.0,7.5,0,0,0,F,20,A,D,D,D,D
2001,34616.0,11.1,0,20,30,F,20,A,D,D,D,D
2001,34617.0,7.5,0,0,0,F,20,A,D,D,D,D
2001,34618.0,19.8,0,0,0,F,20,A,D,D,D,D
2001,34619.0,7.5,0,0,0,F,20,A,D,D,D,E
2001,34620.0,7.5,0,0,0,F,20,A,D,D,E,E
2001,34621.0,10.5,30,15,20,F,20,A,D,D,E,E
2001,34622.0,9.5,0,60,0,F,20,A,D,D,E,E
2001,34623.0,7.5,0,0,0,F,20,A,D,D,E,E
2001,34624.0,16.2,55,0,50,F,20,A,D,D,E,E
2001,34625.0,7.8,0,0,0,F,20,A,D,E,E,E
2001,34626.0,7.5,0,0,0,F,20,B,D,E,E,E
2001,34627.0,7.5,0,0,0,F,20,B,D,E,E,E
2001,34628.0,19.5,0,0,0,F,20,B,D,E,E,E
2001,34629.0,0.0,0,10,0,F,20,B,D,E,E,E
2001,34630.0,9.7,0,0,0,F,20,B,D,E,E,E
2001,34631.0,0.0,0,45,20,F,20,B,D,E,E,E
2001,34632.0,7.5,0,0,0,M,20,B,D,E,F,F
2001,34633.0,7.5,0,0,0,M,20,B,D,E,F,F
2001,34634.0,7.5,0,0,0,M,20,B,D,F,F,F
2001,34635.0,7.5,0,0,0,M,20,B,D,F,F,F
2001,34636.0,0.0,0,0,0,M,20,B,D,F,F,F
2001,34637.0,0.0,0,0,0,M,20,B,D,F,F,F
2001,34638.0,0.0,0,0,0,M,20,B,D,F,F,F
2001,34639.0,15.0,0,20,20,M,20,B,F,F,F,G
2001,34640.0,0.0,0,0,0,M,20,,,,,
2001,34641.0,8.2,0,0,10,M,20,,,,,
2001,34642.0,11.0,60,60,20,M,20,,,,,
2001,34643.0,15.4,0,20,0,M,20,,,,,
2001,34644.0,7.5,0,0,0,M,20,,,,,
2001,34645.0,7.5,0,0,0,M,20,,,,,
2001,34646.0,0.0,0,35,0,M,20,,,,,
2001,34647.0,7.5,0,0,0,M,20,,,,,
2001,34648.0,20.9,0,0,0,M,20,,,,,
2001,34649.0,21.0,0,0,0,M,20,,,,,
2001,34650.0,7.5,0,0,0,M,20,,,,,
2001,34651.0,7.5,0,0,0,M,20,,,,,
702,34652.0,7.5,0,0,0,F,20,A,A,A,A,A
702,34653.0,18.9,0,0,0,F,20,A,A,A,A,A
702,34654.0,7.5,0,0,0,F,20,A,A,A,A,A
702,34655.0,7.5,0,0,0,F,20,A,A,A,B,A
702,34656.0,28.2,25,0,0,F,20,A,A,A,B,A
702,34657.0,7.5,0,0,0,F,20,A,A,A,B,A
702,34658.0,0.0,0,0,0,F,20,A,A,B,B,A
702,34659.0,31.9,0,0,0,F,20,A,A,B,B,A
702,34660.0,5.2,0,0,0,F,20,A,A,B,B,A
702,34661.0,7.5,0,0,0,F,20,A,A,B,B,A
702,34662.0,11.5,0,45,0,F,20,A,A,B,B,A
702,34663.0,7.5,0,0,0,F,20,A,A,B,B,A
702,34664.0,7.5,0,0,0,F,20,A,A,B,B,A
702,34665.0,18.0,0,0,20,F,20,A,A,B,B,A
702,34666.0,11.7,15,15,30,F,20,A,A,B,B,A
702,34667.0,3.0,0,35,10,F,20,A,A,B,B,A
702,34668.0,12.9,25,0,30,F,20,A,B,B,B,A
702,34669.0,7.5,0,0,0,F,20,A,B,B,B,A
702,34670.0,10.1,0,0,0,F,20,A,B,B,B,A
702,34671.0,20.3,50,0,30,F,20,A,B,B,B,A
702,34672.0,20.0,0,0,0,F,20,A,B,B,B,A
702,34673.0,8.5,0,20,50,F,20,A,B,B,B,A
702,34674.0,14.5,50,0,0,F,20,A,B,B,B,A
702,34675.0,19.4,0,0,0,F,20,A,B,B,B,A
702,34676.0,18.8,0,0,0,F,20,A,B,B,B,A
702,34677.0,10.1,0,0,0,F,20,A,B,B,B,A
702,34678.0,20.0,0,0,0,F,20,A,B,B,B,A
702,34679.0,8.0,0,0,0,F,20,A,B,B,B,A
702,34680.0,2.6,0,45,5,F,20,A,B,B,B,A
702,34681.0,10.1,0,0,0,F,20,A,B,B,B,A
702,34682.0,7.6,50,40,0,F,20,A,B,B,B,A
702,34683.0,10.7,50,0,20,F,20,A,B,B,B,A
702,34684.0,3.4,25,0,0,F,20,A,B,B,B,A
702,34685.0,10.1,0,0,0,F,20,A,D,B,C,A
702,34686.0,9.9,50,0,15,F,20,A,D,B,C,A
702,34687.0,3.4,0,15,0,F,20,A,D,B,C,A
702,34688.0,7.5,25,0,0,F,20,A,D,B,C,A
702,34689.0,20.2,0,0,0,F,20,A,D,B,C,A
702,34690.0,10.1,0,0,0,F,20,A,D,B,C,A
702,34691.0,18.6,0,10,0,F,20,A,D,C,C,A
702,34692.0,10.1,0,0,0,M,20,A,D,C,C,A
702,34693.0,11.8,0,45,0,M,20,A,D,C,C,A
702,34694.0,23.2,15,45,0,M,20,A,D,C,C,A
702,34695.0,4.0,50,0,0,M,20,A,D,C,C,A
702,34696.0,8.5,0,0,15,M,20,A,D,C,C,A
702,34697.0,19.8,0,0,0,M,20,A,D,C,C,B
702,34698.0,8.5,0,0,0,M,20,A,D,C,C,B
702,34699.0,8.5,0,0,0,M,20,A,D,C,C,B
702,34700.0,32.9,0,0,0,M,20,A,D,C,C,B
702,34701.0,8.5,0,0,0,M,20,A,D,C,C,B
702,34702.0,2.0,0,0,0,M,20,A,D,C,C,B
702,34703.0,21.2,0,0,0,M,20,A,D,C,C,B
702,34704.0,11.5,0,0,0,M,20,A,D,C,C,B
702,34705.0,11.8,0,35,15,M,20,A,D,C,D,B
702,34706.0,8.5,0,0,0,M,20,A,D,D,D,B
702,34707.0,20.6,0,0,0,M,20,A,D,D,D,B
702,34708.0,20.0,0,0,0,M,20,A,D,D,D,B
702,34709.0,8.5,0,0,0,M,20,A,D,D,D,B
702,34710.0,9.5,5,0,0,M,20,A,D,D,D,B
702,34711.0,7.5,20,0,0,M,20,A,D,D,D,B
702,34712.0,9.5,0,0,5,M,20,A,D,D,D,B
702,34713.0,19.4,0,0,0,M,20,A,D,D,D,B
702,34714.0,3.0,15,0,35,M,20,A,D,D,D,B
702,34715.0,1.0,0,0,0,M,20,A,D,D,D,B
702,34716.0,17.6,0,20,0,M,20,A,D,D,D,B
702,34717.0,29.7,20,0,0,M,20,A,D,D,D,B
702,34718.0,14.9,0,30,0,M,20,A,D,D,D,B
2402,34719.0,0.0,0,0,0,F,20,A,D,D,D,B
2402,34720.0,7.5,0,0,0,F,20,A,D,D,D,B
2402,34721.0,0.0,0,0,0,F,20,A,D,D,D,B
2402,34722.0,12.9,0,40,20,M,20,A,D,D,D,B
2402,34723.0,2.0,0,25,35,M,20,A,D,D,D,B
2402,34724.0,0.0,0,0,0,M,20,A,D,D,D,C
2402,34725.0,0.0,0,0,0,M,20,A,D,D,D,C
2402,34726.0,0.0,0,0,0,M,20,A,D,D,D,C
2402,34727.0,7.5,0,0,0,M,20,A,D,D,D,C
2402,34728.0,7.5,0,0,0,M,20,A,D,D,D,C
2402,34729.0,29.7,0,25,0,M,20,A,D,D,D,C
2402,34730.0,0.0,0,0,0,M,20,A,D,E,D,D
2402,34731.0,0.0,0,0,0,M,20,A,D,E,E,D
2402,34732.0,7.5,0,0,0,M,20,A,D,E,E,D
2402,34733.0,10.9,60,15,0,M,20,A,D,E,E,D
2402,34734.0,33.3,0,0,0,M,20,A,D,E,E,D
2402,34735.0,9.9,0,0,0,M,20,B,D,E,F,D
2402,34736.0,16.5,0,30,0,M,20,B,F,E,F,D
2402,34737.0,0.0,0,0,0,M,20,C,F,F,F,E
2402,34738.0,0.0,0,0,0,M,20,C,F,F,F,E
2402,34739.0,11.9,0,0,0,M,20,E,F,F,F,F
2402,34740.0,0.0,0,0,0,M,20,,,,,
2402,34741.0,22.5,0,0,0,M,20,,,,,
2402,34742.0,0.0,0,0,0,M,20,,,,,
2402,34743.0,0.0,0,0,0,M,20,,,,,
2402,34744.0,0.0,0,0,0,M,20,,,,,
2402,34745.0,7.5,0,0,0,M,20,,,,,
2402,34746.0,0.0,0,0,0,M,20,,,,,
2402,34747.0,7.5,0,0,0,M,20,,,,,
2402,34748.0,0.0,0,0,0,M,20,,,,,
2402,34749.0,23.4,30,0,35,M,20,,,,,
2402,34750.0,7.5,0,0,0,M,20,,,,,
2402,34751.0,9.5,10,0,0,M,20,,,,,
2402,34752.0,0.0,0,0,0,M,20,,,,,
2402,34753.0,0.0,0,0,0,M,20,,,,,
2402,34754.0,0.0,0,0,0,M,20,,,,,
2402,34755.0,0.0,0,0,0,M,20,,,,,
2402,34756.0,0.0,0,0,0,M,20,,,,,
2402,34757.0,0.0,0,0,0,M,20,,,,,
2402,34758.0,0.0,0,0,0,M,20,,,,,
2402,34759.0,0.0,0,0,0,M,20,,,,,
2402,34760.0,0.0,0,0,0,M,20,,,,,
2001,34761.0,0.0,0,0,0,F,20,A,A,A,A,A
2001,34762.0,0.0,0,0,0,F,20,A,A,A,A,A
2001,34763.0,0.0,0,0,0,F,20,A,A,A,A,A
2001,34764.0,0.0,0,0,0,F,20,A,A,A,A,A
2001,34765.0,7.5,0,25,0,F,20,A,A,A,B,A
2001,34766.0,0.0,0,0,0,F,20,A,A,A,B,A
2001,34767.0,0.0,0,0,0,F,20,A,A,A,B,A
2001,34768.0,11.1,0,0,0,F,20,A,A,A,B,A
2001,34769.0,9.5,10,0,0,F,20,A,A,A,B,A
2001,34770.0,0.0,0,0,0,F,20,A,A,A,B,A
2001,34771.0,0.0,0,45,0,F,20,A,A,A,B,A
2001,34772.0,22.5,0,0,0,F,20,A,A,A,B,A
2001,34773.0,0.0,0,45,0,F,20,A,A,B,B,A
2001,34774.0,21.2,0,0,0,F,20,A,A,B,B,A
2001,34775.0,2.4,25,25,10,F,20,A,B,B,B,A
2001,34776.0,21.4,0,0,0,F,20,A,B,B,B,A
2001,34777.0,22.5,0,0,0,F,20,A,B,B,B,A
2001,34778.0,21.0,50,15,20,F,20,A,B,B,B,A
2001,34779.0,15.3,50,0,0,F,20,A,B,B,B,A
2001,34780.0,22.5,0,0,0,F,20,A,B,B,B,A
2001,34781.0,33.6,0,0,0,F,20,A,B,B,B,A
2001,34782.0,6.8,0,0,0,F,20,A,B,B,B,A
2001,34783.0,9.1,0,0,0,F,20,A,B,B,B,A
2001,34784.0,22.5,0,0,0,F,20,A,D,B,B,A
2001,34785.0,22.5,0,0,0,F,20,A,D,B,B,A
2001,34786.0,6.8,0,0,0,F,20,A,D,B,B,A
2001,34787.0,10.1,10,55,0,F,20,A,D,B,C,A
2001,34788.0,16.0,15,20,10,F,20,A,D,B,C,A
2001,34789.0,11.5,0,0,0,F,20,A,D,B,C,A
2001,34790.0,22.4,0,0,0,F,20,A,D,B,C,A
2001,34791.0,7.5,50,45,5,F,20,A,D,B,C,A
2001,34792.0,9.9,10,0,0,F,20,A,D,B,C,A
2001,34793.0,30.6,0,20,0,F,20,A,D,B,C,A
2001,34794.0,1.4,0,35,0,F,20,A,D,B,C,A
2001,34795.0,19.0,0,15,0,F,20,A,D,B,C,A
2001,34796.0,12.1,0,0,0,F,20,A,D,B,D,A
2001,34797.0,4.6,10,35,0,F,20,A,D,B,D,A
2001,34798.0,22.5,0,0,0,F,20,A,D,B,D,A
2001,34799.0,22.5,0,0,0,F,20,A,D,B,D,A
2001,34800.0,22.5,0,0,0,F,20,A,D,B,D,A
2001,34801.0,22.5,0,0,0,F,20,A,D,B,D,A
2001,34802.0,22.5,0,0,0,F,20,A,D,C,D,A
2001,34803.0,22.5,0,0,0,F,20,A,D,C,D,B
2001,34804.0,22.5,0,0,0,F,20,A,D,C,D,B
2001,34805.0,11.2,0,0,0,F,20,A,D,C,D,B
2001,34806.0,2.4,0,0,30,F,20,A,D,C,D,B
2001,34807.0,22.5,0,0,0,F,20,A,D,C,D,B
2001,34808.0,22.5,0,0,0,F,20,A,D,C,D,B
2001,34809.0,22.5,0,0,0,F,20,A,D,D,D,B
2001,34810.0,5.8,25,0,10,F,20,A,D,D,D,B
2001,34811.0,15.1,20,0,30,F,20,A,D,D,D,B
2001,34812.0,7.0,20,0,10,F,20,A,D,D,D,B
2001,34813.0,0.0,0,45,0,F,20,A,D,D,D,B
2001,34814.0,10.1,0,10,0,F,20,A,D,D,D,B
2001,34815.0,15.1,0,0,0,F,20,A,D,D,D,B
2001,34816.0,2.6,40,75,20,F,20,A,D,D,D,B
2001,34817.0,23.0,0,0,0,F,20,A,D,D,D,B
2001,34818.0,2.0,40,15,10,F,20,A,D,D,D,B
2001,34819.0,9.5,0,0,0,F,20,A,D,D,D,B
2001,34820.0,20.4,0,0,0,F,20,A,D,D,D,B
2001,34821.0,2.0,10,0,0,F,20,B,D,D,D,B
2001,34822.0,22.5,0,0,0,F,20,B,D,D,D,B
2001,34823.0,25.0,0,0,60,F,20,B,D,D,D,B
2001,34824.0,30.8,10,10,0,F,20,B,D,D,D,B
2001,34825.0,9.5,0,0,0,F,20,B,D,D,D,B
2001,34826.0,15.0,0,50,0,F,20,B,D,D,D,B
2001,34827.0,23.2,0,0,0,F,20,B,D,D,D,C
2001,34828.0,17.6,0,20,0,F,20,B,D,D,E,C
2001,34829.0,16.0,10,0,25,F,20,B,D,D,E,C
2001,34830.0,21.6,0,0,0,F,20,B,D,D,E,C
2001,34831.0,15.0,45,0,0,F,20,C,D,D,E,D
2001,34832.0,7.2,0,0,0,F,20,C,D,E,E,D
2001,34833.0,33.8,0,0,0,F,20,C,F,E,E,D
2001,34834.0,17.0,0,40,0,F,20,E,F,E,F,D
2001,34835.0,20.4,0,0,0,F,20,E,F,E,F,E
2001,34836.0,4.4,10,10,30,F,20,,,,,
2001,34837.0,8.6,10,0,10,F,20,,,,,
2001,34838.0,10.8,0,0,0,F,20,,,,,
2001,34839.0,2.6,30,0,0,F,20,,,,,
2001,34840.0,14.3,80,20,30,F,20,,,,,
2001,34841.0,20.4,0,0,0,F,20,,,,,
2001,34842.0,9.5,0,0,0,F,20,,,,,
2001,34843.0,18.0,0,0,15,F,20,,,,,
2001,34844.0,22.5,0,0,0,M,20,,,,,
2001,34845.0,3.2,0,50,0,M,20,,,,,
2001,34846.0,22.4,0,0,0,M,20,,,,,
2001,34847.0,18.8,20,40,40,M,20,,,,,
2001,34848.0,11.9,0,0,0,M,20,,,,,
4004,34849.0,7.5,0,0,0,F,20,A,A,A,A,A
4004,34850.0,7.5,30,0,0,F,20,A,A,A,B,A
4004,34851.0,7.5,0,0,0,F,20,A,A,A,B,A
4004,34852.0,0.0,0,5,5,F,20,A,A,A,B,A
4004,34853.0,19.6,0,0,25,F,20,A,A,A,B,A
4004,34854.0,7.5,0,0,0,F,20,A,A,B,B,A
4004,34855.0,7.5,0,0,0,F,20,A,A,B,B,A
4004,34856.0,7.5,0,0,0,F,20,A,A,B,B,A
4004,34857.0,7.5,0,0,0,F,20,A,A,B,B,A
4004,34858.0,7.5,0,20,10,F,20,A,A,B,B,B
4004,34859.0,12.1,0,0,0,F,20,A,A,B,B,B
4004,34860.0,17.4,40,0,0,F,20,A,A,B,C,B
4004,34861.0,7.5,0,0,0,M,20,A,A,B,C,B
4004,34862.0,22.2,0,0,0,M,20,A,A,B,C,B
4004,34863.0,10.0,0,0,0,M,20,A,A,B,C,B
4004,34864.0,7.5,20,10,0,M,20,A,A,B,C,B
4004,34865.0,7.5,0,0,0,M,20,A,A,B,C,B
4004,34866.0,7.5,0,0,0,M,20,A,A,C,C,B
4004,34867.0,7.5,0,0,0,M,20,A,A,C,C,B
4004,34868.0,10.1,0,0,0,M,20,A,A,C,C,B
4004,34869.0,10.0,0,0,0,M,20,A,A,C,C,B
4004,34870.0,0.0,0,0,10,M,20,A,A,C,C,B
4004,34871.0,7.5,0,25,0,M,20,A,A,C,C,C
4004,34872.0,0.0,0,0,10,M,20,A,A,C,C,C
4004,34873.0,9.5,0,5,0,M,20,A,A,C,D,C
4004,34874.0,7.5,0,0,0,M,20,A,B,C,D,C
4004,34875.0,7.5,0,0,0,M,20,A,B,C,D,C
4004,34876.0,7.5,0,0,0,M,20,A,B,D,D,C
4004,34877.0,1.0,0,0,0,M,20,A,B,D,D,C
4004,34878.0,10.1,0,0,0,M,20,A,B,D,D,C
4004,34879.0,7.5,0,0,0,M,20,A,B,D,D,C
4004,34880.0,7.5,0,0,0,M,20,A,B,D,D,C
4004,34881.0,7.5,0,0,0,M,20,A,B,D,D,C
4004,34882.0,7.5,0,0,0,M,20,A,B,D,D,D
4004,34883.0,7.5,0,0,0,M,20,A,C,D,D,D
4004,34884.0,7.5,0,0,0,M,20,A,C,D,D,D
4004,34885.0,22.5,0,5,0,M,20,A,D,D,D,D
4004,34886.0,7.5,0,0,0,M,20,A,D,D,D,D
4004,34887.0,7.5,0,0,0,M,20,A,D,D,D,D
4004,34888.0,21.9,0,0,0,M,20,A,D,D,D,D
4004,34889.0,7.5,0,0,0,M,20,A,D,D,D,D
4004,34890.0,7.5,0,0,0,M,20,A,D,D,D,D
4004,34891.0,7.5,0,0,0,M,20,A,D,D,D,D
4004,34892.0,7.5,0,0,0,M,20,A,D,D,D,D
4004,34893.0,8.4,30,60,10,M,20,A,D,D,D,D
4004,34894.0,29.1,0,25,10,M,20,A,D,D,D,D
4004,34895.0,7.5,0,0,0,M,20,A,D,D,D,D
4004,34896.0,0.0,0,0,10,M,20,A,D,D,D,D
4004,34897.0,0.0,0,0,10,M,20,A,D,D,D,D
4004,34898.0,7.5,0,0,0,M,20,A,D,D,D,D
4004,34899.0,7.5,0,0,0,M,20,A,D,D,D,E
4004,34900.0,7.5,0,0,0,M,20,A,D,D,D,E
4004,34901.0,7.5,0,0,0,M,20,A,D,D,D,E
4004,34902.0,7.5,0,0,0,M,20,A,D,D,D,E
4004,34903.0,7.8,0,0,0,M,20,A,D,D,D,E
4004,34904.0,7.5,0,0,0,M,20,A,D,D,E,E
4004,34905.0,7.5,0,0,0,M,20,A,D,D,E,E
4004,34906.0,7.5,0,0,0,M,20,A,D,D,E,E
4004,34907.0,7.5,0,0,0,M,20,A,D,D,E,E
4004,34908.0,10.5,0,65,20,M,20,A,D,D,E,E
4004,34909.0,7.5,0,0,0,M,20,A,D,D,E,E
4004,34910.0,7.5,0,0,0,M,20,A,D,D,E,E
4004,34911.0,7.5,0,0,0,M,20,A,D,D,E,E
4004,34912.0,7.4,30,45,15,M,20,A,D,E,E,E
4004,34913.0,7.5,0,0,0,M,20,A,D,E,E,E
4004,34914.0,7.5,0,0,0,M,20,A,D,E,E,E
4004,34915.0,16.3,0,30,0,M,20,A,D,E,E,E
4004,34916.0,1.0,0,0,0,M,20,A,D,E,E,E
4004,34917.0,7.5,0,0,0,M,20,A,D,E,E,E
4004,34918.0,7.5,0,0,0,M,20,A,D,E,E,E
4004,34919.0,7.5,0,0,0,M,20,A,D,E,E,E
4004,34920.0,7.5,0,0,0,M,20,A,D,E,E,E
4004,34921.0,7.5,0,0,0,M,20,A,D,E,E,E
4004,34922.0,7.5,0,0,0,M,20,A,D,E,F,E
4004,34923.0,7.5,0,0,0,M,20,A,D,E,F,F
4004,34924.0,7.5,0,0,0,M,20,A,D,E,F,F
4004,34925.0,6.0,0,10,0,M,20,A,D,E,F,F
4004,34926.0,7.5,0,0,0,M,20,A,D,E,F,F
4004,34927.0,8.2,60,20,20,M,20,A,D,E,F,F
4004,34928.0,7.5,0,0,0,M,20,B,F,E,F,F
4004,34929.0,21.0,0,0,0,M,20,B,F,F,F,F
4004,34930.0,7.5,0,0,0,M,20,B,F,F,F,F
4004,34931.0,7.5,0,0,0,M,20,B,F,F,F,F
4004,34932.0,7.5,0,0,0,M,20,C,F,F,F,F
4004,34933.0,7.5,0,0,0,M,20,E,F,F,F,F
4004,34934.0,7.5,0,0,0,M,20,,,,,
4004,34935.0,16.4,0,30,0,M,20,,,,,
4004,34936.0,7.5,0,0,0,M,20,,,,,
4004,34937.0,7.5,0,0,0,M,20,,,,,
4004,34938.0,30.0,0,30,0,M,20,,,,,
4004,34939.0,10.1,0,0,0,M,20,,,,,
4004,34940.0,23.0,0,0,0,M,20,,,,,
4004,34941.0,7.5,0,0,0,M,20,,,,,
4004,34942.0,7.5,0,0,0,M,20,,,,,
4004,34943.0,7.5,0,0,0,M,20,,,,,
4004,34944.0,3.6,0,0,0,M,20,,,,,
4004,34945.0,7.5,0,0,0,M,20,,,,,
4004,34946.0,7.5,0,0,0,M,20,,,,,
4004,34947.0,1.8,10,30,0,M,20,,,,,
5401,34948.0,10.1,0,0,0,F,20,A,A,A,A,A
5401,34949.0,0.0,0,0,25,F,20,A,A,B,B,A
5401,34950.0,7.5,0,0,0,F,20,A,A,B,B,A
5401,34951.0,7.5,0,0,0,F,20,A,A,B,B,A
5401,34952.0,22.5,5,0,0,F,20,A,A,B,B,A
5401,34953.0,22.6,0,5,0,F,20,A,A,B,B,A
5401,34954.0,1.0,35,40,0,F,20,A,A,B,B,A
5401,34955.0,21.0,0,0,15,F,20,A,A,B,B,A
5401,34956.0,22.5,0,0,0,F,20,A,A,B,B,A
5401,34957.0,22.5,0,0,0,F,20,A,A,B,C,A
5401,34958.0,22.5,0,0,0,F,20,A,A,B,C,A
5401,34959.0,10.5,0,0,0,F,20,A,A,B,C,A
5401,34960.0,27.7,35,0,10,F,20,A,A,B,C,A
5401,34961.0,10.6,0,0,0,F,20,A,A,B,C,A
5401,34962.0,22.5,0,0,0,F,20,A,A,C,C,A
5401,34963.0,16.0,35,0,0,F,20,A,A,C,D,A
5401,34964.0,0.0,0,75,10,F,20,A,B,C,D,A
5401,34965.0,22.5,0,0,0,F,20,A,B,C,D,A
5401,34966.0,21.9,0,0,0,F,20,A,B,D,D,A
5401,34967.0,22.5,0,0,0,F,20,A,B,D,D,A
5401,34968.0,22.5,0,0,0,F,20,A,B,D,D,A
5401,34969.0,22.5,0,0,0,F,20,A,B,D,D,A
5401,34970.0,2.4,85,35,20,F,20,A,B,D,D,A
5401,34971.0,21.2,0,0,0,F,20,A,B,D,D,A
5401,34972.0,6.6,0,10,0,F,20,A,B,D,D,B
5401,34973.0,22.5,0,0,0,F,20,A,B,D,D,B
5401,34974.0,22.5,0,0,0,F,20,A,B,D,D,B
5401,34975.0,22.4,0,0,0,F,20,A,B,D,D,B
5401,34976.0,2.6,0,35,0,F,20,A,D,D,D,B
5401,34977.0,4.8,90,80,30,F,20,A,D,D,D,B
5401,34978.0,23.5,0,0,0,F,20,A,D,D,D,C
5401,34979.0,16.9,0,30,0,F,20,A,D,D,D,C
5401,34980.0,12.7,50,15,10,F,20,A,D,D,D,C
5401,34981.0,0.0,0,0,0,F,20,A,D,D,D,C
5401,34982.0,2.6,10,30,25,F,20,A,D,D,E,C
5401,34983.0,20.8,0,0,10,F,20,A,D,E,E,C
5401,34984.0,29.3,0,35,0,M,20,A,D,E,E,C
5401,34985.0,9.5,20,0,0,M,20,B,D,E,E,C
5401,34986.0,21.2,0,0,0,M,20,B,D,E,E,D
5401,34987.0,22.4,0,0,0,M,20,B,D,E,E,D
5401,34988.0,22.5,0,0,0,M,20,C,D,E,E,E
5401,34989.0,22.5,0,0,0,M,20,C,D,E,E,E
5401,34990.0,22.5,0,0,0,M,20,E,D,E,F,E
5401,34991.0,0.0,0,0,0,M,20,E,D,F,F,E
5401,34992.0,22.5,0,0,0,M,20,E,D,F,F,E
5401,34993.0,0.0,0,0,0,M,20,E,D,F,F,F
5401,34994.0,21.8,0,0,0,M,20,E,F,F,F,F
5401,34995.0,6.4,55,45,0,M,20,,,,,
5401,34996.0,22.5,0,0,0,M,20,,,,,
5401,34997.0,11.1,10,55,20,M,20,,,,,
5401,34998.0,20.2,35,50,10,M,20,,,,,
5401,34999.0,12.9,0,0,0,M,20,,,,,
5401,35000.0,13.9,0,0,0,M,20,,,,,
5401,35001.0,3.4,0,0,0,M,20,,,,,
5401,35002.0,5.0,0,20,10,M,20,,,,,
5401,35003.0,5.4,40,10,0,M,20,,,,,
5401,35004.0,10.9,0,0,0,M,20,,,,,
1501,35005.0,10.8,0,0,0,F,20,A,A,B,A,A
1501,35006.0,21.0,20,0,0,F,20,A,A,B,A,A
1501,35007.0,10.3,25,0,0,F,20,A,A,B,B,A
1501,35008.0,8.4,30,0,0,F,20,A,A,B,B,A
1501,35009.0,12.9,0,0,0,F,20,A,A,B,B,A
1501,35010.0,30.6,10,0,20,F,20,A,A,B,B,A
1501,35011.0,14.0,35,0,25,F,20,A,A,C,C,B
1501,35012.0,12.9,0,0,0,F,20,A,B,C,C,B
1501,35013.0,9.5,10,0,25,F,20,A,B,C,D,B
1501,35014.0,22.0,0,15,0,F,20,A,B,D,D,B
1501,35015.0,16.5,30,0,20,F,20,A,B,D,D,B
1501,35016.0,4.8,35,20,0,F,20,A,B,D,D,B
1501,35017.0,5.6,0,20,0,F,20,A,D,D,D,B
1501,35018.0,22.4,0,0,0,F,20,A,D,D,D,B
1501,35019.0,10.1,20,0,0,F,20,A,D,D,D,B
1501,35020.0,3.2,10,25,0,F,20,A,D,D,D,B
1501,35021.0,35.0,0,0,0,F,20,A,D,D,D,B
1501,35022.0,7.5,70,10,30,M,20,A,D,D,D,B
1501,35023.0,8.5,0,0,0,M,20,A,D,D,D,B
1501,35024.0,20.1,0,100,0,M,20,A,D,D,D,C
1501,35025.0,9.5,0,0,0,M,20,B,D,D,D,C
1501,35026.0,8.5,0,0,0,M,20,B,D,D,E,E
1501,35027.0,8.5,0,0,0,M,20,B,D,D,E,E
1501,35028.0,0.0,70,60,30,M,20,E,F,D,F,E
1501,35029.0,2.0,0,0,0,M,20,,,,,
3202,35030.0,19.4,10,15,5,F,20,A,A,A,B,A
3202,35031.0,35.2,0,0,0,F,20,A,A,A,B,A
3202,35032.0,10.4,30,45,0,F,20,A,A,B,B,A
3202,35033.0,19.4,30,0,0,F,20,A,A,B,B,A
3202,35034.0,7.5,35,0,0,F,20,A,A,B,C,A
3202,35035.0,8.5,0,0,0,F,20,A,B,B,C,A
3202,35036.0,11.7,25,40,0,F,20,A,D,C,C,A
3202,35037.0,7.0,0,10,0,F,20,A,D,C,D,A
3202,35038.0,12.5,10,0,50,F,20,A,D,C,D,B
3202,35039.0,2.0,0,0,0,M,20,A,D,D,D,B
3202,35040.0,7.5,0,35,0,M,20,A,D,D,D,B
3202,35041.0,11.3,10,0,0,M,20,A,D,D,D,B
3202,35042.0,7.5,0,25,10,M,20,A,D,D,D,B
3202,35043.0,12.9,0,0,0,M,20,B,D,D,E,B
3202,35044.0,13.7,30,35,5,M,20,B,D,D,E,C
3202,35045.0,9.5,10,15,0,M,20,B,D,E,E,C
3202,35046.0,22.5,0,0,0,M,20,C,F,F,F,E
1602,35047.0,23.2,0,0,0,F,20,A,A,A,A,A
1602,35048.0,22.5,0,0,0,F,20,A,A,A,A,A
1602,35049.0,9.0,40,0,0,F,20,A,A,A,A,A
1602,35050.0,11.1,0,0,0,F,20,A,A,A,A,A
1602,35051.0,0.0,15,0,0,F,20,A,A,A,A,A
1602,35052.0,11.1,0,0,0,F,20,A,A,B,B,A
1602,35053.0,4.2,30,15,15,F,20,A,A,B,B,A
1602,35054.0,16.6,25,25,0,F,20,A,A,B,B,A
1602,35055.0,11.3,0,0,0,F,20,A,A,B,B,A
1602,35056.0,0.0,0,15,0,F,20,A,A,B,B,A
1602,35057.0,7.5,0,15,0,F,20,A,A,B,B,A
1602,35058.0,22.5,0,0,0,F,20,A,A,B,B,A
1602,35059.0,4.2,0,30,0,F,20,A,A,B,B,A
1602,35060.0,2.0,0,45,0,F,20,A,A,B,B,A
1602,35061.0,2.0,0,45,0,F,20,A,A,B,B,A
1602,35062.0,21.4,20,0,0,F,20,A,A,B,B,A
1602,35063.0,18.6,30,0,10,F,20,A,A,B,B,A
1602,35064.0,22.7,0,0,0,F,20,A,A,B,B,A
1602,35065.0,11.1,0,0,0,F,20,A,A,B,B,A
1602,35066.0,22.5,0,0,0,F,20,A,A,B,B,A
1602,35067.0,7.5,0,0,40,F,20,A,A,B,B,A
1602,35068.0,10.1,0,0,0,F,20,A,B,B,B,A
1602,35069.0,7.5,0,10,0,F,20,A,B,B,B,A
1602,35070.0,0.0,50,0,40,F,20,A,B,B,B,A
1602,35071.0,19.9,25,5,0,F,20,A,B,B,B,A
1602,35072.0,10.1,0,0,0,F,20,A,B,B,C,A
1602,35073.0,4.2,30,0,0,F,20,A,B,B,C,A
1602,35074.0,8.9,0,0,0,F,20,A,B,B,C,A
1602,35075.0,8.9,0,0,0,F,20,A,B,B,C,A
1602,35076.0,2.0,30,15,0,F,20,A,B,B,C,A
1602,35077.0,23.4,0,0,0,F,20,A,B,B,C,A
1602,35078.0,20.5,55,45,0,F,20,A,B,C,C,A
1602,35079.0,15.0,0,0,0,F,20,A,B,C,C,A
1602,35080.0,23.4,0,0,0,F,20,A,B,C,C,A
1602,35081.0,22.5,0,0,0,F,20,A,B,C,C,A
1602,35082.0,23.5,50,30,0,F,20,A,B,C,C,A
1602,35083.0,22.5,0,0,0,F,20,A,B,C,C,A
1602,35084.0,10.3,20,45,30,F,20,A,B,C,D,A
1602,35085.0,15.0,25,0,40,F,20,A,B,C,D,A
1602,35086.0,22.5,0,0,0,F,20,A,B,C,D,A
1602,35087.0,18.6,20,20,0,F,20,A,B,C,D,A
1602,35088.0,11.1,0,0,0,F,20,A,B,C,D,A
1602,35089.0,0.0,25,0,0,F,20,A,B,C,D,A
1602,35090.0,7.5,0,0,10,F,20,A,B,C,D,A
1602,35091.0,8.8,10,15,5,F,20,A,B,C,D,B
1602,35092.0,0.0,5,0,10,F,20,A,D,D,D,B
1602,35093.0,0.0,0,10,5,F,20,A,D,D,D,B
1602,35094.0,7.8,20,45,45,F,20,A,D,D,D,B
1602,35095.0,1.0,5,5,0,F,20,A,D,D,D,B
1602,35096.0,15.7,15,30,15,M,20,A,D,D,D,B
1602,35097.0,22.5,0,0,0,M,20,A,D,D,D,B
1602,35098.0,6.2,20,0,30,M,20,A,D,D,D,B
1602,35099.0,20.6,0,20,0,M,20,A,D,D,D,B
1602,35100.0,22.5,0,0,0,M,20,A,D,D,D,B
1602,35101.0,9.5,55,30,0,M,20,A,D,D,D,B
1602,35102.0,22.5,0,0,0,M,20,A,D,D,D,B
1602,35103.0,22.5,0,0,0,M,20,A,D,D,D,B
1602,35104.0,22.5,0,0,0,M,20,A,D,D,D,B
1602,35105.0,22.5,0,0,0,M,20,A,D,D,D,B
1602,35106.0,22.5,0,0,0,M,20,A,D,D,D,B
1602,35107.0,24.7,0,0,0,M,20,A,D,D,D,B
1602,35108.0,22.5,0,0,0,M,20,A,D,D,D,B
1602,35109.0,11.5,0,0,0,M,20,A,D,D,D,B
1602,35110.0,12.9,0,0,0,M,20,A,D,D,D,B
1602,35111.0,22.5,0,0,0,M,20,A,D,D,D,B
1602,35112.0,7.5,0,20,0,M,20,A,D,D,D,B
1602,35113.0,32.8,20,0,0,M,20,A,D,D,D,B
1602,35114.0,15.1,55,0,10,M,20,A,D,D,D,B
1602,35115.0,13.7,0,0,0,M,20,A,D,D,D,B
1602,35116.0,15.7,10,50,0,M,20,A,D,D,D,B
1602,35117.0,22.5,0,0,0,M,20,A,D,D,D,C
1602,35118.0,14.5,30,35,5,M,20,A,D,D,D,C
1602,35119.0,9.5,0,15,0,M,20,A,D,D,D,C
1602,35120.0,22.5,0,0,0,M,20,A,D,D,E,C
1602,35121.0,22.5,0,0,0,M,20,A,D,D,E,C
1602,35122.0,22.5,0,0,0,M,20,A,D,D,E,C
1602,35123.0,22.5,0,0,0,M,20,A,D,D,E,C
1602,35124.0,22.4,0,0,0,M,20,A,D,D,E,C
1602,35125.0,22.5,0,0,0,M,20,A,D,E,E,D
1602,35126.0,17.0,0,35,0,M,20,A,D,E,E,D
1602,35127.0,22.5,0,0,0,M,20,A,D,E,E,D
1602,35128.0,9.1,0,0,0,M,20,B,F,E,E,D
1602,35129.0,10.3,0,0,0,M,20,B,F,E,F,D
1602,35130.0,22.5,0,0,0,M,20,B,F,E,F,E
1602,35131.0,2.6,50,0,30,M,20,B,F,E,F,E
1602,35132.0,23.6,0,0,0,M,20,E,F,F,F,E
1602,35133.0,22.5,0,0,0,M,20,,,,,
1602,35134.0,22.5,0,0,0,M,20,,,,,
1602,35135.0,15.1,10,45,10,M,20,,,,,
1602,35136.0,21.0,0,15,0,M,20,,,,,
1602,35137.0,16.6,10,30,0,M,20,,,,,
1602,35138.0,9.1,0,0,0,M,20,,,,,
1602,35139.0,30.0,0,40,0,M,20,,,,,
1602,35140.0,15.0,50,0,0,M,20,,,,,
3002,35141.0,16.6,25,20,10,F,20,A,A,A,B,A
3002,35142.0,7.6,50,0,70,F,20,A,A,B,B,A
3002,35143.0,8.9,20,15,0,F,20,A,A,B,B,A
3002,35144.0,15.0,0,0,0,M,20,A,A,B,B,A
3002,35145.0,15.9,0,45,0,M,20,A,A,B,B,A
3002,35146.0,12.1,0,0,0,M,20,A,B,B,B,A
3002,35147.0,12.1,0,0,0,M,20,A,B,B,B,A
3002,35148.0,10.7,0,0,0,M,20,A,B,B,B,A
3002,35149.0,15.0,0,0,0,M,20,A,B,B,C,A
3002,35150.0,12.1,0,0,0,M,20,A,B,B,C,B
3002,35151.0,4.4,40,90,10,M,20,A,D,B,C,B
3002,35152.0,7.5,80,0,30,M,20,A,D,B,D,B
3002,35153.0,2.0,10,50,20,M,20,A,D,C,D,B
3002,35154.0,4.4,0,35,0,M,20,A,D,C,D,B
3002,35155.0,25.1,0,45,30,M,20,A,D,C,D,B
3002,35156.0,8.9,20,0,0,M,20,A,D,C,D,B
3002,35157.0,23.9,0,0,0,M,20,A,D,D,D,B
3002,35158.0,12.1,0,0,0,M,20,B,D,D,D,B
3002,35159.0,9.5,0,0,0,M,20,B,D,D,D,C
3002,35160.0,13.3,0,0,5,M,20,B,D,D,D,C
702,35161.0,14.7,0,0,0,F,20,A,D,B,C,A
702,35162.0,17.4,25,15,0,F,20,A,D,B,C,A
702,35163.0,5.4,15,45,0,F,20,A,D,B,D,B
702,35164.0,0.0,0,0,0,F,20,A,D,B,D,B
702,35165.0,3.2,0,45,0,F,20,A,D,C,D,B
702,35166.0,11.1,0,0,10,F,20,A,D,C,D,B
702,35167.0,0.0,0,0,0,F,20,A,D,C,D,B
702,35168.0,0.0,0,0,0,F,20,A,D,C,D,B
702,35169.0,12.5,0,0,0,F,20,A,D,C,D,B
702,35170.0,10.1,0,0,0,M,20,A,D,C,D,B
702,35171.0,10.1,0,0,0,M,20,A,D,C,D,B
702,35172.0,2.4,10,0,0,M,20,A,D,C,D,B
702,35173.0,10.5,0,35,50,M,20,A,D,C,D,B
702,35174.0,3.6,0,0,0,M,20,A,D,C,D,B
702,35175.0,21.4,25,0,0,M,20,A,D,C,D,B
702,35176.0,0.0,15,0,0,M,20,A,D,C,D,B
702,35177.0,7.5,0,10,15,M,20,A,D,D,D,C
702,35178.0,7.5,0,15,0,M,20,B,D,D,D,C
702,35179.0,4.8,0,0,0,M,20,B,D,D,D,C
702,35180.0,7.5,0,20,15,M,20,B,D,D,D,C
702,35181.0,0.0,0,0,0,M,20,B,D,D,D,C
702,35182.0,15.0,0,60,0,M,20,B,D,D,D,D
702,35183.0,11.7,25,0,0,M,20,B,D,D,D,D
702,35184.0,0.0,0,0,0,M,20,B,D,D,D,D
702,35185.0,20.4,0,20,0,M,20,B,D,D,E,D
702,35186.0,29.2,50,0,0,M,20,B,D,D,E,D
702,35187.0,7.0,30,20,0,M,20,B,D,E,E,D
702,35188.0,5.0,0,0,0,M,20,B,D,E,E,E
702,35189.0,13.1,10,0,0,M,20,B,D,E,F,E
702,35190.0,0.0,0,0,0,M,20,,,,,
702,35191.0,4.2,25,35,10,M,20,,,,,
3202,35192.0,11.7,40,15,40,F,20,A,A,A,B,A
3202,35193.0,18.0,0,50,0,F,20,A,A,A,B,A
3202,35194.0,14.5,0,0,0,F,20,A,A,A,B,A
3202,35195.0,23.4,0,0,0,F,20,A,A,A,B,A
3202,35196.0,0.0,0,25,0,F,20,A,A,B,B,A
3202,35197.0,11.3,0,0,0,F,20,A,A,B,B,A
3202,35198.0,7.5,0,15,0,F,20,A,A,B,C,A
3202,35199.0,8.5,10,0,0,F,20,A,B,B,C,A
3202,35200.0,26.1,0,0,0,F,20,A,C,B,C,A
3202,35201.0,25.8,0,0,0,F,20,A,D,B,C,A
3202,35202.0,0.0,0,0,0,F,20,A,D,B,D,A
3202,35203.0,10.4,25,75,0,F,20,A,D,C,D,A
3202,35204.0,0.0,0,0,0,F,20,A,D,C,D,A
3202,35205.0,10.1,10,0,20,F,20,A,D,C,D,B
3202,35206.0,12.4,0,0,0,F,20,A,D,C,D,B
3202,35207.0,7.0,10,0,40,F,20,A,D,D,D,B
3202,35208.0,10.0,0,0,0,F,20,A,D,D,D,B
3202,35209.0,10.1,0,0,0,F,20,A,D,D,D,B
3202,35210.0,0.0,0,0,0,M,20,A,D,D,D,B
3202,35211.0,15.0,20,0,50,M,20,A,D,D,D,B
3202,35212.0,11.1,10,15,0,M,20,A,D,D,D,B
3202,35213.0,0.0,0,0,0,M,20,B,D,D,D,B
3202,35214.0,24.6,0,0,0,M,20,B,D,D,D,B
3202,35215.0,7.0,30,0,20,M,20,B,D,D,D,B
3202,35216.0,15.0,0,0,0,M,20,B,D,D,D,B
3202,35217.0,3.4,0,30,15,M,20,B,D,D,E,C
3202,35218.0,23.2,10,0,0,M,20,D,D,E,E,D
3202,35219.0,15.0,0,0,0,M,20,E,D,F,E,D
3202,35220.0,15.0,0,0,0,M,20,,,,,
3202,35221.0,10.3,30,0,0,M,20,,,,,
3202,35222.0,15.0,0,0,0,M,20,,,,,
3202,35223.0,18.7,30,0,20,M,20,,,,,
3202,35224.0,15.0,0,0,0,M,20,,,,,
3202,35225.0,15.0,0,0,0,M,20,,,,,
3202,35226.0,15.0,0,0,0,M,20,,,,,
2001,35227.0,15.0,0,0,0,F,20,A,D,D,D,B
2001,35228.0,15.1,0,0,0,F,20,A,D,D,D,B
2001,35229.0,23.6,0,0,0,F,20,A,D,D,D,B
2001,35230.0,18.4,20,15,15,F,20,A,D,D,D,B
2001,35231.0,15.0,0,0,0,F,20,A,D,D,D,B
2001,35232.0,15.0,0,0,0,F,20,A,D,D,D,B
2001,35233.0,15.0,0,0,0,F,20,A,D,D,D,B
2001,35234.0,15.0,0,0,0,F,20,A,D,D,D,B
2001,35235.0,15.0,0,0,0,F,20,A,D,D,D,B
2001,35236.0,15.0,0,0,0,F,20,A,D,D,D,B
2001,35237.0,15.0,0,0,0,F,20,A,D,D,D,B
2001,35238.0,16.0,0,0,0,F,20,A,D,D,D,B
2001,35239.0,15.0,25,25,25,F,20,A,D,D,D,B
2001,35240.0,15.0,0,0,0,F,20,A,D,D,D,B
2001,35241.0,15.0,0,0,0,F,20,A,D,D,D,B
2001,35242.0,15.0,0,0,0,F,20,A,D,D,D,B
2001,35243.0,10.3,15,5,10,F,20,A,D,D,D,B
2001,35244.0,9.5,0,0,5,F,20,A,D,D,D,B
2001,35245.0,2.6,0,0,10,F,20,A,D,D,D,B
2001,35246.0,24.4,40,25,20,F,20,A,D,D,D,B
2001,35247.0,15.0,0,0,0,F,20,A,D,D,D,B
2001,35248.0,15.0,0,0,0,F,20,A,D,D,D,B
2001,35249.0,11.9,20,0,0,F,20,A,D,D,D,B
2001,35250.0,1.4,40,50,0,F,20,B,D,D,D,B
2001,35251.0,15.0,0,0,0,F,20,B,D,D,D,C
2001,35252.0,15.0,0,0,0,M,20,B,D,D,D,C
2001,35253.0,15.0,0,0,0,M,20,B,D,E,D,C
2001,35254.0,15.0,0,0,0,M,20,B,D,E,D,C
2001,35255.0,10.0,0,25,0,M,20,B,D,E,D,C
2001,35256.0,15.0,0,0,0,M,20,B,D,E,D,D
2001,35257.0,15.0,0,0,0,M,20,B,D,E,D,D
2001,35258.0,15.0,30,45,0,M,20,B,D,E,E,D
2001,35259.0,15.0,0,0,0,M,20,C,D,E,E,D
2001,35260.0,15.0,0,0,0,M,20,E,D,E,E,D
2001,35261.0,10.5,30,0,0,M,20,E,D,E,E,D
2001,35262.0,15.0,0,0,0,M,20,E,E,F,E,E
2001,35263.0,22.5,0,25,0,M,20,E,F,F,F,F
2001,35264.0,13.9,15,30,35,M,20,,,,,
2001,35265.0,13.3,65,0,20,M,20,,,,,
2001,35266.0,15.0,0,0,0,M,20,,,,,
2001,35267.0,15.0,0,0,0,M,20,,,,,
2001,35268.0,15.0,0,0,0,M,20,,,,,
2001,35269.0,15.0,0,0,0,M,20,,,,,
2001,35270.0,15.0,0,0,0,M,20,,,,,
2001,35271.0,15.0,0,0,0,M,20,,,,,
1502,35272.0,15.0,0,0,0,F,20,A,A,A,B,A
1502,35273.0,15.0,0,0,0,F,20,A,A,A,B,A
1502,35274.0,15.0,0,0,0,F,20,A,A,B,B,A
1502,35275.0,15.0,0,0,0,F,20,A,A,B,B,A
1502,35276.0,15.0,0,0,0,F,20,A,B,B,B,A
1502,35277.0,15.0,0,0,0,F,20,A,B,B,C,A
1502,35278.0,11.7,0,0,25,F,20,A,B,C,C,A
1502,35279.0,12.5,75,0,0,F,20,A,C,C,C,B
1502,35280.0,24.5,0,0,0,F,20,A,C,C,C,B
1502,35281.0,37.4,0,0,0,F,20,A,D,C,C,B
1502,35282.0,5.6,0,0,0,F,20,A,D,C,C,B
1502,35283.0,37.5,0,0,0,F,20,A,D,C,D,B
1502,35284.0,20.4,55,60,0,F,20,A,D,D,D,B
1502,35285.0,2.0,0,0,15,F,20,A,D,D,D,B
1502,35286.0,25.4,0,0,0,F,20,A,D,D,D,B
1502,35287.0,37.5,0,0,0,F,20,A,D,D,D,B
1502,35288.0,37.5,0,0,0,F,20,A,D,D,D,B
1502,35289.0,13.3,0,0,0,M,20,A,D,D,D,B
1502,35290.0,8.5,0,0,15,M,20,A,D,D,D,B
1502,35291.0,9.1,55,45,0,M,20,A,D,D,D,B
1502,35292.0,17.0,0,0,0,M,20,A,D,D,E,C
1502,35293.0,12.5,50,35,10,M,20,A,D,D,E,C
1502,35294.0,10.7,0,0,0,M,20,A,D,D,E,C
1502,35295.0,11.9,0,0,0,M,20,A,D,D,E,C
1502,35296.0,11.0,0,0,0,M,20,B,D,D,E,C
1502,35297.0,10.9,0,0,0,M,20,B,D,D,E,C
1502,35298.0,18.3,30,0,25,M,20,B,D,D,E,D
1502,35299.0,4.8,50,0,20,M,20,B,D,E,E,E
1502,35300.0,33.2,30,0,0,M,20,B,D,E,F,E
1502,35301.0,3.0,10,0,0,M,20,B,D,E,F,F
1502,35302.0,11.0,25,70,10,M,20,D,F,F,F,G
3502,35303.0,22.0,0,25,5,F,20,A,A,A,A,A
3502,35304.0,4.4,0,0,0,F,20,A,A,A,B,A
3502,35305.0,12.2,20,0,0,F,20,A,A,A,B,A
3502,35306.0,32.9,0,30,0,F,20,A,A,B,B,A
3502,35307.0,25.1,0,0,0,F,20,A,A,B,B,A
3502,35308.0,22.7,90,10,0,F,20,A,A,B,B,A
3502,35309.0,8.9,20,25,0,F,20,A,A,B,B,A
3502,35310.0,15.5,0,0,0,F,20,A,A,B,B,A
3502,35311.0,12.7,25,35,15,F,20,A,A,B,B,A
3502,35312.0,15.9,25,5,40,F,20,A,A,B,B,A
3502,35313.0,12.0,0,0,0,F,20,A,A,B,B,A
3502,35314.0,10.9,0,0,0,F,20,A,A,B,C,A
3502,35315.0,24.2,0,0,0,F,20,A,A,C,C,A
3502,35316.0,9.5,0,10,0,F,20,A,A,C,C,A
3502,35317.0,4.2,0,0,0,F,20,A,A,C,C,A
3502,35318.0,5.6,0,0,0,F,20,A,B,C,C,A
3502,35319.0,10.9,0,0,0,F,20,A,B,C,D,A
3502,35320.0,22.4,0,10,0,F,20,A,B,C,D,A
3502,35321.0,9.2,35,5,0,F,20,A,B,C,D,B
3502,35322.0,21.5,0,15,0,F,20,A,C,C,D,B
3502,35323.0,10.9,0,0,0,F,20,A,C,C,D,B
3502,35324.0,4.4,30,30,0,F,20,A,D,C,D,B
3502,35325.0,11.9,0,0,0,F,20,A,D,C,D,B
3502,35326.0,15.2,0,0,0,M,20,A,D,C,D,B
3502,35327.0,20.5,30,0,10,M,20,A,D,C,D,B
3502,35328.0,3.0,10,0,0,M,20,A,D,D,D,B
3502,35329.0,14.5,40,0,40,M,20,A,D,D,D,B
3502,35330.0,15.0,0,0,0,M,20,A,D,D,D,B
3502,35331.0,22.0,0,15,0,M,20,A,D,D,D,B
3502,35332.0,11.1,10,0,0,M,20,A,D,D,D,B
3502,35333.0,7.5,0,45,10,M,20,A,D,D,D,B
3502,35334.0,4.8,0,0,0,M,20,A,D,D,D,B
3502,35335.0,15.0,0,0,0,M,20,A,D,D,D,B
3502,35336.0,16.5,25,0,45,M,20,A,D,D,D,B
3502,35337.0,15.6,0,0,0,M,20,A,D,D,D,B
3502,35338.0,11.1,0,0,0,M,20,A,D,D,D,B
3502,35339.0,7.5,0,0,0,M,20,A,D,D,D,B
3502,35340.0,7.5,0,0,0,M,20,A,D,D,D,C
3502,35341.0,15.0,0,0,0,M,20,A,D,D,D,C
3502,35342.0,15.3,30,90,30,M,20,A,D,D,D,C
3502,35343.0,15.9,0,0,0,M,20,A,D,D,D,C
3502,35344.0,13.5,0,0,0,M,20,B,D,D,E,C
3502,35345.0,13.7,0,0,0,M,20,B,D,D,E,C
3502,35346.0,0.0,0,0,0,M,20,B,D,E,E,C
3502,35347.0,3.0,0,0,0,M,20,B,D,E,E,D
3502,35348.0,15.0,0,0,0,M,20,B,D,E,E,D
3502,35349.0,5.8,25,10,0,M,20,B,D,E,E,D
3502,35350.0,7.5,40,0,0,M,20,B,D,E,E,D
3502,35351.0,15.0,0,5,0,M,20,B,D,E,F,D
3502,35352.0,3.4,10,0,0,M,20,B,D,E,F,D
3502,35353.0,15.9,0,0,0,M,20,B,D,E,F,E
3502,35354.0,2.6,5,0,10,M,20,B,D,E,F,E
3502,35355.0,15.0,0,0,0,M,20,C,D,E,F,E
3502,35356.0,16.5,20,20,30,M,20,E,D,F,F,F
3502,35357.0,10.9,0,25,0,M,20,E,F,F,F,F
3502,35358.0,21.0,0,0,40,M,20,,,,,
3502,35359.0,0.0,30,0,0,M,20,,,,,
3502,35360.0,13.5,0,0,0,M,20,,,,,
3502,35361.0,15.0,0,0,0,M,20,,,,,
1402,35362.0,7.5,0,0,0,F,20,A,A,A,B,A
1402,35363.0,19.8,10,20,0,F,20,A,A,A,B,A
1402,35364.0,12.7,50,0,50,F,20,A,A,B,B,A
1402,35365.0,15.0,0,0,0,F,20,A,D,B,C,A
1402,35366.0,11.1,0,0,0,F,20,A,D,B,C,A
1402,35367.0,3.6,20,50,10,F,20,A,D,C,C,B
1402,35368.0,12.9,20,70,5,F,20,A,D,C,C,B
1402,35369.0,0.0,30,45,0,F,20,A,D,C,C,B
1402,35370.0,15.0,0,0,0,F,20,A,D,C,C,B
1402,35371.0,2.4,0,60,0,F,20,A,D,C,D,B
1402,35372.0,11.3,0,0,0,F,20,A,D,C,D,B
1402,35373.0,26.4,20,0,55,M,20,A,D,D,D,B
1402,35374.0,15.0,60,15,5,M,20,A,D,D,D,B
1402,35375.0,10.5,10,15,10,M,20,A,D,D,D,B
1402,35376.0,21.0,0,30,10,M,20,A,D,D,D,B
1402,35377.0,2.4,15,0,0,M,20,B,D,D,D,B
1402,35378.0,17.7,50,0,10,M,20,B,D,D,D,D
1402,35379.0,15.0,0,5,0,M,20,B,D,D,D,D
1402,35380.0,15.0,0,0,0,M,20,B,D,E,D,E
1402,35381.0,16.0,0,45,15,M,20,B,D,E,E,E
1402,35382.0,14.1,0,0,0,M,20,B,F,E,E,E
1402,35383.0,0.0,0,0,0,M,20,B,F,E,F,F
1602,35384.0,0.0,0,0,0,F,20,A,A,A,B,A
1602,35385.0,10.6,10,10,15,F,20,A,A,B,B,A
1602,35386.0,11.1,20,0,0,F,20,A,A,B,B,A
1602,35387.0,26.2,0,0,0,F,20,A,A,B,B,A
1602,35388.0,27.1,0,0,0,F,20,A,A,B,B,A
1602,35389.0,13.5,25,0,0,F,20,A,A,C,B,A
1602,35390.0,2.0,10,0,10,F,20,A,A,C,B,A
1602,35391.0,30.8,0,50,0,F,20,A,A,C,C,A
1602,35392.0,4.0,10,0,0,F,20,A,A,D,D,A
1602,35393.0,11.5,0,0,0,F,20,A,A,D,D,A
1602,35394.0,8.8,0,20,0,F,20,A,A,D,D,A
1602,35395.0,5.0,0,0,0,F,20,A,A,D,D,A
1602,35396.0,0.0,0,0,0,F,20,A,B,D,D,B
1602,35397.0,25.1,0,15,0,F,20,A,B,D,D,B
1602,35398.0,0.0,0,15,20,F,20,A,D,D,D,B
1602,35399.0,25.0,40,0,50,F,20,A,D,D,D,B
1602,35400.0,1.0,0,5,0,F,20,A,D,D,D,B
1602,35401.0,21.8,0,20,0,F,20,A,D,D,D,B
1602,35402.0,10.3,30,0,10,F,20,A,D,D,D,B
1602,35403.0,26.2,0,0,0,F,20,A,D,D,D,B
1602,35404.0,16.0,0,0,0,F,20,A,D,D,D,B
1602,35405.0,0.0,0,0,0,F,20,A,D,D,D,B
1602,35406.0,4.6,0,45,0,F,20,A,D,D,D,B
1602,35407.0,16.0,0,0,0,F,20,A,D,D,D,B
1602,35408.0,0.0,0,0,0,F,20,A,D,D,D,C
1602,35409.0,0.0,0,0,0,F,20,A,D,D,E,C
1602,35410.0,23.8,30,0,0,F,20,A,D,E,E,C
1602,35411.0,11.5,0,0,0,F,20,A,D,E,E,C
1602,35412.0,2.8,0,45,15,F,20,A,D,E,E,C
1602,35413.0,18.1,50,0,10,F,20,A,D,E,F,D
1602,35414.0,15.4,50,15,10,M,20,B,D,F,F,D
1602,35415.0,16.0,0,0,0,M,20,B,D,F,F,D
1602,35416.0,9.2,0,15,0,M,20,B,D,F,F,E
1602,35417.0,16.0,0,0,0,M,20,E,E,F,F,E
2402,35418.0,4.0,0,50,0,F,20,A,A,A,B,A
2402,35419.0,0.0,0,0,0,F,20,A,A,A,B,A
2402,35420.0,3.6,10,60,15,F,20,A,A,A,B,A
2402,35421.0,20.4,50,60,10,F,20,A,A,A,B,A
2402,35422.0,4.2,40,35,5,F,20,A,A,A,B,A
2402,35423.0,16.1,0,0,0,F,20,A,A,B,B,A
2402,35424.0,0.0,35,0,0,F,20,A,A,B,B,A
2402,35425.0,11.1,5,0,0,F,20,A,A,B,B,A
2402,35426.0,16.9,30,25,0,F,20,A,A,B,B,A
2402,35427.0,14.9,10,0,0,F,20,A,A,B,B,A
2402,35428.0,26.3,0,0,20,F,20,A,A,B,B,A
2402,35429.0,16.6,20,30,25,F,20,A,A,B,C,A
2402,35430.0,16.4,0,0,0,F,20,A,A,B,C,A
2402,35431.0,7.5,0,30,0,F,20,A,A,B,C,A
2402,35432.0,35.0,0,0,25,F,20,A,A,B,C,A
2402,35433.0,34.3,0,30,0,F,20,A,A,B,C,A
2402,35434.0,21.4,0,25,10,F,20,A,A,B,C,A
2402,35435.0,14.5,0,0,0,F,20,A,A,B,C,A
2402,35436.0,26.4,0,0,0,F,20,A,A,B,C,A
2402,35437.0,11.9,0,0,0,F,20,A,A,C,C,A
2402,35438.0,11.9,0,0,0,F,20,A,A,C,C,A
2402,35439.0,11.9,0,0,0,F,20,A,A,C,C,A
2402,35440.0,16.4,30,45,0,F,20,A,A,C,D,A
2402,35441.0,23.6,0,25,0,F,20,A,B,C,D,A
2402,35442.0,14.3,0,0,0,F,20,A,B,C,D,A
2402,35443.0,22.6,40,0,0,F,20,A,B,C,D,A
2402,35444.0,2.4,20,0,0,F,20,A,B,D,D,B
2402,35445.0,3.0,0,60,0,F,20,A,B,D,D,B
2402,35446.0,24.5,5,15,0,F,20,A,D,D,D,B
2402,35447.0,10.5,10,0,0,F,20,A,D,D,D,B
2402,35448.0,15.0,0,0,10,F,20,A,D,D,D,B
2402,35449.0,12.1,15,0,15,F,20,A,D,D,D,B
2402,35450.0,16.6,0,0,0,F,20,A,D,D,D,B
2402,35451.0,4.4,30,50,0,F,20,A,D,D,D,B
2402,35452.0,16.1,50,0,30,F,20,A,D,D,D,B
2402,35453.0,7.5,45,15,0,F,20,A,D,D,D,B
2402,35454.0,13.3,0,0,0,F,20,A,D,D,D,B
2402,35455.0,7.5,0,30,0,F,20,A,D,D,D,B
2402,35456.0,2.0,0,0,0,F,20,A,D,D,D,B
2402,35457.0,7.5,0,30,0,F,20,A,D,D,D,B
2402,35458.0,14.5,0,0,0,M,20,A,D,D,D,B
2402,35459.0,7.5,0,30,0,M,20,A,D,D,D,B
2402,35460.0,9.5,0,25,0,M,20,A,D,D,D,B
2402,35461.0,9.5,0,25,0,M,20,A,D,D,D,B
2402,35462.0,16.7,30,40,5,M,20,A,D,D,D,B
2402,35463.0,17.5,0,0,0,M,20,A,D,D,D,B
2402,35464.0,15.2,20,0,0,M,20,A,D,D,D,B
2402,35465.0,25.4,0,0,0,M,20,A,D,D,D,B
2402,35466.0,12.1,0,30,0,M,20,A,D,D,D,B
2402,35467.0,25.2,0,0,0,M,20,A,D,D,D,C
2402,35468.0,15.0,10,0,0,M,20,A,D,D,D,C
2402,35469.0,15.0,0,0,10,M,20,A,D,D,D,C
2402,35470.0,8.5,0,45,10,M,20,A,D,D,E,C
2402,35471.0,15.0,0,0,0,M,20,A,D,D,E,C
2402,35472.0,7.5,0,0,0,M,20,A,D,D,E,C
2402,35473.0,15.0,0,0,0,M,20,A,D,D,E,C
2402,35474.0,23.1,0,10,10,M,20,A,D,D,E,C
2402,35475.0,7.5,0,0,0,M,20,A,D,E,E,C
2402,35476.0,14.9,0,0,0,M,20,A,D,E,E,C
2402,35477.0,7.5,0,0,0,M,20,A,D,E,E,C
2402,35478.0,15.0,0,0,0,M,20,A,D,E,E,D
2402,35479.0,15.0,0,0,0,M,20,A,D,E,E,D
2402,35480.0,15.0,0,0,0,M,20,A,D,E,F,D
2402,35481.0,14.7,0,0,0,M,20,A,D,E,F,D
2402,35482.0,15.0,0,0,0,M,20,A,D,E,F,D
2402,35483.0,15.0,0,0,0,M,20,A,D,E,F,D
2402,35484.0,15.0,0,0,0,M,20,B,D,E,F,D
2402,35485.0,15.0,0,0,15,M,20,B,D,E,F,E
2402,35486.0,15.0,0,0,0,M,20,B,D,E,F,E
2402,35487.0,15.0,0,0,0,M,20,B,D,E,F,E
2402,35488.0,15.0,0,0,0,M,20,B,D,E,F,E
2402,35489.0,15.0,0,0,0,M,20,B,E,E,F,E
2402,35490.0,15.0,0,0,0,M,20,C,E,F,F,E
2402,35491.0,16.9,30,35,10,M,20,E,E,F,F,E
2402,35492.0,14.7,0,0,0,M,20,E,E,F,F,E
2402,35493.0,7.5,0,0,0,M,20,E,F,F,F,F
2402,35494.0,18.0,0,0,0,M,20,E,F,F,F,F
2402,35495.0,15.0,0,0,0,M,20,E,F,F,F,F
2402,35496.0,9.5,20,30,0,M,20,,,,,
2402,35497.0,28.1,0,0,0,M,20,,,,,
3002,35498.0,15.0,0,0,0,F,20,A,A,A,A,A
3002,35499.0,7.0,70,65,5,F,20,A,A,A,A,A
3002,35500.0,7.5,0,0,0,F,20,A,A,A,B,A
3002,35501.0,7.5,0,0,0,F,20,A,A,A,B,A
3002,35502.0,15.0,0,0,0,F,20,A,A,A,B,A
3002,35503.0,16.0,0,0,0,F,20,A,A,B,B,A
3002,35504.0,0.0,30,0,10,F,20,A,A,B,B,A
3002,35505.0,4.8,80,0,0,F,20,A,A,B,B,A
3002,35506.0,0.0,15,25,0,F,20,A,A,B,C,A
3002,35507.0,11.1,0,25,0,F,20,A,B,B,C,A
3002,35508.0,31.2,45,0,10,F,20,A,B,B,C,A
3002,35509.0,7.0,30,35,0,F,20,A,B,B,C,A
3002,35510.0,2.6,50,15,0,F,20,A,B,B,C,A
3002,35511.0,13.2,0,10,15,F,20,A,B,B,C,A
3002,35512.0,15.0,0,0,0,F,20,A,C,C,C,A
3002,35513.0,15.0,0,0,0,M,20,A,C,C,C,A
3002,35514.0,15.0,0,0,0,M,20,A,D,C,C,A
3002,35515.0,16.0,0,0,0,M,20,A,D,C,C,A
3002,35516.0,26.4,0,0,10,M,20,A,D,C,D,A
3002,35517.0,14.9,0,0,0,M,20,A,D,C,D,B
3002,35518.0,15.0,0,0,0,M,20,A,D,C,D,B
3002,35519.0,10.9,30,5,5,M,20,A,D,C,D,B
3002,35520.0,15.0,0,0,0,M,20,A,D,C,D,B
3002,35521.0,39.2,0,0,0,M,20,A,D,D,D,B
3002,35522.0,7.2,20,15,30,M,20,A,D,D,D,B
3002,35523.0,14.7,0,0,0,M,20,A,D,D,D,B
3002,35524.0,26.9,0,0,0,M,20,A,D,D,D,B
3002,35525.0,15.0,0,0,0,M,20,A,D,D,D,B
3002,35526.0,0.0,50,0,0,M,20,A,D,D,D,B
3002,35527.0,16.0,0,0,0,M,20,A,D,D,D,B
3002,35528.0,15.0,0,0,0,M,20,A,D,D,D,B
3002,35529.0,11.1,15,15,10,M,20,A,D,D,E,B
3002,35530.0,15.0,0,10,5,M,20,A,D,D,E,B
3002,35531.0,6.4,15,45,10,M,20,A,D,D,E,C
3002,35532.0,10.5,50,0,0,M,20,B,D,D,E,C
3002,35533.0,5.4,0,45,0,M,20,B,D,D,E,C
3002,35534.0,2.6,0,0,0,M,20,B,D,D,E,D
3002,35535.0,9.6,0,45,5,M,20,B,D,D,E,D
3002,35536.0,7.5,0,0,0,M,20,B,D,D,E,D
3002,35537.0,15.0,0,0,0,M,20,B,D,D,F,E
3002,35538.0,13.5,10,0,0,M,20,B,D,E,F,E
3002,35539.0,17.0,0,0,0,M,20,C,E,F,F,E
3002,35540.0,9.5,10,30,10,M,20,E,E,F,F,F
3002,35541.0,2.6,0,0,0,M,20,,,,,
5401,35542.0,15.0,0,0,0,F,20,A,A,A,A,A
5401,35543.0,15.0,0,0,0,F,20,A,A,A,A,A
5401,35544.0,15.0,0,0,0,F,20,A,A,B,B,A
5401,35545.0,15.0,0,0,0,F,20,A,A,B,B,A
5401,35546.0,15.0,0,0,0,F,20,A,A,B,B,A
5401,35547.0,14.4,80,10,0,F,20,A,A,B,C,A
5401,35548.0,6.6,40,20,10,F,20,A,A,C,C,A
5401,35549.0,1.4,5,25,0,F,20,A,B,C,C,B
5401,35550.0,15.0,0,15,0,F,20,A,B,D,C,B
5401,35551.0,7.5,0,0,0,F,20,A,B,D,D,B
5401,35552.0,14.9,0,0,0,F,20,A,B,D,D,B
5401,35553.0,27.1,0,0,0,F,20,A,D,D,D,B
5401,35554.0,16.6,0,0,0,F,20,A,D,D,D,B
5401,35555.0,12.7,0,0,0,F,20,A,D,D,D,B
5401,35556.0,9.9,20,20,10,F,20,A,D,D,D,B
5401,35557.0,7.5,0,0,65,F,20,A,D,D,D,B
5401,35558.0,15.1,0,0,0,M,20,A,D,D,D,B
5401,35559.0,6.4,0,0,0,M,20,A,D,D,D,B
5401,35560.0,27.0,10,0,0,M,20,A,D,D,D,C
5401,35561.0,15.1,0,0,0,M,20,B,D,E,D,D
5401,35562.0,6.0,0,45,0,M,20,B,D,E,E,D
5401,35563.0,20.2,0,25,15,M,20,B,D,E,E,D
5401,35564.0,8.5,25,0,40,M,20,B,D,E,E,D
5401,35565.0,12.9,0,0,0,M,20,B,D,E,E,E
5401,35566.0,7.5,0,35,0,M,20,B,F,F,F,E
5401,35567.0,1.0,0,0,0,M,20,D,F,F,F,E
5401,35568.0,20.8,40,10,0,M,20,E,F,F,F,F
3502,35569.0,13.9,20,0,5,F,20,A,A,B,B,A
3502,35570.0,25.1,25,0,0,F,20,A,A,B,B,A
3502,35571.0,7.5,0,35,0,F,20,A,A,B,B,A
3502,35572.0,14.1,0,0,0,F,20,A,A,B,B,A
3502,35573.0,6.4,50,20,5,F,20,A,A,B,C,A
3502,35574.0,16.0,0,0,10,F,20,A,A,B,C,A
3502,35575.0,26.1,0,0,0,F,20,A,A,B,C,A
3502,35576.0,32.5,30,15,0,F,20,A,A,B,C,A
3502,35577.0,10.7,30,5,10,F,20,A,A,B,C,A
3502,35578.0,22.5,30,10,0,F,20,A,B,B,C,A
3502,35579.0,1.0,25,0,10,F,20,A,B,C,C,A
3502,35580.0,14.1,0,0,0,F,20,A,B,C,C,A
3502,35581.0,4.0,90,35,40,F,20,A,B,C,C,A
3502,35582.0,15.3,0,0,0,F,20,A,B,C,C,A
3502,35583.0,14.9,30,20,40,F,20,A,B,C,C,A
3502,35584.0,0.0,0,0,10,F,20,A,B,C,D,A
3502,35585.0,8.2,30,30,0,F,20,A,B,C,D,A
3502,35586.0,11.9,20,15,0,F,20,A,B,C,D,A
3502,35587.0,1.6,20,0,10,F,20,A,B,C,D,A
3502,35588.0,10.9,35,0,10,M,20,A,C,C,D,A
3502,35589.0,6.8,55,80,10,M,20,A,C,C,D,A
3502,35590.0,6.8,40,10,20,M,20,A,D,C,D,B
3502,35591.0,16.0,30,45,10,M,20,A,D,C,D,B
3502,35592.0,4.0,0,5,10,M,20,A,D,C,D,B
3502,35593.0,24.9,10,15,0,M,20,A,D,C,D,B
3502,35594.0,11.5,0,40,0,M,20,A,D,C,D,B
3502,35595.0,15.5,15,60,15,M,20,A,D,D,D,B
3502,35596.0,13.1,10,0,20,M,20,A,D,D,D,B
3502,35597.0,4.6,0,5,10,M,20,A,D,D,D,B
3502,35598.0,1.6,0,0,0,M,20,A,D,D,D,B
3502,35599.0,5.0,0,0,0,M,20,A,D,D,D,B
3502,35600.0,14.0,0,10,0,M,20,A,D,D,D,B
3502,35601.0,25.4,30,15,50,M,20,A,D,D,D,B
3502,35602.0,5.8,40,35,80,M,20,A,D,D,E,C
3502,35603.0,8.2,0,0,0,M,20,A,D,D,E,C
3502,35604.0,18.2,65,0,0,M,20,A,D,D,E,C
3502,35605.0,11.7,0,0,10,M,20,A,D,D,E,C
3502,35606.0,11.9,25,5,10,M,20,A,D,D,E,C
3502,35607.0,16.2,80,5,0,M,20,A,D,D,E,C
3502,35608.0,25.2,0,25,0,M,20,A,D,D,E,C
3502,35609.0,14.9,15,0,5,M,20,A,D,D,E,C
3502,35610.0,10.3,20,30,0,M,20,A,D,D,E,C
3502,35611.0,13.7,0,15,0,M,20,A,D,D,E,C
3502,35612.0,26.5,0,0,0,M,20,A,D,D,E,C
3502,35613.0,11.7,40,0,0,M,20,A,D,D,E,C
3502,35614.0,13.9,30,30,40,M,20,A,D,E,E,C
3502,35615.0,21.2,0,40,10,M,20,B,D,E,E,C
3502,35616.0,14.7,40,15,40,M,20,B,D,E,E,C
3502,35617.0,5.8,50,5,25,M,20,B,D,E,E,C
3502,35618.0,7.5,75,0,0,M,20,B,D,E,F,D
3502,35619.0,12.1,0,15,0,M,20,C,D,E,F,D
3502,35620.0,14.3,10,0,15,M,20,E,D,E,F,D
3502,35621.0,8.9,0,30,0,M,20,E,F,F,F,E
3502,35622.0,27.1,0,0,0,M,20,E,F,F,F,E
3502,35623.0,23.4,0,20,0,M,20,,,,,
3502,35624.0,6.6,0,0,0,M,20,,,,,
3502,35625.0,3.4,0,0,0,M,20,,,,,
3502,35626.0,16.7,0,0,0,M,20,,,,,
3502,35627.0,0.0,0,0,0,M,20,,,,,
3502,35628.0,8.6,0,0,0,M,20,,,,,
3502,35629.0,10.2,30,30,0,M,20,,,,,
3502,35630.0,15.0,0,0,0,M,20,,,,,
3502,35631.0,0.0,0,0,0,M,20,,,,,
3502,35632.0,0.0,0,0,0,M,20,,,,,
3502,35633.0,15.0,0,0,0,M,20,,,,,
3502,35634.0,15.0,50,0,45,M,20,,,,,
3502,35635.0,15.0,0,0,0,M,20,,,,,
2402,35636.0,3.6,0,0,0,F,20,A,A,A,A,A
2402,35637.0,22.5,50,0,70,F,20,A,A,A,A,A
2402,35638.0,0.0,70,50,0,F,20,A,A,A,A,A
2402,35639.0,15.0,0,0,20,F,20,A,A,A,A,A
2402,35640.0,15.0,0,0,0,F,20,A,A,B,B,A
2402,35641.0,7.5,10,60,0,F,20,A,A,B,B,A
2402,35642.0,14.5,0,0,25,F,20,A,A,B,B,A
2402,35643.0,17.8,0,30,30,F,20,A,A,B,B,A
2402,35644.0,26.7,0,0,0,F,20,A,A,B,B,A
2402,35645.0,0.0,0,0,0,F,20,A,A,B,B,A
2402,35646.0,0.0,0,25,0,F,20,A,A,B,B,A
2402,35647.0,0.0,0,0,0,F,20,A,A,B,B,A
2402,35648.0,11.5,50,0,0,F,20,A,A,B,C,A
2402,35649.0,17.4,0,0,0,F,20,A,A,B,C,A
2402,35650.0,9.9,0,0,0,F,20,A,B,B,C,A
2402,35651.0,16.0,0,0,0,F,20,A,B,B,C,B
2402,35652.0,15.0,0,0,0,F,20,A,B,C,C,B
2402,35653.0,11.4,40,60,25,F,20,A,B,C,C,B
2402,35654.0,15.0,0,0,0,F,20,A,B,C,C,B
2402,35655.0,0.0,0,0,0,F,20,A,B,C,D,B
2402,35656.0,12.4,0,0,15,F,20,A,B,C,D,B
2402,35657.0,13.3,0,0,25,F,20,A,B,C,D,B
2402,35658.0,27.9,0,0,0,F,20,A,C,C,D,B
2402,35659.0,18.0,0,0,0,F,20,A,C,C,D,B
2402,35660.0,15.0,20,0,0,F,20,A,D,D,D,B
2402,35661.0,15.0,20,0,0,F,20,A,D,D,D,B
2402,35662.0,4.2,20,0,0,F,20,A,D,D,D,B
2402,35663.0,0.0,0,0,0,F,20,A,D,D,D,B
2402,35664.0,0.0,0,0,0,F,20,A,D,D,D,B
2402,35665.0,0.0,0,0,0,F,20,A,D,D,D,B
2402,35666.0,0.0,0,0,0,F,20,A,D,D,D,B
2402,35667.0,15.0,0,0,0,F,20,A,D,D,D,B
2402,35668.0,0.0,0,0,0,F,20,A,D,D,D,B
2402,35669.0,0.0,0,0,0,F,20,A,D,D,D,B
2402,35670.0,15.0,0,0,0,F,20,A,D,D,D,B
2402,35671.0,0.0,0,0,0,F,20,A,D,D,D,B
2402,35672.0,0.0,0,0,0,F,20,A,D,D,D,B
2402,35673.0,22.5,0,45,0,F,20,A,D,D,D,B
2402,35674.0,15.0,0,0,0,M,20,A,D,E,E,C
2402,35675.0,0.0,0,0,0,M,20,A,D,E,E,D
2402,35676.0,0.0,0,0,0,M,20,A,D,E,E,D
2402,35677.0,0.0,0,0,0,M,20,B,D,E,E,D
2402,35678.0,3.6,0,0,0,M,20,B,D,E,E,D
2402,35679.0,16.0,0,0,0,M,20,B,D,E,E,D
2402,35680.0,0.0,0,0,0,M,20,B,D,E,E,E
2402,35681.0,14.1,0,15,0,M,20,B,F,F,F,E
2402,35682.0,0.0,0,0,0,M,20,C,F,F,F,E
2402,35683.0,19.2,0,0,0,M,20,E,F,F,F,F
2402,35684.0,0.0,0,0,0,M,20,,,,,
2402,35685.0,0.0,0,0,0,M,20,,,,,
2402,35686.0,0.0,0,0,0,M,20,,,,,
2402,35687.0,0.0,0,0,0,M,20,,,,,
2402,35688.0,0.0,0,0,0,M,20,,,,,
2402,35689.0,15.0,0,0,0,M,20,,,,,
2402,35690.0,0.0,0,0,0,M,20,,,,,
2402,35691.0,0.0,0,0,0,M,20,,,,,
2402,35692.0,0.0,0,0,0,M,20,,,,,
2402,35693.0,0.0,0,0,0,M,20,,,,,
2402,35694.0,16.0,0,0,0,M,20,,,,,
2402,35695.0,0.0,0,0,0,M,20,,,,,
2402,35696.0,15.0,15,5,0,M,20,,,,,
2402,35697.0,9.1,20,0,40,M,20,,,,,
2402,35698.0,9.2,45,75,15,M,20,,,,,
2402,35699.0,6.0,0,0,10,M,20,,,,,
2402,35700.0,17.0,40,45,70,M,20,,,,,
2402,35701.0,7.5,0,0,0,M,20,,,,,
2402,35702.0,7.5,0,0,0,M,20,,,,,
2402,35703.0,7.5,0,0,0,M,20,,,,,
2402,35704.0,17.5,0,0,0,M,20,,,,,
2402,35705.0,7.5,0,0,0,M,20,,,,,
2402,35706.0,7.5,0,0,0,M,20,,,,,
2402,35707.0,7.5,0,0,0,M,20,,,,,
2402,35708.0,20.7,20,0,40,M,20,,,,,
2402,35709.0,7.5,0,0,0,M,20,,,,,
2402,35710.0,7.5,0,0,0,M,20,,,,,
2402,35711.0,16.4,0,0,0,M,20,,,,,
2402,35712.0,19.3,0,0,0,M,20,,,,,
2402,35713.0,7.5,0,0,0,M,20,,,,,
2402,35714.0,0.0,10,0,40,M,20,,,,,
2402,35715.0,7.5,0,0,0,M,20,,,,,
2402,35716.0,7.5,0,0,0,M,20,,,,,
2402,35717.0,7.5,0,0,0,M,20,,,,,
2402,35718.0,7.5,0,0,0,M,20,,,,,
2402,35719.0,7.5,0,0,0,M,20,,,,,
2402,35720.0,7.5,0,0,0,M,20,,,,,
2402,35721.0,7.5,30,0,45,M,20,,,,,
2402,35722.0,7.5,50,0,30,M,20,,,,,
2402,35723.0,7.5,0,0,0,M,20,,,,,
2402,35724.0,7.5,0,0,0,M,20,,,,,
2402,35725.0,7.5,0,0,0,M,20,,,,,
2402,35726.0,7.5,0,0,0,M,20,,,,,
3002,35727.0,13.9,0,0,0,F,20,A,A,A,A,A
3002,35728.0,6.4,0,50,0,F,20,A,A,A,A,A
3002,35729.0,9.5,0,50,10,F,20,A,A,A,A,A
3002,35730.0,6.4,0,10,0,F,20,A,A,A,A,A
3002,35731.0,7.5,0,0,0,F,20,A,A,A,A,A
3002,35732.0,7.5,0,0,0,F,20,A,A,A,A,A
3002,35733.0,0.0,0,0,0,F,20,A,A,A,B,A
3002,35734.0,7.5,0,0,0,F,20,A,A,B,B,A
3002,35735.0,7.5,0,0,0,F,20,A,A,B,B,A
3002,35736.0,7.5,0,0,0,F,20,A,A,B,B,A
3002,35737.0,7.5,0,0,0,F,20,A,A,B,B,A
3002,35738.0,17.6,0,0,0,F,20,A,B,B,B,A
3002,35739.0,16.8,50,90,20,F,20,A,B,B,B,A
3002,35740.0,7.5,0,0,0,F,20,A,B,B,B,A
3002,35741.0,9.1,10,0,0,F,20,A,B,B,B,A
3002,35742.0,27.4,30,25,35,F,20,A,B,B,C,A
3002,35743.0,0.0,0,0,0,F,20,A,B,B,C,A
3002,35744.0,7.5,0,0,0,F,20,A,B,B,C,A
3002,35745.0,12.7,50,60,0,F,20,A,B,B,C,A
3002,35746.0,0.0,0,0,0,F,20,A,C,B,C,A
3002,35747.0,7.5,0,0,0,F,20,A,C,B,C,A
3002,35748.0,7.5,0,0,0,F,20,A,C,B,C,A
3002,35749.0,7.5,0,0,0,F,20,A,D,B,C,A
3002,35750.0,7.5,0,0,0,F,20,A,D,B,C,A
3002,35751.0,7.5,0,0,0,F,20,A,D,C,C,A
3002,35752.0,7.5,0,0,0,F,20,A,D,C,C,A
3002,35753.0,7.5,0,0,0,F,20,A,D,C,C,A
3002,35754.0,7.5,0,0,0,F,20,A,D,C,C,A
3002,35755.0,7.5,0,0,0,F,20,A,D,C,C,A
3002,35756.0,14.3,15,0,0,M,20,A,D,C,D,A
3002,35757.0,7.5,0,0,0,M,20,A,D,C,D,B
3002,35758.0,7.5,0,0,0,M,20,A,D,C,D,B
3002,35759.0,7.5,0,0,0,M,20,A,D,D,D,B
3002,35760.0,7.5,0,0,0,M,20,A,D,D,D,B
3002,35761.0,7.5,0,0,0,M,20,A,D,D,D,B
3002,35762.0,17.0,10,0,0,M,20,A,D,D,D,B
3002,35763.0,7.5,0,0,0,M,20,A,D,D,D,B
3002,35764.0,17.5,25,55,0,M,20,A,D,D,D,B
3002,35765.0,7.5,0,0,0,M,20,A,D,D,D,B
3002,35766.0,7.5,0,0,0,M,20,A,D,D,D,B
3002,35767.0,7.5,0,0,0,M,20,A,D,D,D,B
3002,35768.0,7.5,0,0,0,M,20,A,D,D,D,B
3002,35769.0,7.5,0,0,0,M,20,A,D,D,D,B
3002,35770.0,7.5,0,0,0,M,20,A,D,D,D,B
3002,35771.0,3.0,20,0,10,M,20,A,D,D,D,B
3002,35772.0,7.5,0,0,0,M,20,A,D,D,D,B
3002,35773.0,7.5,0,0,0,M,20,A,D,D,D,B
3002,35774.0,7.5,0,0,0,M,20,A,D,D,D,B
3002,35775.0,7.5,0,0,0,M,20,A,D,D,D,B
3002,35776.0,7.5,0,0,0,M,20,A,D,D,D,B
3002,35777.0,7.5,0,0,0,M,20,A,D,D,D,B
3002,35778.0,0.0,30,0,20,M,20,A,D,D,D,B
3002,35779.0,7.5,0,0,0,M,20,B,D,D,D,B
3002,35780.0,7.5,0,0,0,M,20,B,D,D,D,B
3002,35781.0,0.0,10,30,10,M,20,B,D,D,D,B
3002,35782.0,18.4,0,0,0,M,20,B,D,D,D,B
3002,35783.0,7.5,0,0,0,M,20,B,D,D,D,B
3002,35784.0,7.5,0,0,0,M,20,B,D,D,D,C
3202,35785.0,9.5,30,0,0,F,20,A,A,A,A,A
3202,35786.0,7.5,0,0,0,F,20,A,A,B,B,A
3202,35787.0,7.4,0,0,0,F,20,A,A,B,B,A
3202,35788.0,7.5,0,0,0,F,20,A,A,B,B,A
3202,35789.0,7.5,0,0,0,F,20,A,A,B,B,A
3202,35790.0,7.5,0,0,0,F,20,A,B,B,B,A
3202,35791.0,7.5,0,0,0,F,20,A,B,B,B,A
3202,35792.0,9.5,10,20,30,F,20,A,B,B,B,A
3202,35793.0,7.5,0,0,0,F,20,A,B,B,C,A
3202,35794.0,7.5,0,0,0,F,20,A,B,B,C,A
3202,35795.0,7.5,0,0,0,F,20,A,D,C,D,A
3202,35796.0,22.2,10,25,15,F,20,A,D,C,D,A
3202,35797.0,7.5,0,0,0,F,20,A,D,C,D,B
3202,35798.0,7.5,50,5,20,M,20,A,D,C,D,B
3202,35799.0,7.5,0,0,0,M,20,A,D,C,D,B
3202,35800.0,7.5,0,0,0,M,20,A,D,C,D,B
3202,35801.0,15.3,50,30,0,M,20,,,,,
3202,35802.0,7.5,0,0,0,M,20,,,,,
3202,35803.0,7.5,0,0,0,M,20,,,,,
5401,35804.0,7.5,0,0,0,F,20,A,A,A,C,A
5401,35805.0,7.5,0,0,0,F,20,A,A,B,C,B
5401,35806.0,23.5,20,15,5,F,20,A,A,B,D,B
5401,35807.0,7.5,0,0,0,F,20,A,A,C,D,B
5401,35808.0,7.5,0,0,0,F,20,A,B,C,D,B
5401,35809.0,7.5,0,0,0,F,20,A,D,D,D,B
5401,35810.0,7.5,0,0,0,F,20,A,D,D,D,B
5401,35811.0,7.5,20,40,15,F,20,A,D,D,D,C
5401,35812.0,7.5,0,0,0,F,20,A,D,D,D,D
5401,35813.0,7.5,0,0,0,F,20,A,D,D,D,D
4004,35814.0,7.5,0,0,0,M,20,A,A,B,D,B
4004,35815.0,7.5,0,0,0,M,20,A,A,C,D,B
4004,35816.0,7.5,0,0,0,M,20,A,A,C,D,B
4004,35817.0,7.5,0,0,0,M,20,A,A,C,D,B
4004,35818.0,7.5,0,0,0,M,20,A,A,C,D,B
4004,35819.0,7.5,0,0,0,M,20,A,A,C,D,B
4004,35820.0,7.5,0,0,0,M,20,A,A,D,D,B
4004,35821.0,7.5,0,0,0,M,20,A,A,D,D,B
4004,35822.0,7.5,0,0,0,M,20,A,A,D,D,B
4004,35823.0,7.5,0,0,0,M,20,A,A,D,D,B
4004,35824.0,7.5,0,0,0,M,20,A,A,D,D,B
4004,35825.0,7.5,0,0,0,M,20,A,B,D,D,B
4004,35826.0,7.5,0,0,0,M,20,A,B,D,D,B
4004,35827.0,8.5,20,30,15,M,20,A,B,D,D,B
4004,35828.0,7.5,0,0,0,M,20,A,B,D,D,C
4004,35829.0,7.5,0,0,0,M,20,A,D,D,D,C
4004,35830.0,0.0,0,0,0,M,20,A,D,D,D,C
4004,35831.0,7.5,0,0,0,M,20,A,D,D,E,C
4004,35832.0,4.4,0,0,0,M,20,A,D,D,E,C
4004,35833.0,18.0,0,0,0,M,20,A,D,D,E,D
4004,35834.0,13.1,30,0,10,M,20,A,D,D,E,D
4004,35835.0,1.6,0,20,0,M,20,A,D,E,E,D
4004,35836.0,1.0,0,0,0,M,20,A,D,E,E,E
4004,35837.0,17.0,0,0,0,M,20,A,D,E,E,E
4004,35838.0,10.1,50,10,0,M,20,A,D,E,E,E
4004,35839.0,12.7,30,0,25,M,20,A,D,E,E,E
4004,35840.0,17.0,0,0,0,M,20,A,D,E,E,E
4004,35841.0,4.6,0,0,0,M,20,A,D,E,F,E
4004,35842.0,35.6,0,35,0,M,20,A,D,E,F,E
4004,35843.0,17.0,0,0,0,M,20,A,D,E,F,E
4004,35844.0,17.0,0,0,0,M,20,A,D,E,F,E
4004,35845.0,15.5,10,15,0,M,20,A,D,E,F,F
4004,35846.0,20.0,0,0,0,M,20,B,D,F,F,F
4004,35847.0,7.8,10,0,0,M,20,B,D,F,F,F
4004,35848.0,28.9,0,0,0,M,20,B,E,F,F,F
4004,35849.0,3.4,0,0,30,M,20,E,F,F,F,G
1501,35850.0,35.2,25,15,0,F,20,A,A,A,B,A
1501,35851.0,8.0,0,0,0,F,20,A,A,A,B,A
1501,35852.0,24.0,0,35,5,F,20,A,A,A,B,A
1501,35853.0,4.4,10,15,0,F,20,A,A,B,B,A
1501,35854.0,30.0,0,0,0,F,20,A,A,B,C,A
1501,35855.0,7.5,0,45,0,F,20,A,A,B,C,A
1501,35856.0,9.5,0,0,0,F,20,A,A,B,D,A
1501,35857.0,17.1,0,0,25,F,20,A,B,B,D,A
1501,35858.0,6.8,30,50,0,F,20,A,B,B,D,A
1501,35859.0,30.0,0,0,0,F,20,A,B,C,D,A
1501,35860.0,13.5,90,0,20,F,20,A,B,D,D,B
1501,35861.0,3.2,100,0,5,F,20,A,B,D,D,B
1501,35862.0,14.5,0,0,0,F,20,A,D,D,D,B
1501,35863.0,1.0,0,0,0,F,20,A,D,D,D,B
1501,35864.0,7.5,0,45,0,F,20,A,D,D,D,B
1501,35865.0,17.0,0,0,0,F,20,A,D,D,D,B
1501,35866.0,13.7,0,20,0,F,20,A,D,D,D,B
1501,35867.0,1.0,0,0,0,M,20,A,D,D,D,B
1501,35868.0,14.3,0,0,0,M,20,A,D,D,D,B
1501,35869.0,23.6,25,20,0,M,20,A,D,D,D,B
1501,35870.0,16.1,75,0,0,M,20,A,D,D,D,B
1501,35871.0,12.5,50,50,0,M,20,A,D,D,D,C
1501,35872.0,1.0,0,0,0,M,20,A,D,D,E,C
1501,35873.0,7.5,0,45,0,M,20,A,D,D,E,C
1501,35874.0,14.1,0,10,0,M,20,A,D,E,F,C
1501,35875.0,18.8,0,0,0,M,20,B,D,E,F,C
1501,35876.0,30.0,0,0,0,M,20,E,F,E,F,F
1501,35877.0,11.3,10,30,10,M,20,,,,,
1601,35878.0,29.9,0,0,0,F,20,A,A,B,B,A
1601,35879.0,17.0,0,0,0,F,20,A,A,C,B,A
1601,35880.0,3.2,20,0,10,F,20,A,A,C,C,A
1601,35881.0,17.0,15,0,0,F,20,A,A,C,C,A
1601,35882.0,4.0,20,60,20,F,20,A,A,C,C,A
1601,35883.0,3.2,30,0,0,F,20,A,A,C,C,B
1601,35884.0,15.0,0,0,0,F,20,A,A,C,D,B
1601,35885.0,12.3,0,25,0,F,20,A,A,D,D,B
1601,35886.0,15.0,0,0,0,F,20,A,B,D,D,B
1601,35887.0,7.0,0,40,20,F,20,A,B,D,D,B
1601,35888.0,24.5,10,20,10,F,20,A,B,D,D,B
1601,35889.0,11.3,30,20,5,F,20,A,D,D,D,B
1601,35890.0,15.0,0,0,0,M,20,A,D,D,D,C
1601,35891.0,4.8,0,0,0,M,20,A,D,D,D,C
1601,35892.0,15.7,70,20,0,M,20,A,D,D,E,C
1601,35893.0,14.3,0,20,0,M,20,A,D,E,E,D
1601,35894.0,15.0,0,0,0,M,20,A,D,E,E,E
2402,35895.0,17.1,0,0,0,F,20,A,A,D,D,B
2402,35896.0,15.0,0,0,0,F,20,A,A,D,D,B
2402,35897.0,15.0,0,0,0,F,20,A,A,D,D,B
2402,35898.0,5.0,0,0,0,F,20,A,A,D,D,C
2402,35899.0,15.0,0,0,0,M,20,A,A,D,D,C
2402,35900.0,3.8,20,5,5,M,20,A,A,D,D,C
2402,35901.0,7.5,5,0,0,M,20,A,A,E,E,C
2402,35902.0,33.6,25,30,0,M,20,A,A,E,E,C
2402,35903.0,3.6,30,0,0,M,30,A,B,E,E,C
904,35904.0,15.0,0,0,0,F,20,A,A,B,B,A
904,35905.0,15.0,0,0,0,F,20,A,A,B,B,A
904,35906.0,15.0,0,0,0,F,20,A,A,B,B,A
904,35907.0,12.3,0,15,0,F,20,A,A,B,B,A
904,35908.0,15.0,0,0,0,F,20,A,A,B,B,A
904,35909.0,15.0,0,0,0,F,20,A,A,B,B,A
904,35910.0,10.4,0,30,0,F,20,A,A,B,B,A
904,35911.0,15.0,0,0,0,F,20,A,A,B,B,A
904,35912.0,15.0,0,0,0,F,20,A,A,B,C,A
904,35913.0,15.0,0,0,0,F,20,A,A,B,C,B
904,35914.0,15.0,0,15,0,F,20,A,A,B,C,B
904,35915.0,15.0,0,0,0,F,20,A,A,B,C,B
904,35916.0,15.0,0,0,0,F,20,A,A,B,C,B
904,35917.0,17.3,0,0,0,F,20,A,A,C,C,B
904,35918.0,4.8,0,0,0,F,20,A,A,C,C,B
904,35919.0,2.4,40,0,0,F,20,A,A,C,D,B
904,35920.0,10.5,0,30,0,F,20,A,B,C,D,B
904,35921.0,7.5,5,0,0,M,20,C,D,E,F,D
904,35922.0,15.0,0,0,0,M,20,C,D,E,F,D
904,35923.0,6.0,10,0,5,M,20,D,D,E,F,E
904,35924.0,14.7,30,0,0,M,20,E,D,E,F,E
904,35925.0,16.3,30,60,5,M,20,E,D,E,F,E
904,35926.0,16.4,10,0,10,M,20,E,F,E,F,E
904,35927.0,3.6,20,0,10,M,20,E,F,E,F,E
904,35928.0,16.5,40,45,10,M,20,,,,,
904,35929.0,11.1,35,20,0,M,20,,,,,
904,35930.0,7.5,0,0,5,M,20,,,,,
4004,35931.0,13.3,0,20,0,M,20,A,A,C,D,C
4004,35932.0,15.0,0,0,10,M,20,A,A,C,D,C
4004,35933.0,30.9,0,0,0,M,20,A,A,C,D,C
4004,35934.0,15.0,80,80,20,M,20,A,A,C,D,D
4004,35935.0,7.5,0,10,0,M,20,A,A,C,D,D
4004,35936.0,12.3,0,20,0,M,20,A,A,D,D,D
4004,35937.0,18.6,0,35,30,M,20,A,A,D,D,D
4004,35938.0,11.7,30,15,10,M,20,A,A,D,D,D
4004,35939.0,10.3,0,0,0,M,20,A,A,D,D,D
4004,35940.0,15.0,25,0,0,M,20,A,A,D,D,D
4004,35941.0,13.9,0,0,15,M,20,A,A,D,D,D
4004,35942.0,8.1,0,5,0,M,20,A,D,D,E,E
4004,35943.0,8.5,0,0,0,M,20,A,D,D,E,E
4004,35944.0,19.6,0,0,0,M,20,A,D,D,E,E
4004,35945.0,1.0,25,5,20,M,20,A,D,E,E,E
4004,35946.0,31.2,0,0,0,M,20,A,D,E,E,E
4004,35947.0,10.7,30,20,10,M,20,A,D,E,E,F
4004,35948.0,8.6,50,0,10,M,20,A,F,E,F,F
4004,35949.0,5.2,0,0,0,M,20,B,F,F,F,F
4004,35950.0,30.1,80,0,0,M,20,B,F,F,F,F
3202,35951.0,16.1,25,0,0,M,20,,,,,
4004,35952.0,17.7,0,0,0,F,20,A,A,A,B,A
4004,35953.0,8.5,0,45,0,F,20,A,A,A,B,A
4004,35954.0,8.5,0,0,0,F,20,A,A,B,B,A
4004,35955.0,16.3,25,0,0,F,20,A,A,B,B,A
4004,35956.0,15.1,0,0,0,F,20,A,A,B,B,B
4004,35957.0,15.1,0,0,0,F,20,A,A,B,C,B
4004,35958.0,8.2,0,45,0,F,20,A,A,B,C,B
4004,35959.0,2.0,45,0,0,F,20,A,A,B,C,B
4004,35960.0,7.5,0,0,0,M,20,A,A,D,D,C
4004,35961.0,8.9,0,0,0,M,20,A,A,D,D,C
4004,35962.0,5.0,30,70,0,M,20,A,A,D,D,C
4004,35963.0,7.5,0,0,0,M,20,A,A,D,D,C
4004,35964.0,7.5,0,0,0,M,20,A,A,D,D,C
4004,35965.0,30.0,0,0,0,M,20,A,A,D,D,C
4004,35966.0,7.5,0,0,0,M,20,A,A,D,D,C
4004,35967.0,7.5,0,0,0,M,20,A,A,D,D,C
4004,35968.0,8.9,50,25,0,M,20,A,A,D,D,C
4004,35969.0,10.7,0,0,0,M,20,A,A,D,D,C
4004,35970.0,31.4,0,0,0,M,20,A,A,D,D,C
4004,35971.0,5.8,0,0,0,M,20,A,A,D,D,C
4004,35972.0,10.1,0,35,0,M,20,A,A,D,E,D
4004,35973.0,30.0,0,0,0,M,20,A,A,D,E,D
4004,35974.0,18.2,0,0,0,M,20,A,A,D,E,D
4004,35975.0,17.9,0,0,0,M,20,A,A,D,E,D
4004,35976.0,30.0,0,0,0,M,20,A,A,D,E,D
4004,35977.0,9.1,0,0,0,M,20,A,A,D,E,E
4004,35978.0,18.6,0,0,10,M,20,A,A,D,E,E
4004,35979.0,8.5,0,0,5,M,20,A,A,D,E,E
4004,35980.0,1.4,10,0,40,M,20,A,A,D,E,E
4004,35981.0,4.0,35,0,0,M,20,A,B,E,E,E
4004,35982.0,14.7,35,0,0,M,20,A,B,E,E,E
4004,35983.0,12.8,50,0,0,M,20,A,C,E,E,E
4004,35984.0,11.7,30,70,30,M,20,A,C,E,E,E
4004,35985.0,18.0,0,0,0,M,20,A,C,E,E,E
4004,35986.0,19.2,50,0,30,M,20,A,C,E,E,E
4004,35987.0,1.4,50,0,0,M,20,A,C,E,E,E
4004,35988.0,17.5,25,0,0,M,20,A,C,E,E,E
4004,35989.0,30.0,0,0,0,M,20,A,C,E,E,E
4004,35990.0,7.5,0,0,0,M,20,A,D,E,E,F
4004,35991.0,11.9,0,25,0,M,20,A,D,E,E,F
4004,35992.0,9.7,10,30,0,M,20,A,D,E,E,F
4004,35993.0,13.3,0,15,0,M,20,A,D,E,E,F
4004,35994.0,2.0,0,0,0,M,20,A,D,E,E,F
1602,35995.0,3.2,10,0,0,F,20,A,A,C,D,B
1602,35996.0,11.7,0,0,30,F,20,A,A,C,D,B
1602,35997.0,17.6,20,0,0,F,20,A,A,C,D,B
1602,35998.0,15.0,0,35,0,F,20,A,A,C,D,B
1602,35999.0,30.0,0,0,0,F,20,A,A,C,D,B
1602,36000.0,4.4,30,5,0,F,20,A,A,C,D,B
1602,36001.0,10.5,0,20,15,F,20,A,A,C,D,B
1602,36002.0,30.5,0,0,0,F,20,A,A,C,D,B
1602,36003.0,7.5,30,0,0,F,20,A,A,D,D,B
1602,36004.0,9.5,0,0,0,F,20,A,A,D,D,B
1602,36005.0,5.0,0,0,0,F,20,A,A,D,D,B
1602,36006.0,2.6,0,0,0,F,20,A,A,D,D,B
1602,36007.0,31.6,0,0,0,F,20,A,A,D,D,B
1602,36008.0,0.0,0,0,0,F,20,A,A,D,D,B
1602,36009.0,2.8,0,45,0,F,20,A,A,D,D,C
1602,36010.0,29.8,0,0,0,F,20,A,A,D,D,C
1602,36011.0,6.0,40,0,0,F,20,A,A,D,D,C
1602,36012.0,14.5,30,60,25,F,20,A,A,D,D,C
1602,36013.0,6.4,20,0,0,F,20,A,A,D,D,C
1602,36014.0,14.5,5,25,10,F,20,A,A,D,E,C
1602,36015.0,26.5,30,5,0,F,20,A,A,D,E,C
1602,36016.0,13.3,25,0,30,F,20,A,A,D,E,C
1602,36017.0,13.5,70,50,0,F,20,A,B,D,E,D
1602,36018.0,23.4,10,45,0,F,20,A,B,E,E,D
1602,36019.0,24.2,0,40,0,F,20,A,B,E,E,D
1602,36020.0,0.0,0,0,0,F,20,A,C,E,E,D
1602,36021.0,19.3,10,65,0,M,20,A,C,E,E,D
1602,36022.0,9.4,0,0,0,M,20,A,D,E,E,D
1602,36023.0,31.5,0,0,0,M,20,A,D,E,E,D
1602,36024.0,18.6,0,0,0,M,20,A,D,E,E,D
1602,36025.0,8.4,75,35,30,M,20,A,D,E,E,E
1602,36026.0,9.5,0,0,0,M,20,A,D,E,E,E
1602,36027.0,20.8,75,0,0,M,20,A,D,F,E,E
1602,36028.0,27.7,10,0,0,M,20,B,D,F,F,F
1602,36029.0,3.6,10,0,30,M,20,E,E,F,F,F
1602,36030.0,8.4,50,0,30,M,20,,,,,
1602,36031.0,2.4,0,0,0,M,20,,,,,
1602,36032.0,7.5,15,0,0,M,20,,,,,
1602,36033.0,15.7,0,0,10,M,20,,,,,
1602,36034.0,29.1,0,0,0,M,20,,,,,
1402,36035.0,20.6,0,0,0,M,20,A,A,D,D,B
1402,36036.0,6.2,0,0,0,M,20,A,A,D,D,B
1402,36037.0,30.3,0,0,0,M,20,A,A,D,D,B
1402,36038.0,18.6,0,0,0,M,20,A,A,D,D,B
1402,36039.0,18.4,0,0,0,M,20,A,A,D,D,B
1402,36040.0,20.4,30,35,10,M,20,A,A,D,D,B
1402,36041.0,23.5,15,30,10,M,20,A,B,D,D,B
1402,36042.0,18.0,10,60,20,M,20,A,B,D,D,C
1402,36043.0,5.0,20,0,10,M,20,A,B,D,D,C
1402,36044.0,7.5,0,15,0,M,20,A,B,E,E,C
1402,36045.0,20.6,0,0,0,M,20,A,D,E,E,D
1402,36046.0,9.5,0,0,0,M,20,A,D,E,E,D
702,36047.0,7.5,15,0,0,F,20,A,A,B,B,A
702,36048.0,17.5,0,0,0,F,20,A,A,B,B,B
702,36049.0,2.4,15,20,15,F,20,A,A,B,B,B
702,36050.0,1.4,10,0,0,F,20,A,A,B,B,B
702,36051.0,19.0,0,0,0,F,20,A,A,C,C,B
702,36052.0,16.9,15,0,0,F,20,A,A,C,C,B
702,36053.0,21.0,0,0,0,F,20,A,A,C,D,B
702,36054.0,9.9,0,0,0,F,20,A,A,D,D,B
702,36055.0,6.6,0,0,0,F,20,A,A,D,D,B
702,36056.0,27.8,0,20,0,F,20,A,A,D,D,B
702,36057.0,0.0,0,20,0,F,20,A,A,D,D,B
702,36058.0,15.0,0,0,10,F,20,A,A,D,D,B
702,36059.0,2.4,30,0,20,F,20,A,A,D,D,C
702,36060.0,4.2,20,20,0,F,20,A,A,D,D,C
702,36061.0,7.4,25,0,0,M,20,A,A,D,D,C
702,36062.0,16.3,30,0,0,M,20,A,B,D,D,C
702,36063.0,30.9,0,0,0,M,20,A,D,E,E,E
702,36064.0,28.9,25,0,0,M,20,A,D,F,E,E
702,36065.0,18.3,25,0,0,M,20,A,D,F,F,F
702,36066.0,11.5,0,0,0,M,20,A,F,F,F,F
702,36067.0,30.9,0,0,0,M,20,,,,,
5401,36068.0,15.0,25,15,0,F,20,A,A,A,B,A
5401,36069.0,6.4,0,0,0,F,20,A,A,B,B,A
5401,36070.0,21.3,20,40,0,F,20,A,A,B,B,A
5401,36071.0,8.5,0,0,0,F,20,A,A,B,B,A
5401,36072.0,19.4,30,15,40,F,20,A,A,B,B,A
5401,36073.0,7.5,0,60,0,F,20,A,A,B,B,A
5401,36074.0,24.6,50,0,0,F,20,A,A,B,B,A
5401,36075.0,12.7,10,5,40,F,20,A,A,B,C,A
5401,36076.0,26.0,40,0,0,F,20,A,A,B,C,A
5401,36077.0,11.2,0,45,20,F,20,A,A,B,C,A
5401,36078.0,27.1,40,45,20,F,20,A,A,B,C,A
5401,36079.0,7.5,25,0,0,F,20,A,A,B,C,A
5401,36080.0,18.7,0,0,0,F,20,A,A,B,C,A
5401,36081.0,17.8,0,0,0,F,20,A,A,B,C,A
5401,36082.0,15.0,0,0,0,F,20,A,A,B,C,A
5401,36083.0,8.5,0,0,10,F,20,A,A,C,C,A
5401,36084.0,15.0,0,40,0,F,20,A,A,C,C,A
5401,36085.0,16.4,0,0,0,F,20,A,A,C,C,A
5401,36086.0,17.6,0,0,0,F,20,A,A,C,C,A
5401,36087.0,15.0,0,10,0,F,20,A,A,C,D,A
5401,36088.0,16.6,0,0,0,F,20,A,A,C,D,A
5401,36089.0,8.9,70,0,10,F,20,A,A,C,D,A
5401,36090.0,21.0,0,0,0,F,20,A,A,C,D,A
5401,36091.0,26.5,40,0,0,F,20,A,A,D,D,C
5401,36092.0,19.4,0,0,0,F,20,A,A,D,D,C
5401,36093.0,7.0,0,0,0,F,20,A,A,D,D,C
5401,36094.0,30.0,0,0,0,F,20,A,A,D,D,C
5401,36095.0,19.4,0,0,0,F,20,A,A,D,D,C
5401,36096.0,3.4,0,0,0,F,20,A,A,D,E,C
5401,36097.0,3.2,0,0,0,F,20,A,A,D,E,C
5401,36098.0,16.3,0,20,0,F,20,A,A,D,E,C
5401,36099.0,19.4,0,0,0,F,20,A,A,D,E,C
5401,36100.0,11.9,0,0,0,F,20,A,A,D,E,C
5401,36101.0,10.4,0,0,0,F,20,A,A,D,E,C
5401,36102.0,11.7,0,0,0,F,20,A,A,D,E,C
5401,36103.0,11.9,0,0,0,F,20,A,A,D,E,C
5401,36104.0,10.1,0,0,0,F,20,A,A,D,E,D
5401,36105.0,18.8,30,0,0,F,20,A,A,D,E,D
5401,36106.0,2.6,10,0,40,M,20,A,B,E,E,D
5401,36107.0,15.3,40,0,0,M,20,A,B,E,E,D
5401,36108.0,30.1,0,0,0,M,20,A,B,E,E,D
5401,36109.0,30.0,0,0,0,M,20,A,B,E,E,D
5401,36110.0,10.4,0,0,0,M,20,A,B,E,E,D
5401,36111.0,7.4,5,0,15,M,20,A,B,E,E,D
5401,36112.0,30.0,0,0,0,M,20,A,B,E,E,E
5401,36113.0,25.5,0,30,0,M,20,A,C,E,E,E
5401,36114.0,12.5,0,30,0,M,33,A,C,E,E,E
5401,36115.0,30.0,0,0,0,M,20,A,D,E,F,E
5401,36116.0,9.5,0,0,5,M,20,A,D,E,F,E
5401,36117.0,22.5,0,40,10,M,20,A,D,E,F,E
5401,36118.0,19.9,10,0,0,M,20,A,D,E,F,E
5401,36119.0,10.1,0,30,15,M,20,A,D,E,F,E
5401,36120.0,32.1,0,0,0,M,20,A,D,E,F,F
5401,36121.0,30.0,0,0,0,M,20,A,D,E,F,F
5401,36122.0,10.7,20,45,5,M,20,A,D,E,F,F
5401,36123.0,13.1,10,15,0,M,20,A,D,E,F,F
5401,36124.0,30.0,0,0,0,M,20,B,D,F,F,F
5401,36125.0,8.5,0,55,0,M,20,B,D,F,F,F
5401,36126.0,30.0,0,0,0,M,20,E,D,F,F,F
5401,36127.0,2.6,0,45,5,M,20,E,D,F,F,F
5401,36128.0,2.6,40,0,10,M,20,E,D,F,F,F
5401,36129.0,30.6,0,0,0,M,20,E,F,F,F,G
5401,36130.0,17.0,0,0,0,M,20,E,F,F,F,G
5401,36131.0,12.5,30,0,0,M,20,,,,,
5401,36132.0,19.4,0,0,0,M,20,,,,,
5401,36133.0,21.5,35,10,30,M,20,,,,,
5401,36134.0,18.4,0,0,0,M,20,,,,,
5401,36135.0,31.6,0,0,0,M,20,,,,,
5401,36136.0,5.4,0,25,0,M,20,,,,,
5401,36137.0,7.5,0,0,0,M,20,,,,,
5401,36138.0,9.5,0,0,10,M,20,,,,,
3502,36139.0,4.4,55,30,0,F,20,A,A,A,B,A
3502,36140.0,10.7,0,0,0,F,20,A,A,B,B,A
3502,36141.0,10.7,0,0,0,F,20,A,A,B,B,A
3502,36142.0,7.5,0,0,0,F,20,A,A,B,B,A
3502,36143.0,30.0,20,0,0,F,20,A,A,B,C,A
3502,36144.0,9.1,0,0,0,F,20,A,A,B,C,A
3502,36145.0,7.5,0,0,0,F,20,A,A,C,C,B
3502,36146.0,7.5,0,0,0,F,20,A,A,C,C,B
3502,36147.0,7.5,0,0,0,F,20,A,A,C,C,B
3502,36148.0,7.5,0,0,0,F,20,A,A,C,C,B
3502,36149.0,15.0,0,30,0,F,20,A,A,C,C,B
3502,36150.0,7.5,0,0,0,F,20,A,A,C,D,B
3502,36151.0,7.5,0,0,0,F,20,A,A,D,D,B
3502,36152.0,7.5,0,0,0,F,20,A,A,D,D,B
3502,36153.0,7.5,0,0,0,F,20,A,A,D,D,B
3502,36154.0,0.0,0,20,20,M,20,A,A,D,D,B
3502,36155.0,7.5,0,0,0,M,20,A,A,D,D,B
3502,36156.0,16.5,5,0,0,M,20,A,A,D,D,B
3502,36157.0,26.4,25,0,0,M,20,A,A,D,D,B
3502,36158.0,7.5,0,0,0,M,20,A,A,D,D,C
3502,36159.0,7.5,0,0,0,M,20,A,A,D,D,C
3502,36160.0,7.5,0,0,0,M,20,A,A,D,D,C
3502,36161.0,19.6,0,0,0,M,20,A,B,D,D,C
3502,36162.0,7.5,0,0,0,M,20,A,B,D,D,C
3502,36163.0,15.0,30,0,0,M,20,A,B,D,E,C
3502,36164.0,7.5,0,0,0,M,20,A,B,D,E,C
3502,36165.0,15.0,50,0,0,M,20,A,B,E,E,C
3502,36166.0,10.5,0,0,0,M,20,A,B,E,E,C
3502,36167.0,6.0,20,0,10,M,20,A,D,E,E,D
3502,36168.0,15.5,0,20,0,M,20,A,D,E,E,D
3502,36169.0,7.5,0,0,0,M,20,B,D,E,F,E
3502,36170.0,7.5,0,0,0,M,20,B,D,E,F,E
3502,36171.0,7.5,0,0,0,M,20,C,D,E,F,E
3502,36172.0,7.5,20,55,20,M,20,C,D,F,F,F
3502,36173.0,18.3,0,0,0,M,20,E,D,F,F,F
3502,36174.0,7.5,20,0,0,M,20,,,,,
3502,36175.0,11.1,0,20,20,M,20,,,,,
702,36176.0,30.0,0,0,10,F,20,A,A,A,B,A
702,36177.0,19.8,0,0,0,F,20,A,A,B,B,B
702,36178.0,14.3,0,20,0,F,20,A,A,B,B,B
702,36179.0,7.5,20,0,0,F,20,A,A,B,B,B
702,36180.0,19.8,0,40,30,F,20,A,A,B,C,B
702,36181.0,9.2,0,0,0,F,20,A,A,B,C,B
702,36182.0,10.8,0,0,0,F,20,A,A,B,C,B
702,36183.0,21.6,0,60,0,F,20,A,A,C,C,B
702,36184.0,7.5,0,0,0,F,20,A,A,C,C,B
702,36185.0,7.5,0,0,0,F,20,A,A,C,D,B
702,36186.0,7.5,0,0,0,F,20,A,A,D,D,C
702,36187.0,7.5,0,0,0,F,20,A,A,D,D,C
702,36188.0,7.5,0,0,0,M,20,A,A,D,D,C
702,36189.0,42.4,10,0,0,M,20,A,A,D,D,C
702,36190.0,7.5,0,0,0,M,20,A,A,D,D,C
702,36191.0,7.5,0,0,20,M,20,A,A,D,D,C
702,36192.0,7.5,0,0,20,M,20,A,A,D,D,C
702,36193.0,10.1,0,0,5,M,20,A,A,D,D,D
1602,36194.0,12.0,0,35,0,F,20,A,A,B,C,A
1602,36195.0,9.5,10,0,0,F,20,A,A,B,C,A
1602,36196.0,13.5,10,15,0,F,20,A,A,B,C,A
1602,36197.0,7.5,0,0,0,F,20,A,A,C,C,B
1602,36198.0,7.5,0,0,0,F,20,A,A,C,C,B
1602,36199.0,2.6,0,20,0,F,20,A,A,C,C,B
1602,36200.0,25.8,0,30,0,F,20,A,A,C,C,B
1602,36201.0,0.0,25,0,0,F,20,A,A,C,C,B
1602,36202.0,17.4,0,0,30,F,20,A,A,C,C,B
1602,36203.0,18.9,25,0,0,F,20,A,A,D,D,B
1602,36204.0,11.9,20,15,30,F,20,A,A,D,D,B
1602,36205.0,7.5,20,0,0,F,20,A,A,D,D,B
1602,36206.0,8.2,50,0,40,F,20,A,A,D,D,B
1602,36207.0,14.1,30,0,20,F,20,A,A,D,D,B
1602,36208.0,7.5,0,0,0,F,20,A,B,D,D,B
1602,36209.0,7.5,0,0,0,F,20,A,B,D,D,B
1602,36210.0,3.2,0,0,0,F,20,A,B,D,D,B
1602,36211.0,6.2,50,45,10,F,20,A,B,D,D,B
1602,36212.0,16.3,40,45,25,F,20,A,B,D,D,B
1602,36213.0,6.8,35,50,15,F,20,A,C,D,D,B
1602,36214.0,16.5,70,30,10,F,20,A,C,D,D,C
1602,36215.0,7.5,0,0,0,M,20,A,C,D,E,C
1602,36216.0,17.1,0,0,0,M,20,A,D,D,E,C
1602,36217.0,17.1,0,0,0,M,20,A,D,D,E,C
1602,36218.0,10.7,0,0,0,M,20,A,D,D,E,C
1602,36219.0,12.3,75,45,0,M,20,A,D,D,E,C
1602,36220.0,24.4,60,0,0,M,20,,,,,
1602,36221.0,0.0,0,0,0,M,20,,,,,
1602,36222.0,0.0,0,0,0,M,20,,,,,
3502,36223.0,0.0,0,0,0,F,20,A,A,A,A,A
3502,36224.0,0.0,0,0,0,F,20,A,A,A,A,A
3502,36225.0,0.0,0,0,0,F,20,A,A,B,B,A
3502,36226.0,0.0,0,0,0,F,20,A,A,B,C,B
3502,36227.0,23.0,0,0,0,F,20,A,A,B,D,B
3502,36228.0,25.7,0,0,40,F,20,A,A,C,D,B
3502,36229.0,0.0,0,0,0,F,20,A,A,C,D,B
3502,36230.0,0.0,0,0,0,M,20,A,A,D,D,B
3502,36231.0,0.0,0,0,0,M,20,A,A,D,D,B
3502,36232.0,23.6,15,40,10,M,20,A,A,D,D,B
3502,36233.0,31.9,0,0,0,M,20,A,B,D,E,B
3502,36234.0,11.2,0,0,0,M,20,A,D,D,E,C
3502,36235.0,0.0,0,0,0,M,20,A,D,D,E,C
3502,36236.0,32.0,0,0,0,M,20,A,D,D,E,C
3502,36237.0,7.6,0,0,0,M,20,A,D,D,E,C
1402,36238.0,7.5,25,0,0,F,20,A,A,B,B,A
1402,36239.0,13.3,20,35,5,F,20,A,A,B,C,B
1402,36240.0,0.0,0,0,0,F,20,A,A,C,D,B
1402,36241.0,11.1,0,0,0,M,20,A,B,D,E,C
1402,36242.0,23.8,30,15,20,M,20,A,D,D,E,C
1402,36243.0,0.0,0,0,0,M,20,A,D,D,F,C
1402,36244.0,13.1,20,30,10,M,20,A,D,D,F,C
1402,36245.0,2.6,35,0,0,M,20,B,D,F,F,C
702,36246.0,0.0,0,0,0,F,20,A,A,A,A,A
702,36247.0,7.0,0,60,20,F,20,A,A,B,A,A
702,36248.0,0.0,0,0,0,F,20,A,A,B,A,A
702,36249.0,12.7,0,0,0,F,20,A,A,B,B,A
702,36250.0,0.0,0,0,0,F,20,A,A,B,B,A
702,36251.0,0.0,0,0,0,F,20,A,A,B,B,A
702,36252.0,0.0,0,0,0,F,20,A,A,B,B,A
702,36253.0,17.5,0,0,25,F,20,A,A,B,B,A
702,36254.0,17.6,0,0,0,F,20,A,A,B,B,A
702,36255.0,16.3,0,0,15,F,20,A,A,B,B,A
702,36256.0,0.0,0,0,0,F,20,A,A,B,B,A
702,36257.0,0.0,0,0,0,F,20,A,A,B,C,A
702,36258.0,0.0,0,0,0,F,20,A,A,B,C,A
702,36259.0,0.0,0,0,0,F,20,A,A,B,C,A
702,36260.0,22.3,0,0,0,M,20,A,A,B,C,B
702,36261.0,18.4,20,5,0,M,20,A,A,B,C,B
702,36262.0,0.0,0,0,0,M,20,A,B,C,C,B
702,36263.0,18.7,0,0,0,M,20,A,B,C,C,B
702,36264.0,0.0,0,0,0,M,20,A,B,C,D,B
702,36265.0,0.0,0,0,0,M,20,A,B,C,D,B
702,36266.0,6.4,20,0,10,M,20,A,B,C,D,B
702,36267.0,11.1,50,20,5,M,20,A,D,D,D,B
702,36268.0,0.0,0,0,0,M,20,A,D,D,E,C
702,36269.0,17.6,0,30,0,M,20,A,D,D,E,D
702,36270.0,15.0,0,0,0,M,20,A,D,E,E,D
702,36271.0,0.0,0,0,0,M,20,A,D,E,F,E
2001,36272.0,0.0,45,0,0,F,20,A,A,A,B,A
2001,36273.0,0.0,0,0,0,F,20,A,A,A,B,A
2001,36274.0,0.0,0,0,0,F,20,A,A,A,B,A
2001,36275.0,0.0,0,0,0,F,20,A,A,A,B,A
2001,36276.0,0.0,0,0,0,F,20,A,A,B,B,A
2001,36277.0,0.0,0,0,0,F,20,A,A,B,B,A
2001,36278.0,25.8,0,50,0,F,20,A,A,B,B,A
2001,36279.0,0.0,0,0,0,F,20,A,A,B,B,A
2001,36280.0,32.9,0,60,15,F,20,A,A,B,B,A
2001,36281.0,9.7,0,0,0,F,20,A,A,B,B,A
2001,36282.0,0.0,0,0,0,F,20,A,A,B,B,A
2001,36283.0,0.0,0,0,0,F,20,A,A,B,B,A
2001,36284.0,0.0,0,0,0,F,20,A,A,B,B,A
2001,36285.0,7.5,0,15,10,F,20,A,A,B,B,A
2001,36286.0,40.9,25,0,0,F,20,A,A,B,B,A
2001,36287.0,0.0,0,0,0,F,20,A,A,B,B,B
2001,36288.0,0.0,0,0,0,F,20,A,B,C,C,B
2001,36289.0,22.2,20,45,10,F,20,A,B,C,D,B
2001,36290.0,0.0,0,0,0,F,20,A,B,C,D,B
2001,36291.0,0.0,0,0,0,F,20,A,B,C,D,B
1502,36292.0,0.0,0,0,0,F,20,A,A,B,B,A
1502,36293.0,1.0,25,35,10,F,20,A,A,B,B,B
1502,36294.0,1.6,20,40,5,F,20,A,A,B,B,B
1502,36295.0,0.0,0,0,0,F,20,A,A,B,C,B
1502,36296.0,16.0,0,0,40,F,20,A,A,B,C,B
1502,36297.0,10.9,0,0,0,F,20,A,A,C,C,B
1502,36298.0,0.0,0,0,0,F,20,A,B,C,D,B
1502,36299.0,0.0,0,0,0,F,20,A,B,D,D,B
1502,36300.0,0.0,0,0,0,F,20,A,B,D,D,B
1502,36301.0,11.5,25,15,30,F,20,A,C,D,D,B
1502,36302.0,0.0,0,0,0,F,20,A,C,D,D,B
1502,36303.0,0.0,0,0,0,F,20,A,D,D,D,B
1502,36304.0,0.0,0,0,0,F,20,A,D,D,E,C
1502,36305.0,8.8,30,60,0,M,20,A,D,D,E,C
1502,36306.0,17.3,30,60,0,M,20,A,D,D,E,C
1502,36307.0,0.0,0,0,0,M,20,A,D,D,E,C
1502,36308.0,12.1,10,15,15,M,20,A,D,D,E,D
1502,36309.0,11.9,0,10,20,M,20,A,D,E,F,D
1502,36310.0,17.0,0,0,15,M,20,B,D,E,F,D
1502,36311.0,8.2,0,0,0,M,20,B,D,F,F,E
1502,36312.0,12.2,40,0,30,M,20,B,F,F,F,F
4004,36313.0,30.3,25,0,0,F,20,A,A,B,A,A
4004,36314.0,31.9,0,0,0,F,20,A,A,B,B,A
4004,36315.0,3.8,0,40,10,F,20,A,A,B,C,B
4004,36316.0,22.5,0,0,0,F,20,A,A,B,C,B
4004,36317.0,18.0,0,0,0,M,20,A,A,C,D,B
4004,36318.0,11.3,0,45,0,M,20,A,A,C,D,C
4004,36319.0,8.4,10,10,0,M,20,A,A,C,D,C
4004,36320.0,20.3,0,0,0,M,20,A,A,C,D,C
4004,36321.0,14.3,15,0,40,M,20,A,A,C,D,C
4004,36322.0,23.5,0,0,0,M,20,A,A,C,D,C
4004,36323.0,24.5,55,0,0,M,20,A,A,D,D,C
4004,36324.0,22.5,0,0,0,M,20,A,A,D,D,C
4004,36325.0,8.5,0,0,20,M,20,A,A,D,D,D
4004,36326.0,4.6,0,0,0,M,20,A,A,D,E,D
4004,36327.0,12.5,0,35,0,M,20,A,A,D,E,D
4004,36328.0,2.0,0,0,0,M,20,A,A,D,E,D
4004,36329.0,5.0,0,20,0,M,20,A,A,D,E,D
4004,36330.0,11.3,0,0,0,M,20,A,B,D,E,D
4004,36331.0,0.0,0,30,0,M,20,A,B,E,E,D
4004,36332.0,3.2,50,5,0,M,20,A,D,E,F,E
4004,36333.0,17.0,15,0,20,M,20,A,D,E,F,E
4004,36334.0,22.5,0,0,0,M,20,A,D,E,F,E
4004,36335.0,26.0,50,0,0,M,20,A,D,F,F,E
4004,36336.0,22.5,0,0,0,M,20,A,D,F,F,F
4004,36337.0,22.5,0,0,0,M,20,A,D,F,F,F
4004,36338.0,22.5,0,0,0,M,20,A,D,F,F,F
4004,36339.0,27.5,35,5,0,M,20,B,F,F,F,G
3502,36340.0,18.8,15,0,10,F,20,A,A,A,B,A
3502,36341.0,22.5,0,0,0,F,20,A,A,A,B,A
3502,36342.0,12.1,50,20,0,F,20,A,A,B,B,B
3502,36343.0,4.4,0,0,0,F,20,A,A,B,B,B
3502,36344.0,16.4,40,0,0,F,20,A,A,B,B,B
3502,36345.0,8.5,15,5,0,F,20,A,A,C,C,B
3502,36346.0,21.5,35,45,0,F,20,A,A,D,D,B
3502,36347.0,22.5,0,0,0,F,20,A,A,D,D,B
3502,36348.0,0.0,30,0,0,F,20,A,A,D,D,C
3502,36349.0,13.5,0,30,0,F,20,A,A,D,D,C
3502,36350.0,16.7,0,0,40,F,20,A,A,D,E,C
3502,36351.0,22.5,0,0,0,F,20,A,A,D,E,D
3502,36352.0,22.5,0,0,0,F,20,A,A,D,E,D
3502,36353.0,21.8,0,0,0,F,20,A,B,E,E,D
3502,36354.0,22.5,0,0,0,M,20,B,D,F,F,F
3502,36355.0,15.0,0,20,0,M,20,,,,,
3502,36356.0,9.5,20,10,0,M,20,,,,,
3502,36357.0,15.3,75,30,0,M,20,,,,,
3502,36358.0,10.7,0,50,0,M,20,,,,,
3502,36359.0,25.8,25,25,0,M,20,,,,,
3502,36360.0,15.0,25,5,20,M,20,,,,,
3502,36361.0,22.5,0,0,0,M,20,,,,,
3502,36362.0,17.2,0,35,0,M,20,,,,,
3502,36363.0,15.0,25,15,10,M,20,,,,,
3502,36364.0,22.5,0,0,0,M,20,,,,,
3502,36365.0,17.5,60,40,0,M,20,,,,,
3502,36366.0,22.5,0,0,0,M,20,,,,,
3502,36367.0,33.9,0,0,0,M,20,,,,,
702,36368.0,18.0,0,0,0,F,20,A,A,B,B,B
702,36369.0,15.0,50,0,0,F,20,A,A,B,B,B
702,36370.0,0.0,0,30,0,F,20,A,A,C,C,B
702,36371.0,12.5,10,25,0,F,20,A,A,D,C,B
702,36372.0,13.5,25,10,25,F,20,A,A,D,C,B
702,36373.0,22.5,0,0,0,F,20,A,A,D,D,B
702,36374.0,17.0,55,50,5,F,20,A,A,D,D,C
702,36375.0,18.0,0,0,0,F,20,A,A,D,D,C
702,36376.0,17.0,10,15,10,F,20,A,A,D,D,C
702,36377.0,15.0,0,0,50,F,20,A,A,D,D,C
702,36378.0,14.5,30,15,10,F,20,A,A,D,D,C
702,36379.0,32.4,0,0,0,F,20,A,A,D,D,C
702,36380.0,13.5,0,0,30,M,20,A,A,D,D,D
1501,36381.0,10.5,15,55,10,F,20,A,A,D,E,C
1501,36382.0,22.5,0,0,0,F,20,A,B,D,E,C
1501,36383.0,22.5,0,0,0,F,20,A,B,D,E,C
1501,36384.0,7.5,20,0,80,F,20,A,C,D,E,D
1501,36385.0,11.3,0,75,0,F,20,A,C,D,E,D
1501,36386.0,22.5,0,0,0,M,20,,,,,
1501,36387.0,2.0,10,35,20,M,20,,,,,
1501,36388.0,4.8,0,0,0,M,20,,,,,
1501,36389.0,8.5,0,0,0,M,20,,,,,
1501,36390.0,14.7,35,0,20,M,20,,,,,
1501,36391.0,7.5,0,0,0,M,20,,,,,
1501,36392.0,14.3,25,0,40,M,20,,,,,
1501,36393.0,11.8,0,0,0,M,20,,,,,
1402,36394.0,6.4,0,50,30,F,20,A,A,A,B,A
1402,36395.0,9.9,10,5,0,F,20,A,A,B,B,A
1402,36396.0,8.4,0,0,0,M,20,A,A,B,C,A
1402,36397.0,30.0,20,0,0,M,20,A,A,B,C,B
1402,36398.0,4.2,0,0,0,M,20,A,A,B,C,B
1402,36399.0,14.5,0,50,0,M,20,A,A,C,C,B
1402,36400.0,9.6,25,0,0,M,20,A,A,D,D,B
1402,36401.0,16.5,30,5,10,M,20,A,A,D,D,C
1402,36402.0,17.0,25,0,15,M,20,A,A,D,D,C
1402,36403.0,14.3,25,10,0,M,20,A,A,D,D,C
1402,36404.0,20.8,0,0,0,M,20,A,A,D,D,C
1402,36405.0,21.0,0,0,0,M,20,A,A,D,D,C
1402,36406.0,8.4,0,0,0,M,20,A,B,D,D,C
1402,36407.0,20.2,25,0,0,M,20,A,D,E,D,C
1402,36408.0,10.1,10,45,0,M,20,A,D,E,E,C
1402,36409.0,7.5,0,0,30,M,20,A,D,E,E,D
3002,36410.0,5.0,0,0,0,F,20,A,A,A,A,A
3002,36411.0,4.4,30,20,0,F,20,A,A,A,B,A
3002,36412.0,0.0,0,0,5,F,20,A,A,A,B,B
3002,36413.0,15.0,0,0,55,F,20,A,A,B,B,B
3002,36414.0,12.9,0,35,0,F,20,A,A,B,B,B
3002,36415.0,0.0,0,5,0,F,20,A,A,B,B,B
3002,36416.0,7.5,30,0,0,F,20,A,A,B,C,B
3002,36417.0,7.5,45,60,0,F,20,A,A,B,C,B
3002,36418.0,9.5,10,70,10,F,20,A,A,C,C,B
3002,36419.0,11.9,0,0,0,F,20,A,A,C,C,B
3002,36420.0,22.6,0,15,50,F,20,A,A,C,C,B
3002,36421.0,18.4,0,0,0,F,20,A,A,C,C,B
3002,36422.0,0.0,0,5,0,M,20,A,A,D,D,B
3002,36423.0,18.6,0,0,0,M,20,A,A,D,D,C
3002,36424.0,17.0,0,10,0,M,20,A,B,D,D,C
3002,36425.0,4.8,0,0,0,M,20,B,D,E,F,D
3002,36426.0,23.4,25,30,0,M,20,C,D,E,F,D
3002,36427.0,7.5,40,65,0,M,34,D,D,E,F,E
3002,36428.0,19.3,0,0,25,M,20,,,,,
3002,36429.0,13.6,0,0,40,M,20,,,,,
3002,36430.0,11.9,0,0,0,M,20,,,,,
1602,36431.0,22.0,0,0,0,F,20,A,A,C,D,B
1602,36432.0,7.5,0,20,10,F,20,A,A,C,D,B
1602,36433.0,8.5,0,0,0,F,20,A,A,C,D,B
1602,36434.0,11.9,30,45,0,F,20,A,A,C,D,B
1602,36435.0,7.5,55,40,10,F,20,A,A,C,D,B
1602,36436.0,7.5,0,0,30,F,20,A,A,C,D,B
1602,36437.0,10.9,0,0,0,F,20,A,A,D,D,C
1602,36438.0,27.0,15,30,5,F,20,A,A,D,D,C
1602,36439.0,22.5,0,0,0,F,20,A,A,D,D,C
1602,36440.0,23.5,0,0,0,F,20,A,A,D,E,C
1602,36441.0,14.5,0,30,0,F,20,A,A,D,E,C
1602,36442.0,9.0,0,0,0,M,20,A,A,D,E,C
1602,36443.0,22.5,0,0,0,M,20,A,A,D,E,C
1602,36444.0,10.9,0,0,0,M,20,A,A,D,E,D
1602,36445.0,18.2,0,20,0,M,20,A,A,D,E,D
1602,36446.0,15.0,0,25,0,M,20,A,A,D,E,D
1602,36447.0,21.4,0,0,0,M,20,A,B,E,E,D
1602,36448.0,9.0,0,0,0,M,20,A,B,E,E,D
1602,36449.0,19.0,0,0,0,M,20,A,B,E,F,D
1602,36450.0,15.9,10,30,10,M,20,A,D,E,F,E
1602,36451.0,21.2,0,0,0,M,20,A,D,E,F,E
1602,36452.0,10.5,25,15,15,M,20,A,D,E,F,E
1602,36453.0,9.1,0,0,0,M,20,A,D,E,F,E
1602,36454.0,7.5,0,0,50,M,20,A,D,E,F,F
1602,36455.0,22.5,40,0,40,M,20,A,D,F,F,F
1602,36456.0,22.5,0,0,0,M,20,A,F,F,F,F
1602,36457.0,13.9,0,0,0,M,20,A,F,F,F,G
5402,36458.0,17.2,0,20,0,F,20,A,A,A,B,A
5402,36459.0,10.5,30,0,0,F,20,A,A,C,D,B
5402,36460.0,18.8,0,0,0,F,20,A,A,C,D,C
5402,36461.0,13.3,35,20,10,F,20,A,A,C,D,C
5402,36462.0,12.7,50,0,20,F,20,A,A,D,D,C
5402,36463.0,1.0,0,0,0,F,20,A,A,D,D,C
5402,36464.0,30.0,30,0,0,F,20,A,A,D,D,C
5402,36465.0,10.1,15,0,0,F,20,A,A,D,D,C
5402,36466.0,14.5,0,30,0,F,20,A,A,E,D,C
5402,36467.0,1.0,0,0,0,F,20,A,A,E,E,C
5402,36468.0,15.0,0,0,0,F,20,A,B,E,E,D
5402,36469.0,18.7,0,25,0,F,20,A,B,E,E,D
5402,36470.0,5.4,0,0,0,F,20,A,B,E,F,D
5402,36471.0,10.0,15,0,0,F,20,A,B,F,F,E
5402,36472.0,9.9,25,0,0,F,20,C,D,F,F,E
5402,36473.0,7.2,0,0,0,F,20,E,D,F,F,F
5402,36474.0,17.3,10,0,30,M,20,,,,,
5402,36475.0,1.0,0,0,0,M,20,,,,,
2402,36476.0,11.5,15,45,20,F,20,A,A,B,A,A
2402,36477.0,8.5,10,15,0,F,20,A,A,B,B,A
2402,36478.0,9.1,0,0,0,F,20,A,A,B,B,A
2402,36479.0,1.0,0,0,0,F,20,A,A,B,B,A
2402,36480.0,16.3,0,15,0,F,20,A,A,B,B,A
2402,36481.0,16.0,30,0,20,F,20,A,A,B,B,A
2402,36482.0,16.0,0,50,0,F,20,A,A,B,B,A
2402,36483.0,22.5,30,50,0,F,20,A,A,B,B,A
2402,36484.0,22.0,0,5,5,F,20,A,A,C,C,B
2402,36485.0,6.4,30,0,10,F,20,A,A,C,C,B
2402,36486.0,12.1,35,30,10,F,20,A,A,C,C,B
2402,36487.0,7.5,0,0,0,F,20,A,A,C,C,B
2402,36488.0,22.8,0,0,0,F,20,A,A,C,C,B
2402,36489.0,2.4,15,40,15,F,20,A,A,C,C,B
2402,36490.0,7.5,0,25,0,F,20,A,A,C,C,B
2402,36491.0,7.5,0,0,0,F,20,A,A,C,D,B
2402,36492.0,24.2,75,0,0,F,20,A,A,D,D,B
2402,36493.0,1.6,0,0,0,F,20,A,A,D,D,B
2402,36494.0,2.6,60,0,10,F,20,A,A,D,D,B
2402,36495.0,7.5,0,0,0,F,20,A,A,D,D,B
2402,36496.0,7.5,0,0,0,F,20,A,A,D,D,B
2402,36497.0,5.6,80,50,65,F,20,A,A,D,D,B
2402,36498.0,5.8,0,0,0,F,20,A,A,D,D,B
2402,36499.0,9.5,0,0,0,F,20,A,A,D,D,B
2402,36500.0,7.5,0,0,0,F,20,A,A,D,D,B
2402,36501.0,7.5,0,0,0,F,20,A,A,D,D,B
2402,36502.0,7.5,0,0,0,F,20,A,A,D,D,B
2402,36503.0,9.5,20,0,0,F,20,A,A,D,D,B
2402,36504.0,1.4,0,0,0,F,20,A,A,D,D,B
2402,36505.0,5.6,0,0,0,M,20,A,A,D,D,C
2402,36506.0,7.5,0,0,0,M,20,A,A,D,D,C
2402,36507.0,19.2,0,0,0,M,20,A,A,D,D,C
2402,36508.0,22.5,0,35,30,M,20,A,A,D,D,C
2402,36509.0,12.3,20,10,25,M,20,A,A,D,D,C
2402,36510.0,20.6,10,0,10,M,20,A,A,D,D,C
2402,36511.0,17.0,0,0,15,M,20,A,A,D,D,C
2402,36512.0,0.0,0,0,10,M,20,A,A,D,D,C
2402,36513.0,9.5,0,0,0,M,20,A,A,D,E,C
2402,36514.0,7.5,0,0,0,M,20,A,A,E,E,C
2402,36515.0,23.0,0,0,0,M,20,A,A,E,E,C
2402,36516.0,8.6,35,35,30,M,20,A,A,E,E,C
2402,36517.0,24.2,70,0,0,M,20,A,B,E,E,C
2402,36518.0,7.5,0,0,0,M,20,A,B,E,E,D
2402,36519.0,11.3,0,0,0,M,20,A,B,E,E,D
2402,36520.0,7.5,0,0,0,M,20,A,B,E,E,D
2402,36521.0,27.5,50,0,0,M,20,A,B,E,E,D
2402,36522.0,19.2,0,0,0,M,20,A,B,E,E,D
2402,36523.0,9.4,0,0,0,M,20,A,C,E,F,D
2402,36524.0,14.1,0,40,10,M,20,A,D,E,F,D
2402,36525.0,30.0,0,25,0,M,20,A,D,E,F,E
2402,36526.0,11.9,30,60,0,M,20,A,D,E,F,E
2402,36527.0,19.4,0,0,0,M,20,A,D,E,F,E
2402,36528.0,11.1,0,0,0,M,20,A,D,E,F,E
2402,36529.0,7.5,5,15,15,M,20,A,D,E,F,E
2402,36530.0,14.9,35,0,0,M,20,A,D,E,F,E
2402,36531.0,7.5,0,0,0,M,20,A,D,E,F,E
2402,36532.0,7.5,0,0,0,M,20,A,D,E,F,E
2402,36533.0,19.0,0,0,25,M,20,A,D,F,F,E
2402,36534.0,9.5,0,0,0,M,20,A,D,F,F,E
2402,36535.0,7.5,0,0,0,M,20,B,D,F,F,F
2402,36536.0,7.5,0,0,0,M,20,C,D,F,F,F
2402,36537.0,7.5,0,0,0,M,20,E,D,F,F,F
2402,36538.0,7.5,0,0,0,M,20,,,,,
2402,36539.0,7.5,0,0,0,M,20,,,,,
2402,36540.0,19.1,0,0,0,M,20,,,,,
2402,36541.0,7.5,35,0,0,M,20,,,,,
2402,36542.0,17.0,0,15,30,M,20,,,,,
2402,36543.0,12.1,5,0,0,M,20,,,,,
2402,36544.0,14.9,15,25,20,M,20,,,,,
2402,36545.0,7.5,10,10,15,M,20,,,,,
2402,36546.0,17.0,15,30,0,M,20,,,,,
2402,36547.0,23.8,0,0,0,M,20,,,,,
2402,36548.0,0.0,0,10,0,M,20,,,,,
2402,36549.0,9.5,0,0,0,M,20,,,,,
2402,36550.0,5.6,0,0,0,M,20,,,,,
2402,36551.0,3.8,0,60,0,M,20,,,,,
2402,36552.0,9.5,0,0,0,M,20,,,,,
2402,36553.0,0.0,70,15,0,M,20,,,,,
2402,36554.0,10.1,40,45,5,M,20,,,,,
2402,36555.0,7.5,35,0,0,M,20,,,,,
2402,36556.0,17.0,20,0,25,M,20,,,,,
2402,36557.0,7.5,0,0,0,M,20,,,,,
2402,36558.0,13.3,40,30,0,M,20,,,,,
2402,36559.0,7.5,0,0,0,M,20,,,,,
4004,36560.0,19.2,0,0,0,M,20,A,A,D,D,B
4004,36561.0,5.8,30,45,15,M,20,A,A,D,D,B
4004,36562.0,7.5,0,0,0,M,20,A,A,D,D,B
4004,36563.0,9.5,35,30,0,M,20,A,A,D,D,B
4004,36564.0,0.0,0,10,0,M,20,A,A,D,D,C
4004,36565.0,0.0,30,15,40,M,20,A,A,D,E,C
4004,36566.0,7.5,0,0,0,M,20,A,A,D,E,C
4004,36567.0,9.5,0,0,0,M,20,A,A,E,E,C
4004,36568.0,21.0,25,0,0,M,20,A,A,E,E,C
4004,36569.0,31.0,0,10,0,M,20,A,A,E,E,D
4004,36570.0,23.3,0,45,15,M,20,A,A,E,E,D
4004,36571.0,15.1,80,20,15,M,20,A,A,E,E,D
4004,36572.0,19.4,0,0,0,M,20,A,A,E,E,D
4004,36573.0,7.5,0,0,0,M,20,A,A,E,E,D
4004,36574.0,4.8,0,30,0,M,20,A,A,E,E,D
4004,36575.0,0.0,10,0,0,M,20,A,A,E,E,D
4004,36576.0,11.8,50,0,30,M,20,A,A,E,E,E
4004,36577.0,0.0,0,0,10,M,20,A,C,E,E,E
4004,36578.0,7.5,15,0,20,M,20,A,D,E,F,E
4004,36579.0,18.4,15,0,20,M,20,A,D,E,F,F
4004,36580.0,21.6,0,0,0,M,20,A,D,E,F,F
4004,36581.0,14.5,55,0,0,M,20,A,F,F,F,F
4004,36582.0,11.9,0,0,5,M,20,A,F,F,F,F
4004,36583.0,28.3,20,5,20,M,20,,,,,
3202,36584.0,19.6,0,15,0,F,20,A,A,B,B,A
3202,36585.0,7.5,0,0,0,F,20,A,A,B,B,B
3202,36586.0,14.6,10,60,50,F,20,A,A,B,B,B
3202,36587.0,0.0,0,0,10,F,20,A,A,B,C,B
3202,36588.0,12.5,0,0,0,F,20,A,A,B,C,B
3202,36589.0,1.6,0,0,0,F,20,A,A,B,C,B
3202,36590.0,17.0,50,65,5,F,20,A,A,B,C,B
3202,36591.0,12.7,0,0,0,F,20,A,A,C,C,B
3202,36592.0,7.0,10,0,30,M,20,A,A,C,D,B
3202,36593.0,0.0,0,0,10,M,20,A,A,C,D,B
3202,36594.0,2.0,0,0,0,M,20,A,A,C,D,B
3202,36595.0,10.9,15,0,0,M,20,A,A,C,D,B
3202,36596.0,17.9,0,20,0,M,20,A,A,C,E,C
3202,36597.0,2.0,0,0,0,M,20,A,A,D,E,C
3202,36598.0,17.4,0,30,0,M,20,A,A,D,E,C
3202,36599.0,18.0,75,25,0,M,20,A,A,D,E,C
3202,36600.0,19.8,30,0,0,M,20,A,A,D,E,C
3202,36601.0,22.2,0,0,0,M,20,A,B,D,E,C
3202,36602.0,4.0,70,45,20,M,20,B,B,D,E,C
3202,36603.0,3.6,0,0,0,M,20,C,C,D,E,D
3202,36604.0,21.0,0,0,0,M,20,E,C,E,F,D
3202,36605.0,7.5,0,40,0,M,20,E,D,E,F,D
3202,36606.0,17.1,0,25,0,M,20,E,D,F,F,E
3202,36607.0,22.0,0,0,0,M,20,E,F,F,F,E
4301,36608.0,8.5,5,5,20,F,20,A,A,A,A,A
4301,36609.0,24.1,0,0,0,F,20,A,A,C,C,B
4301,36610.0,10.9,15,0,0,F,20,A,A,D,C,B
4301,36611.0,15.0,30,30,0,M,20,A,A,D,D,B
4301,36612.0,17.5,30,0,0,M,20,A,B,E,D,D
4301,36613.0,33.4,0,0,0,M,20,A,B,E,E,D
4301,36614.0,0.0,0,0,0,M,20,A,C,E,E,E
4301,36615.0,11.5,0,0,0,M,20,B,D,E,E,E
4301,36616.0,0.0,0,0,0,M,20,B,D,E,E,F
4301,36617.0,34.9,0,0,0,M,20,B,D,E,F,F
4301,36618.0,0.0,0,0,0,M,20,B,F,F,F,F
3202,36619.0,16.0,30,0,25,M,20,,,,,
2001,36620.0,27.3,0,50,0,F,20,A,A,A,A,A
2001,36621.0,7.5,0,30,50,F,20,A,A,A,B,A
2001,36622.0,20.8,0,0,0,F,20,A,A,D,D,D
2001,36623.0,0.0,0,0,0,F,20,A,A,D,D,D
2001,36624.0,30.9,30,0,0,F,20,A,A,D,D,D
2001,36625.0,18.6,20,15,0,F,20,A,A,D,D,D
2001,36626.0,7.5,70,30,10,F,20,A,A,D,D,D
2001,36627.0,6.4,20,15,10,F,20,A,A,D,D,D
2001,36628.0,15.5,55,30,30,F,20,A,A,D,D,D
2001,36629.0,15.0,0,30,0,F,20,A,A,D,D,D
2001,36630.0,5.0,35,10,10,F,20,A,A,D,D,D
2001,36631.0,12.8,50,90,10,F,20,A,A,D,D,D
2001,36632.0,7.5,20,15,5,F,20,A,A,D,D,D
2001,36633.0,19.4,25,0,0,F,20,A,A,D,D,D
2001,36634.0,7.5,20,0,20,F,20,A,A,D,D,D
2001,36635.0,18.6,0,25,0,F,20,A,A,D,D,D
2001,36636.0,13.1,0,0,0,F,20,A,A,D,E,D
2001,36637.0,0.0,0,0,0,F,20,A,A,D,E,D
2001,36638.0,16.0,30,5,20,F,20,A,A,D,E,D
2001,36639.0,8.5,30,0,0,F,20,A,A,D,E,D
2001,36640.0,20.7,20,0,5,F,20,A,A,D,E,E
2001,36641.0,8.1,10,0,0,F,20,A,A,D,E,E
2001,36642.0,9.9,0,0,0,F,20,B,A,D,E,E
2001,36643.0,8.0,20,10,5,F,20,B,A,D,E,E
2001,36644.0,16.0,10,45,0,F,20,B,A,D,E,E
2001,36645.0,2.0,40,30,5,F,20,B,B,E,F,E
2001,36646.0,7.5,0,40,0,F,20,B,B,E,F,E
2001,36647.0,10.5,40,50,0,F,20,B,B,E,F,E
2001,36648.0,22.5,0,0,10,F,20,B,C,E,F,E
2001,36649.0,11.5,40,45,0,F,20,B,C,E,F,E
2001,36650.0,8.4,0,20,10,F,20,B,D,E,F,E
2001,36651.0,2.0,0,0,0,F,20,B,D,E,F,E
2001,36652.0,7.5,0,0,0,F,20,B,D,E,F,E
2001,36653.0,6.4,0,0,0,F,20,B,D,E,F,E
2001,36654.0,22.5,0,0,0,F,20,B,D,E,F,F
2001,36655.0,18.7,25,0,0,F,20,B,D,E,F,F
2001,36656.0,4.6,20,0,40,F,20,B,D,F,F,F
2001,36657.0,9.4,30,45,25,F,20,D,F,F,F,F
2001,36658.0,13.5,50,15,10,M,20,E,F,F,F,F
3502,36659.0,22.5,0,0,0,F,20,A,A,A,B,A
3502,36660.0,22.5,0,0,0,F,20,A,A,B,B,A
3502,36661.0,32.8,0,0,20,F,20,A,A,B,B,B
3502,36662.0,7.5,50,0,65,F,20,A,A,B,B,B
3502,36663.0,5.4,30,0,25,F,20,A,A,B,C,B
3502,36664.0,15.0,0,0,0,F,20,A,A,B,C,B
3502,36665.0,22.5,0,0,0,F,20,A,A,B,C,B
3502,36666.0,5.6,0,20,10,F,20,A,A,C,C,B
3502,36667.0,16.5,20,35,0,M,20,A,A,C,C,B
3502,36668.0,22.5,0,0,0,M,20,A,A,C,D,B
3502,36669.0,7.5,50,0,65,M,20,A,A,C,D,B
3502,36670.0,8.5,0,0,0,M,20,A,A,C,D,B
3502,36671.0,2.2,0,0,0,M,20,A,A,C,D,B
3502,36672.0,22.5,0,0,0,M,20,A,A,C,D,B
3502,36673.0,22.5,0,0,0,M,20,A,A,C,D,B
3502,36674.0,22.5,0,0,0,M,20,A,B,D,D,C
3502,36675.0,22.5,0,0,0,M,20,A,D,D,D,C
3502,36676.0,22.5,0,0,0,M,20,A,D,D,D,C
3502,36677.0,10.1,0,0,0,M,20,,,,,
702,36678.0,17.2,20,20,10,F,20,A,A,A,A,B
702,36679.0,18.1,20,5,20,F,20,A,A,B,B,B
702,36680.0,15.0,0,0,0,F,20,A,A,B,B,B
702,36681.0,7.8,40,0,0,F,20,A,A,B,B,B
702,36682.0,15.0,0,0,0,F,20,A,A,B,B,B
702,36683.0,22.5,0,0,0,F,20,A,A,C,C,B
702,36684.0,22.5,0,0,0,F,20,A,A,C,C,C
702,36685.0,17.0,0,20,0,F,20,A,A,C,C,C
702,36686.0,30.9,0,25,0,F,20,A,A,C,C,C
702,36687.0,22.5,0,0,0,F,20,A,A,C,C,C
702,36688.0,8.5,10,0,25,M,20,A,A,D,C,C
702,36689.0,22.5,0,0,0,M,20,A,A,D,D,C
702,36690.0,8.2,100,80,5,M,20,A,A,D,D,D
702,36691.0,4.2,0,0,0,M,20,A,A,D,D,D
702,36692.0,15.0,0,0,0,M,20,A,A,D,E,D
702,36693.0,15.0,0,0,0,M,20,A,A,D,E,D
702,36694.0,20.0,0,0,0,M,20,A,A,D,E,D
702,36695.0,26.5,0,0,0,M,20,A,D,E,F,E
1601,36696.0,15.0,0,0,0,F,20,A,A,B,B,A
1601,36697.0,22.5,0,0,0,F,20,A,A,B,B,A
1601,36698.0,22.5,0,0,0,F,20,A,A,C,D,B
1601,36699.0,22.5,0,0,0,F,20,A,A,C,D,B
1601,36700.0,22.5,0,0,0,F,20,A,A,C,D,B
1601,36701.0,18.9,0,25,0,F,20,A,A,D,D,C
1601,36702.0,10.1,0,0,0,F,20,A,A,D,D,C
1601,36703.0,22.5,0,0,0,F,20,A,A,D,D,C
1601,36704.0,17.2,10,0,40,F,20,A,A,D,E,D
1601,36705.0,13.9,20,0,50,F,20,A,A,D,E,D
1601,36706.0,18.6,15,25,0,F,20,A,A,E,E,D
1601,36707.0,9.1,20,10,0,F,20,A,A,E,E,E
1601,36708.0,21.4,25,50,20,F,20,A,A,F,E,E
1601,36709.0,12.3,10,0,0,M,20,A,A,F,F,E
1601,36710.0,28.2,30,10,10,M,20,A,A,F,F,E
1601,36711.0,29.2,25,0,0,M,20,A,A,F,F,E
1601,36712.0,13.1,0,45,0,M,20,A,A,F,F,F
1601,36713.0,6.4,0,0,0,M,20,A,A,F,F,F
4004,36714.0,22.5,0,0,0,F,20,A,A,B,C,B
4004,36715.0,6.6,30,45,15,M,20,A,A,B,D,D
4004,36716.0,19.1,5,15,15,M,20,A,A,C,D,D
4004,36717.0,22.5,0,0,0,M,20,A,A,C,D,D
4004,36718.0,15.0,0,0,0,M,20,A,A,D,D,D
4004,36719.0,20.0,0,0,0,M,20,A,A,D,D,E
4004,36720.0,8.5,0,0,0,M,20,A,A,D,D,E
4004,36721.0,18.0,25,5,15,M,20,A,A,D,D,E
4004,36722.0,13.9,10,30,0,M,20,A,A,D,D,E
4004,36723.0,22.5,0,0,0,M,20,A,A,D,E,E
4004,36724.0,22.5,0,0,0,M,20,A,A,D,E,E
4004,36725.0,20.0,0,0,0,M,20,A,A,E,E,E
4004,36726.0,14.9,0,50,0,M,20,A,A,E,E,E
4004,36727.0,18.6,10,0,30,M,20,A,A,E,E,E
4004,36728.0,10.3,10,0,10,M,20,A,A,E,E,E
4004,36729.0,22.5,0,0,0,M,20,A,A,E,E,F
4004,36730.0,22.5,0,0,0,M,20,A,A,E,E,F
4004,36731.0,7.2,0,70,15,M,20,A,A,E,E,F
4004,36732.0,8.5,30,45,0,M,20,A,A,E,E,F
4004,36733.0,4.2,75,30,0,M,20,A,A,E,E,F
4004,36734.0,22.5,0,0,0,M,20,A,A,E,E,F
4004,36735.0,22.6,0,0,0,M,20,A,A,E,E,F
4004,36736.0,10.1,0,0,0,M,20,A,A,E,E,F
4004,36737.0,11.3,10,5,0,M,20,A,B,F,F,F
4004,36738.0,22.5,0,0,0,M,20,A,C,F,F,F
4004,36739.0,22.5,0,0,0,M,20,A,C,F,F,G
4004,36740.0,22.5,0,0,0,M,20,A,C,F,F,G
4004,36741.0,22.5,0,0,0,M,20,A,C,F,F,G
4004,36742.0,22.5,0,0,0,M,20,A,D,F,F,G
4004,36743.0,22.5,0,0,0,M,20,A,F,F,F,G
4004,36744.0,22.5,0,0,0,M,20,,,,,
4004,36745.0,10.3,20,0,0,M,20,,,,,
4004,36746.0,27.4,10,35,10,M,20,,,,,
4004,36747.0,16.0,0,0,30,M,20,,,,,
3202,36748.0,8.8,0,0,0,F,20,A,A,B,B,A
3202,36749.0,8.8,0,0,0,F,20,A,A,B,B,A
3202,36750.0,17.6,0,50,0,F,20,A,A,B,D,B
3202,36751.0,1.0,0,40,0,F,20,A,A,D,D,B
3202,36752.0,17.3,30,0,20,M,20,A,B,D,D,B
3202,36753.0,25.1,0,0,0,M,20,A,B,D,D,B
3202,36754.0,27.8,50,30,50,M,20,A,D,D,D,B
3202,36755.0,16.7,0,15,25,M,20,A,D,D,D,B
3202,36756.0,5.6,20,10,25,M,20,A,D,D,E,C
3202,36757.0,33.2,0,0,10,M,20,C,D,E,F,D
2001,36758.0,10.5,0,0,0,F,20,A,A,B,B,A
2001,36759.0,22.9,0,0,0,F,20,A,A,B,B,A
2001,36760.0,10.5,0,0,0,F,20,A,B,C,C,A
2001,36761.0,10.5,0,0,0,F,20,A,D,C,C,A
2001,36762.0,22.8,0,0,0,F,20,A,D,C,D,A
2001,36763.0,2.6,55,0,0,F,20,A,D,C,D,A
2001,36764.0,23.9,0,0,0,F,20,A,D,D,D,B
2001,36765.0,10.1,0,55,15,F,20,A,D,D,D,B
2001,36766.0,11.5,0,60,0,F,20,B,D,D,D,B
2001,36767.0,10.5,0,0,0,F,20,B,D,D,E,B
2001,36768.0,12.3,0,0,0,F,20,B,D,D,E,B
2001,36769.0,11.5,50,35,5,F,20,B,D,D,E,B
2001,36770.0,12.7,10,0,0,F,20,B,D,D,E,C
2001,36771.0,8.4,0,15,0,F,20,E,F,F,F,D
2001,36772.0,11.4,100,0,65,F,20,,,,,
2402,36773.0,20.4,0,0,0,F,20,A,A,A,B,A
2402,36774.0,35.7,0,0,0,F,20,A,A,B,B,A
2402,36775.0,14.7,55,0,0,F,20,A,A,B,B,A
2402,36776.0,22.7,0,0,0,F,20,A,A,B,B,A
2402,36777.0,12.7,10,0,0,F,20,A,A,B,B,A
2402,36778.0,2.6,0,0,0,F,20,A,A,B,B,A
2402,36779.0,19.4,20,0,15,F,20,A,A,B,B,A
2402,36780.0,23.0,0,15,0,F,20,A,A,B,C,A
2402,36781.0,24.9,0,0,0,F,20,A,A,B,C,A
2402,36782.0,20.4,50,35,20,F,20,A,A,B,C,A
2402,36783.0,17.6,50,0,0,F,20,A,A,B,C,A
2402,36784.0,12.3,40,45,0,F,20,A,A,B,C,A
2402,36785.0,7.0,0,0,0,F,20,A,A,B,C,A
2402,36786.0,18.5,55,30,15,F,20,A,A,C,C,A
2402,36787.0,24.3,55,15,0,F,20,A,A,C,D,A
2402,36788.0,17.0,15,35,5,F,20,A,A,C,D,A
2402,36789.0,2.0,0,5,0,F,20,A,A,C,D,A
2402,36790.0,10.6,60,45,65,F,20,A,A,C,D,A
2402,36791.0,12.9,30,30,20,F,20,A,A,C,D,A
2402,36792.0,16.7,20,15,20,F,20,A,A,C,D,B
2402,36793.0,10.6,0,0,0,F,20,A,A,C,D,B
2402,36794.0,30.8,0,15,10,F,20,A,A,C,D,B
2402,36795.0,25.2,10,30,15,F,20,A,A,C,D,B
2402,36796.0,18.8,15,10,15,F,20,A,A,C,D,B
2402,36797.0,26.5,15,30,20,F,20,A,A,C,D,B
2402,36798.0,22.5,20,35,35,F,20,A,A,C,D,B
2402,36799.0,2.6,0,30,0,F,20,A,A,C,D,B
2402,36800.0,15.0,0,35,0,F,20,A,B,C,D,B
2402,36801.0,22.8,0,0,0,M,20,A,B,C,D,B
2402,36802.0,19.0,0,10,0,M,20,A,B,D,D,B
2402,36803.0,7.5,10,65,0,M,20,A,B,D,D,B
2402,36804.0,15.0,0,65,0,M,20,A,B,D,D,B
2402,36805.0,19.9,20,0,0,M,20,A,B,D,D,B
2402,36806.0,7.2,10,10,25,M,20,A,B,D,D,B
2402,36807.0,8.9,20,0,15,M,20,A,B,D,D,B
2402,36808.0,28.6,20,30,0,M,20,A,B,D,D,B
2402,36809.0,14.9,10,35,20,M,20,A,B,D,D,B
2402,36810.0,9.5,15,5,10,M,20,A,B,D,D,B
2402,36811.0,13.3,0,5,0,M,20,A,C,D,D,B
2402,36812.0,10.6,35,60,0,M,20,A,D,D,D,B
2402,36813.0,15.0,30,5,30,M,20,A,D,D,D,B
2402,36814.0,25.0,0,25,40,M,20,A,D,D,E,B
2402,36815.0,7.5,0,0,0,M,20,A,D,D,E,B
2402,36816.0,7.5,0,0,0,M,20,A,D,D,E,C
2402,36817.0,7.5,0,0,0,M,20,A,D,E,E,C
2402,36818.0,7.5,0,0,0,M,20,A,D,E,E,C
2402,36819.0,7.5,0,0,0,M,20,A,D,E,E,C
2402,36820.0,19.8,15,5,15,M,20,A,D,E,E,D
2402,36821.0,30.3,40,0,0,M,20,A,D,E,E,D
2402,36822.0,7.5,0,0,0,M,20,A,D,E,E,D
2402,36823.0,7.5,0,0,0,M,20,A,D,E,E,D
2402,36824.0,6.0,0,20,0,M,20,A,D,E,E,E
2402,36825.0,7.5,0,0,0,M,20,B,D,E,F,E
702,36826.0,10.9,0,0,0,M,20,A,A,C,D,A
702,36827.0,7.5,0,0,0,M,20,A,A,C,D,A
702,36828.0,7.4,0,0,0,M,20,A,B,C,D,B
702,36829.0,7.5,0,0,0,M,20,A,B,D,D,B
702,36830.0,7.5,0,0,0,M,20,A,B,D,D,B
702,36831.0,7.5,0,0,0,M,20,A,B,D,D,B
702,36832.0,7.5,0,0,0,M,20,A,C,D,D,B
702,36833.0,7.5,0,0,0,M,20,A,D,D,D,B
702,36834.0,7.5,0,0,0,M,20,B,D,D,E,B
702,36835.0,18.4,0,15,0,M,20,B,D,D,E,B
702,36836.0,7.5,0,0,0,M,20,B,D,E,F,B
702,36837.0,7.5,0,0,0,M,20,B,D,E,F,C
702,36838.0,29.7,10,25,10,M,20,B,D,F,F,D
702,36839.0,9.1,0,25,0,M,20,C,D,F,F,E
702,36840.0,7.5,0,0,0,M,20,,,,,
702,36841.0,20.0,0,0,5,M,20,,,,,
702,36842.0,0.6,0,45,0,M,20,,,,,
702,36843.0,14.4,65,45,40,M,20,,,,,
702,36844.0,7.5,0,0,0,M,20,,,,,
1402,36845.0,7.5,0,0,0,F,20,A,A,B,B,B
1402,36846.0,34.0,0,0,0,F,20,A,A,B,B,B
1402,36847.0,7.5,0,0,0,F,20,A,D,C,D,C
1402,36848.0,11.1,0,0,0,F,20,A,D,D,D,C
1402,36849.0,0.0,20,0,0,M,20,A,D,D,E,C
1402,36850.0,19.4,10,25,5,M,20,A,D,D,E,C
1402,36851.0,7.5,0,0,0,M,20,A,D,D,E,E
1402,36852.0,15.6,0,0,0,M,20,A,F,F,F,E
1402,36853.0,37.5,0,0,0,M,20,A,F,F,F,E
1402,36854.0,15.9,0,40,0,M,20,,,,,
4004,36855.0,10.1,0,80,0,F,20,A,A,B,C,A
4004,36856.0,7.5,0,0,0,F,20,A,A,C,D,B
4004,36857.0,7.5,0,0,0,F,20,A,A,C,D,B
4004,36858.0,7.5,55,20,15,F,20,A,A,C,D,B
4004,36859.0,26.4,25,0,40,F,20,A,A,D,D,B
4004,36860.0,7.5,0,0,0,F,20,A,A,D,D,B
4004,36861.0,23.2,0,0,0,F,20,A,A,D,D,B
4004,36862.0,23.4,0,0,0,F,20,A,A,D,D,B
4004,36863.0,7.5,0,0,0,F,20,A,A,D,D,C
4004,36864.0,7.5,25,0,20,M,20,A,A,D,D,C
4004,36865.0,19.8,35,0,0,M,20,A,A,D,D,C
4004,36866.0,7.5,0,0,0,M,20,A,A,D,D,C
4004,36867.0,15.3,100,30,10,M,20,A,A,D,D,C
4004,36868.0,11.1,10,0,10,M,20,A,A,D,D,C
4004,36869.0,0.0,0,0,20,M,20,A,A,D,D,C
4004,36870.0,25.2,0,0,0,M,20,A,A,D,D,C
4004,36871.0,22.5,20,0,0,M,20,A,A,D,D,D
4004,36872.0,12.7,20,60,5,M,20,A,A,D,E,D
4004,36873.0,2.6,0,5,0,M,20,A,A,D,E,D
4004,36874.0,4.2,0,60,10,M,20,A,A,D,E,D
4004,36875.0,22.5,20,0,0,M,20,A,A,D,E,D
4004,36876.0,7.5,0,0,0,M,20,A,A,E,E,D
4004,36877.0,8.5,30,0,10,M,20,A,A,E,E,D
4004,36878.0,21.4,50,30,20,M,20,A,A,E,E,D
4004,36879.0,7.5,0,0,0,M,20,A,A,E,E,D
4004,36880.0,3.2,20,45,10,M,20,A,A,E,E,E
4004,36881.0,8.4,50,0,0,M,20,A,A,E,E,E
4004,36882.0,7.5,0,0,0,M,20,A,A,E,E,E
4004,36883.0,7.5,0,0,0,M,20,A,A,E,E,E
4004,36884.0,15.4,0,35,0,M,20,A,A,E,E,E
4004,36885.0,17.6,0,45,65,M,20,A,A,E,E,E
4004,36886.0,7.5,0,0,0,M,20,A,A,E,E,E
4004,36887.0,7.5,0,0,0,M,20,A,A,E,E,E
4004,36888.0,7.5,0,0,0,M,20,A,A,E,E,E
4004,36889.0,28.8,0,20,20,M,20,A,A,E,E,E
4004,36890.0,7.5,0,0,0,M,20,A,A,E,E,E
4004,36891.0,7.5,0,0,0,M,20,A,D,E,F,F
4004,36892.0,7.5,0,0,0,M,20,A,D,E,F,F
4004,36893.0,7.5,0,0,0,M,20,A,D,E,F,F
4004,36894.0,12.3,35,20,0,M,20,A,D,E,F,F
4004,36895.0,7.5,0,0,0,M,20,A,D,E,F,F
4004,36896.0,7.5,0,0,0,M,20,A,D,E,F,F
4004,36897.0,7.5,0,0,0,M,20,A,D,E,F,F
4004,36898.0,7.5,0,0,0,M,20,A,D,F,F,F
4004,36899.0,7.5,0,0,0,M,20,A,D,F,F,F
4004,36900.0,7.5,0,0,0,M,20,A,D,F,F,F
4004,36901.0,7.5,0,0,0,M,20,A,D,F,F,F
4004,36902.0,3.6,25,0,0,M,20,A,D,F,F,F
4004,36903.0,18.0,0,20,0,M,20,A,D,F,F,F
4004,36904.0,7.5,0,0,0,M,20,A,D,F,F,F
4004,36905.0,7.5,0,0,0,M,20,A,D,F,F,F
4004,36906.0,8.5,10,30,0,M,20,A,F,F,F,F
4004,36907.0,7.5,0,0,0,M,20,,,,,
1502,36908.0,7.5,0,0,0,F,20,A,A,C,C,B
1502,36909.0,34.0,0,0,0,F,20,A,A,C,C,B
1502,36910.0,7.5,0,0,0,F,20,A,A,D,D,B
1502,36911.0,7.5,0,0,0,F,20,A,B,D,D,B
1502,36912.0,17.7,15,15,20,F,20,A,D,D,D,B
1502,36913.0,7.5,20,25,0,F,20,A,D,D,D,B
1502,36914.0,11.3,0,0,20,M,20,A,D,D,D,B
1502,36915.0,7.8,25,0,20,M,20,A,D,D,D,C
1502,36916.0,7.5,0,0,0,M,20,A,D,D,D,C
1502,36917.0,7.5,0,0,0,M,20,A,D,D,D,C
1502,36918.0,7.5,0,0,0,M,20,A,D,E,E,C
1502,36919.0,7.5,0,0,0,M,20,B,D,E,F,E
1502,36920.0,7.5,0,0,0,M,20,B,D,F,F,E
1502,36921.0,7.5,0,0,0,M,20,B,D,F,F,F
1502,36922.0,7.5,0,0,0,M,20,,,,,
1602,36923.0,8.5,0,0,40,F,20,A,A,A,B,A
1602,36924.0,7.5,0,0,0,F,20,A,B,D,D,B
1602,36925.0,7.5,0,0,0,F,20,A,B,D,D,B
1602,36926.0,7.5,0,0,0,F,20,A,D,E,D,B
1602,36927.0,7.5,0,0,0,F,20,A,D,E,E,C
1602,36928.0,7.5,0,0,0,F,20,A,D,E,E,D
1602,36929.0,7.5,0,0,0,M,20,A,D,E,E,D
1602,36930.0,7.5,0,0,0,M,20,A,D,F,E,E
1602,36931.0,3.0,0,0,0,M,20,,,,,
1602,36932.0,17.0,0,0,0,M,20,,,,,
3001,36933.0,7.5,0,0,0,F,20,A,A,A,A,A
3001,36934.0,7.5,0,0,0,F,20,A,A,B,B,A
3001,36935.0,7.5,0,0,0,F,20,A,A,B,B,A
3001,36936.0,34.0,0,0,0,M,20,A,A,B,B,B
3001,36937.0,7.5,0,0,0,M,20,A,A,C,C,B
3001,36938.0,7.5,0,35,10,M,20,A,A,C,C,B
3001,36939.0,24.5,5,0,0,M,20,A,A,D,D,B
3001,36940.0,1.6,10,0,0,M,20,A,A,D,D,C
3001,36941.0,19.8,25,0,10,M,20,A,A,D,D,C
3001,36942.0,11.1,20,0,0,M,20,A,A,D,E,C
3001,36943.0,20.1,10,80,20,M,20,A,A,D,E,D
3001,36944.0,10.7,15,10,0,M,20,E,F,F,F,D
3001,36945.0,0.0,30,35,30,M,20,,,,,
2402,36946.0,3.6,0,0,0,F,20,A,A,B,B,A
2402,36947.0,1.0,0,0,0,F,20,A,A,B,B,A
2402,36948.0,22.5,0,0,0,F,20,A,A,B,B,B
2402,36949.0,22.5,0,0,0,F,20,A,A,B,B,B
2402,36950.0,13.2,40,0,45,F,20,A,A,B,B,B
2402,36951.0,5.8,0,10,0,M,20,A,A,B,C,B
2402,36952.0,17.2,0,0,0,M,20,A,A,C,D,B
2402,36953.0,22.5,0,0,0,M,20,A,A,C,D,B
2402,36954.0,22.5,0,0,0,M,20,A,B,C,D,B
2402,36955.0,14.5,0,0,0,M,20,A,D,D,D,C
2402,36956.0,11.2,0,0,0,M,20,A,D,D,D,C
2402,36957.0,31.9,0,20,0,M,20,A,D,D,E,E
702,36958.0,18.1,0,20,0,F,20,A,A,B,B,A
702,36959.0,23.5,0,0,0,F,20,A,A,B,B,B
702,36960.0,31.0,0,40,0,F,20,A,A,B,B,B
702,36961.0,32.7,0,25,0,M,20,B,A,C,C,B
702,36962.0,21.0,0,25,0,M,20,B,A,C,C,B
702,36963.0,16.7,60,0,0,M,20,B,A,C,C,B
702,36964.0,10.9,15,0,10,M,20,B,A,D,C,B
702,36965.0,6.4,75,25,0,M,20,B,B,D,D,B
702,36966.0,22.5,0,0,0,M,20,C,B,D,E,C
702,36967.0,12.4,0,15,50,M,20,D,F,E,E,C
904,36968.0,19.2,0,30,0,F,20,A,A,B,B,A
904,36969.0,5.2,75,30,0,F,20,A,A,B,B,A
904,36970.0,47.8,0,0,0,F,20,A,A,B,B,A
904,36971.0,0.0,15,55,30,F,20,A,A,B,B,A
904,36972.0,10.1,10,20,0,F,20,A,A,B,C,A
904,36973.0,3.6,0,0,0,F,20,A,A,C,C,A
904,36974.0,16.3,0,0,0,F,20,A,A,C,C,A
904,36975.0,23.8,0,0,0,F,20,A,A,C,C,B
904,36976.0,23.8,0,0,0,F,20,A,A,C,C,B
904,36977.0,45.7,0,15,0,F,20,A,A,C,D,B
904,36978.0,23.8,0,0,0,F,20,A,A,C,D,B
904,36979.0,11.5,0,0,0,F,20,A,A,D,D,B
904,36980.0,7.5,0,0,15,F,20,A,A,D,D,B
904,36981.0,33.9,10,0,10,F,20,A,A,D,D,B
904,36982.0,12.3,10,60,20,F,20,B,A,D,D,B
904,36983.0,19.6,25,5,10,F,20,B,A,D,D,C
904,36984.0,16.1,0,0,0,F,20,B,A,E,D,C
904,36985.0,10.3,0,0,30,M,20,B,A,E,D,C
904,36986.0,13.1,50,10,25,M,20,E,A,E,E,D
904,36987.0,14.7,30,45,0,M,20,E,B,E,E,D
904,36988.0,2.2,10,0,0,M,20,E,B,E,E,D
904,36989.0,15.4,20,45,5,M,20,E,D,E,E,D
904,36990.0,12.5,0,15,0,M,20,E,D,F,E,E
904,36991.0,11.1,20,5,0,M,20,,,,,
904,36992.0,22.5,0,0,0,M,20,,,,,
2501,36993.0,4.6,0,20,0,F,20,A,A,A,A,A
2501,36994.0,13.5,10,0,0,F,20,A,A,B,A,A
2501,36995.0,13.5,0,0,10,F,20,A,A,B,B,A
2501,36996.0,0.0,50,45,5,F,20,A,A,B,B,A
2501,36997.0,13.3,0,0,0,F,20,A,A,C,B,A
2501,36998.0,9.5,20,15,0,F,20,A,A,C,C,A
2501,36999.0,2.4,0,35,0,M,20,,,,,
905,37000.0,7.8,0,0,0,F,20,A,A,B,B,A
905,37001.0,9.5,0,0,0,F,20,A,A,B,B,A
905,37002.0,16.0,10,15,40,F,20,A,A,B,C,A
905,37003.0,11.3,0,0,0,M,20,B,D,F,F,E
905,37004.0,11.2,0,0,0,M,20,,,,,
906,37005.0,9.6,0,25,0,F,20,A,A,A,A,A
906,37006.0,23.0,0,60,15,F,20,A,A,A,B,A
906,37007.0,14.5,30,45,0,F,20,A,A,A,B,A
906,37008.0,21.8,90,0,10,F,20,A,A,B,B,A
906,37009.0,16.0,0,0,0,F,20,A,A,B,B,A
906,37010.0,21.4,90,0,15,F,20,A,A,B,B,B
906,37011.0,1.6,0,0,0,F,20,A,A,B,B,B
906,37012.0,11.5,0,0,0,M,20,B,A,D,D,C
906,37013.0,5.4,15,0,0,M,20,E,D,E,F,E
2402,37014.0,12.1,25,0,0,F,20,A,A,A,B,A
2402,37015.0,8.9,30,0,10,F,20,A,A,A,B,A
2402,37016.0,9.1,15,5,20,F,20,A,A,B,B,A
2402,37017.0,0.0,20,0,5,F,20,A,A,B,C,B
2402,37018.0,17.6,20,5,30,F,20,A,A,C,C,B
2402,37019.0,19.7,20,75,20,F,20,A,A,C,C,B
2402,37020.0,6.6,20,25,10,F,20,A,A,C,C,B
2402,37021.0,0.0,25,0,0,F,20,A,A,C,C,B
2402,37022.0,11.1,25,0,0,F,20,A,A,C,C,B
2402,37023.0,10.1,0,0,0,F,20,A,A,C,D,B
2402,37024.0,18.6,0,20,0,F,20,A,A,C,D,C
2402,37025.0,10.1,0,25,0,F,20,A,A,C,D,C
2402,37026.0,7.5,0,0,0,F,20,A,A,C,D,C
2402,37027.0,15.0,0,0,0,F,20,A,A,D,D,C
2402,37028.0,23.0,10,0,10,F,20,A,A,D,D,C
2402,37029.0,15.0,0,0,0,M,20,A,A,D,D,C
2402,37030.0,15.0,0,0,0,M,20,C,D,D,F,E
2402,37031.0,15.0,0,0,0,M,20,C,F,F,F,F
2402,37032.0,15.0,0,0,0,M,20,,,,,
1602,37033.0,11.7,0,0,0,F,20,A,A,B,B,A
1602,37034.0,15.0,0,0,0,F,20,A,A,B,B,A
1602,37035.0,15.0,0,0,0,F,20,A,A,B,B,A
1602,37036.0,15.0,0,0,0,F,20,A,A,C,B,A
1602,37037.0,13.5,10,10,0,F,20,A,A,C,B,B
1602,37038.0,16.5,0,0,0,F,20,A,A,C,B,B
1602,37039.0,16.1,20,45,0,F,20,A,A,C,B,B
1602,37040.0,7.5,0,0,0,F,20,A,A,C,C,B
1602,37041.0,9.5,0,15,0,F,20,A,A,C,C,B
1602,37042.0,32.0,0,20,0,F,20,A,A,C,D,B
1602,37043.0,3.8,0,0,0,F,20,A,A,C,D,B
1602,37044.0,15.0,0,0,0,F,20,A,A,C,D,B
1602,37045.0,15.0,0,0,0,F,20,A,A,D,D,D
1602,37046.0,11.7,0,0,0,F,20,A,A,D,E,D
1602,37047.0,13.6,0,0,0,F,20,A,A,D,E,D
1602,37048.0,15.0,0,0,0,F,20,A,B,D,E,D
1602,37049.0,14.7,35,10,0,M,20,A,D,D,E,D
1602,37050.0,8.4,20,15,10,M,20,B,D,E,F,E
1602,37051.0,8.2,0,0,0,M,20,E,F,E,F,F
1602,37052.0,14.7,0,45,0,M,20,,,,,
1602,37053.0,13.1,30,0,0,M,20,,,,,
1602,37054.0,13.5,0,0,0,M,20,,,,,
1602,37055.0,15.0,0,0,0,M,20,,,,,
1602,37056.0,15.0,0,0,0,M,20,,,,,
4004,37057.0,15.0,0,0,0,M,20,A,A,B,B,B
4004,37058.0,7.5,0,0,0,M,20,A,A,B,B,C
4004,37059.0,15.0,0,0,0,M,20,A,A,B,C,C
4004,37060.0,22.5,0,0,10,M,20,A,A,D,D,D
4004,37061.0,15.0,0,0,0,M,20,A,A,D,D,E
4004,37062.0,16.5,0,0,0,M,20,A,A,D,D,E
4004,37063.0,15.0,0,0,0,M,20,A,A,D,D,E
4004,37064.0,15.0,0,0,0,M,20,A,A,D,D,E
4004,37065.0,15.0,0,0,0,M,20,A,A,D,D,E
4004,37066.0,11.7,25,65,5,M,20,A,A,D,D,E
4004,37067.0,15.0,0,0,0,M,20,A,A,D,D,E
4004,37068.0,9.5,0,15,0,M,20,A,A,D,D,E
4004,37069.0,7.5,0,0,0,M,20,A,A,D,D,E
4004,37070.0,18.6,0,20,0,M,20,A,A,D,D,E
4004,37071.0,15.0,0,0,0,M,20,A,A,E,E,E
4004,37072.0,15.0,0,0,0,M,20,E,F,F,F,F
4004,37073.0,15.0,0,0,0,M,20,E,F,F,F,G
4004,37074.0,15.0,0,0,0,M,20,,,,,
4004,37075.0,15.0,0,0,0,M,20,,,,,
702,37076.0,7.5,0,50,0,F,20,A,A,B,B,B
702,37077.0,15.0,0,0,0,F,20,A,A,B,B,B
702,37078.0,15.0,0,0,0,M,20,,,,,
2402,37079.0,15.0,0,0,0,F,20,A,A,A,A,A
2402,37080.0,15.0,0,0,0,F,20,A,A,B,B,A
2402,37081.0,15.0,0,0,0,F,20,A,A,B,B,A
2402,37082.0,15.0,0,0,0,F,20,A,A,B,B,B
2402,37083.0,15.0,0,0,0,F,20,A,A,B,B,B
2402,37084.0,15.0,0,0,0,F,20,A,A,B,B,B
2402,37085.0,15.0,0,0,0,F,20,A,A,B,B,C
2402,37086.0,15.0,0,0,0,F,20,A,A,B,C,C
2402,37087.0,21.8,5,5,20,F,20,A,A,C,C,C
2402,37088.0,15.0,0,0,0,F,20,A,A,D,D,D
2402,37089.0,17.3,0,30,0,M,20,A,A,D,D,D
2402,37090.0,15.0,0,0,0,M,20,A,A,D,D,D
2402,37091.0,15.0,0,0,0,M,20,,,,,
2402,37092.0,15.0,0,0,0,M,20,,,,,
2402,37093.0,15.0,0,0,0,M,20,,,,,
2402,37094.0,7.5,15,35,0,M,20,,,,,
2402,37095.0,15.0,0,0,0,M,20,,,,,
3202,37096.0,11.9,0,0,0,F,20,A,A,B,C,B
3202,37097.0,7.5,0,0,0,F,20,A,A,B,C,B
3202,37098.0,15.0,0,0,0,F,20,A,A,B,C,B
3202,37099.0,11.9,0,0,0,F,20,A,A,B,C,B
5402,37100.0,15.0,0,0,0,F,20,A,A,A,D,B
5402,37101.0,15.0,0,0,0,F,20,A,A,C,D,B
5402,37102.0,15.0,0,0,0,M,20,A,A,D,E,B
5402,37103.0,18.6,40,0,10,M,20,A,A,D,E,C
3502,37104.0,15.0,0,0,0,F,20,A,A,A,A,A
3502,37105.0,15.0,0,0,0,F,20,A,A,B,B,A
3502,37106.0,15.0,0,0,0,F,20,A,A,B,B,A
3502,37107.0,15.0,0,0,0,F,20,A,A,B,B,B
3502,37108.0,11.1,20,60,20,F,20,A,A,B,B,B
3502,37109.0,15.0,0,0,0,F,20,A,A,B,B,B
3502,37110.0,15.0,0,0,0,F,20,A,A,B,B,B
3502,37111.0,15.0,0,0,0,F,20,A,A,C,C,B
3502,37112.0,11.9,0,0,0,F,20,A,A,C,C,B
3502,37113.0,15.0,0,0,0,F,20,A,A,C,C,B
3502,37114.0,9.8,0,0,0,F,20,A,A,C,C,B
3502,37115.0,25.1,0,0,0,F,20,A,A,C,D,B
3502,37116.0,17.9,30,0,25,F,20,A,A,C,D,C
3502,37117.0,15.0,0,0,0,F,20,A,A,C,D,C
3502,37118.0,15.0,0,0,0,F,20,A,A,C,D,C
3502,37119.0,15.0,0,0,0,F,20,A,A,C,D,C
3502,37120.0,15.0,0,0,0,F,20,A,A,C,D,C
3502,37121.0,15.0,0,0,0,F,20,A,A,D,D,C
3502,37122.0,7.2,60,10,0,F,20,A,A,D,D,C
3502,37123.0,15.0,0,0,0,F,20,A,A,D,D,C
3502,37124.0,15.0,0,0,0,F,20,A,A,D,D,C
3502,37125.0,15.0,0,0,0,F,20,B,A,D,D,C
3502,37126.0,4.0,0,0,0,M,20,B,A,D,D,C
3502,37127.0,15.0,0,0,0,M,20,E,D,F,F,E
3502,37128.0,15.0,0,0,0,M,20,,,,,
3502,37129.0,15.0,0,0,0,M,20,,,,,
3502,37130.0,15.0,0,0,0,M,20,,,,,
3502,37131.0,15.0,0,0,0,M,20,,,,,
3502,37132.0,8.5,0,45,0,M,20,,,,,
3502,37133.0,15.0,0,0,0,M,20,,,,,
3502,37134.0,9.0,50,45,20,M,20,,,,,
3502,37135.0,15.0,0,0,0,M,20,,,,,
3502,37136.0,21.6,30,0,0,M,20,,,,,
3502,37137.0,7.5,25,20,5,M,20,,,,,
3502,37138.0,17.0,30,20,10,M,20,,,,,
3502,37139.0,15.0,0,0,0,M,20,,,,,
3502,37140.0,15.0,0,0,0,M,20,,,,,
3502,37141.0,13.1,15,0,0,M,20,,,,,
3502,37142.0,15.0,0,0,0,M,20,,,,,
3502,37143.0,15.0,0,0,0,M,20,,,,,
3502,37144.0,2.6,10,0,0,M,20,,,,,
3502,37145.0,15.0,0,0,0,M,20,,,,,
3502,37146.0,15.0,0,0,0,M,20,,,,,
3502,37147.0,15.0,0,0,0,M,20,,,,,
3502,37148.0,15.0,0,0,0,M,20,,,,,
4006,37149.0,15.0,0,0,0,F,20,A,A,A,B,B
4006,37150.0,15.0,0,0,0,F,20,A,A,B,B,B
4006,37151.0,7.5,50,0,0,F,20,A,A,B,B,B
4006,37152.0,15.0,0,0,0,M,20,A,A,B,C,B
4006,37153.0,15.0,0,0,0,M,20,A,A,B,C,C
4006,37154.0,15.0,0,0,0,M,20,A,A,B,D,D
4006,37155.0,11.1,30,30,40,M,20,A,A,B,D,D
4006,37156.0,11.1,30,0,0,M,20,A,A,C,D,D
4006,37157.0,0.0,0,0,0,M,20,A,A,D,D,D
4006,37158.0,19.5,50,65,5,M,20,A,A,D,D,E
4006,37159.0,14.7,0,50,0,M,20,A,A,D,D,E
4006,37160.0,42.9,40,0,0,M,20,A,A,D,D,E
4006,37161.0,4.8,10,0,0,M,20,A,A,D,D,E
4006,37162.0,14.5,0,35,15,M,20,A,A,D,D,E
4006,37163.0,19.4,0,0,0,M,20,A,A,E,D,E
4006,37164.0,0.0,0,0,0,M,20,A,A,E,E,F
4006,37165.0,40.8,20,15,20,M,20,A,A,E,E,F
4006,37166.0,19.0,20,85,20,M,20,A,A,E,E,F
4006,37167.0,48.7,0,0,0,M,20,B,A,E,E,F
2001,37168.0,0.0,0,0,0,F,20,A,A,B,B,A
2001,37169.0,0.0,0,0,0,F,20,A,A,B,B,A
2001,37170.0,0.0,0,0,0,F,20,A,A,B,C,A
2001,37171.0,0.0,0,0,0,F,20,A,A,B,C,A
2001,37172.0,0.0,0,0,0,F,20,A,B,B,C,A
2001,37173.0,0.0,0,0,0,F,20,A,B,C,D,B
2001,37174.0,0.0,0,0,0,F,20,A,D,C,D,B
2001,37175.0,0.0,0,0,0,F,20,B,D,D,E,B
2001,37176.0,0.0,0,0,0,F,20,B,D,E,E,B
2001,37177.0,0.0,0,0,0,F,20,C,D,E,E,C
2001,37178.0,0.0,0,0,0,F,20,C,D,E,E,F
2001,37179.0,0.0,0,0,0,F,20,E,D,F,F,F
2001,37180.0,0.0,0,0,0,F,20,,,,,
2001,37181.0,0.0,0,0,0,M,20,,,,,
2001,37182.0,0.0,0,0,0,M,20,,,,,
2001,37183.0,0.0,0,0,0,M,20,,,,,
3502,37184.0,0.0,0,0,0,F,20,A,A,A,B,A
3502,37185.0,0.0,0,0,0,F,20,A,B,B,D,B
3502,37186.0,0.0,0,0,0,F,20,A,B,C,D,B
3502,37187.0,0.0,0,0,0,F,20,A,C,C,D,B
3502,37188.0,0.0,0,0,0,F,20,A,D,D,D,B
3502,37189.0,0.0,0,0,0,F,20,A,D,D,D,B
3502,37190.0,0.0,0,0,0,F,20,A,D,D,D,B
3502,37191.0,0.0,0,0,0,F,20,A,D,D,D,C
3502,37192.0,0.0,0,0,0,M,20,A,D,D,E,D
3502,37193.0,0.0,0,0,0,M,20,A,D,D,E,D
3502,37194.0,0.0,0,0,0,M,20,A,D,D,E,D
3502,37195.0,0.0,0,0,0,M,20,B,D,D,F,D
3502,37196.0,0.0,0,0,0,M,20,B,D,E,F,E
3502,37197.0,0.0,0,0,0,M,20,B,D,E,F,E
3502,37198.0,0.0,0,0,0,M,20,E,F,F,F,E
3502,37199.0,0.0,0,0,0,M,20,,,,,
3502,37200.0,0.0,0,0,0,M,20,,,,,
3502,37201.0,0.0,0,0,0,M,20,,,,,
3502,37202.0,0.0,0,0,0,M,20,,,,,
3502,37203.0,0.0,0,0,0,M,20,,,,,
3502,37204.0,0.0,0,0,0,M,20,,,,,
3502,37205.0,0.0,0,0,0,M,20,,,,,
3502,37206.0,0.0,0,0,0,M,20,,,,,
3502,37207.0,0.0,0,0,0,M,20,,,,,
2001,37208.0,0.0,0,0,0,F,20,A,A,A,A,A
2001,37209.0,0.0,0,0,0,F,20,A,A,A,B,A
2001,37210.0,0.0,0,0,0,F,20,A,A,A,B,A
2001,37211.0,0.0,0,0,0,F,20,A,A,B,B,A
2001,37212.0,0.0,0,0,0,F,20,A,B,B,B,B
2001,37213.0,0.0,0,0,0,F,20,A,B,B,C,B
2001,37214.0,0.0,0,0,0,F,20,A,D,B,D,B
2001,37215.0,0.0,0,0,0,F,20,A,D,B,D,B
2001,37216.0,0.0,0,0,0,F,20,A,D,B,D,B
2001,37217.0,0.0,0,0,0,F,20,A,D,B,D,B
2001,37218.0,0.0,0,0,0,F,20,B,D,B,D,B
2001,37219.0,0.0,0,0,0,F,20,B,D,B,D,B
2001,37220.0,0.0,0,0,0,F,20,B,D,B,D,B
2001,37221.0,0.0,0,0,0,F,20,C,D,C,E,B
2001,37222.0,0.0,0,0,0,F,20,C,D,C,E,B
2001,37223.0,0.0,0,0,0,F,20,C,D,C,E,B
2001,37224.0,0.0,0,0,0,F,20,C,D,D,E,B
2001,37225.0,0.0,0,0,0,F,20,E,F,D,F,C
2001,37226.0,0.0,0,0,0,F,20,,,,,
2001,37227.0,0.0,0,0,0,M,20,,,,,
2001,37228.0,0.0,0,0,0,M,20,,,,,
3002,37229.0,0.0,0,0,0,F,20,A,A,A,A,A
3002,37230.0,0.0,0,0,0,F,20,A,A,A,B,A
3002,37231.0,0.0,0,0,0,F,20,A,A,A,B,A
3002,37232.0,0.0,0,0,0,F,20,A,B,B,B,A
3002,37233.0,0.0,0,0,0,F,20,A,B,B,B,A
3002,37234.0,0.0,0,0,0,F,20,A,B,B,B,B
3002,37235.0,0.0,0,0,0,M,20,A,D,B,B,B
3002,37236.0,0.0,0,0,0,M,20,A,D,B,B,B
3002,37237.0,0.0,0,0,0,M,20,A,D,B,C,B
3002,37238.0,0.0,0,0,0,M,20,A,D,C,C,B
3002,37239.0,0.0,0,0,0,M,20,A,D,D,C,B
3002,37240.0,0.0,0,0,0,M,20,A,D,D,C,B
3002,37241.0,0.0,0,0,0,M,20,B,D,D,D,C
3002,37242.0,0.0,0,0,0,M,20,,,,,
3002,37243.0,0.0,0,0,0,M,20,,,,,
2402,37244.0,0.0,0,0,0,F,20,A,A,B,B,A
2402,37245.0,0.0,0,0,0,F,20,A,A,B,B,A
2402,37246.0,0.0,0,0,0,F,20,A,A,B,B,A
2402,37247.0,0.0,0,0,0,F,20,A,A,B,B,A
2402,37248.0,0.0,0,0,0,F,20,A,A,B,B,A
2402,37249.0,0.0,0,0,0,F,20,A,B,B,C,B
2402,37250.0,0.0,0,0,0,F,20,A,B,B,C,B
2402,37251.0,0.0,0,0,0,F,20,A,B,B,D,B
2402,37252.0,0.0,0,0,0,F,20,A,B,C,D,B
2402,37253.0,0.0,0,0,0,F,20,A,D,C,D,B
2402,37254.0,0.0,0,0,0,F,20,A,D,D,D,B
2402,37255.0,0.0,0,0,0,F,20,A,D,D,D,B
2402,37256.0,0.0,0,0,0,M,20,A,D,D,D,C
2402,37257.0,0.0,0,0,0,M,20,A,D,D,D,C
2402,37258.0,0.0,0,0,0,M,20,A,D,D,D,C
2402,37259.0,0.0,0,0,0,M,20,B,D,D,E,C
2402,37260.0,0.0,0,0,0,M,20,B,D,E,E,D
2402,37261.0,0.0,0,0,0,M,20,B,D,E,E,D
2402,37262.0,0.0,0,0,0,M,20,E,F,E,E,D
2402,37263.0,0.0,0,0,0,M,20,E,F,E,F,E
2402,37264.0,0.0,0,0,0,M,20,,,,,
2402,37265.0,0.0,0,0,0,M,20,,,,,
2402,37266.0,0.0,0,0,0,M,20,,,,,
2402,37267.0,0.0,0,0,0,M,20,,,,,
2402,37268.0,0.0,0,0,0,M,20,,,,,
702,37269.0,0.0,0,0,0,F,20,A,A,B,B,A
702,37270.0,0.0,0,0,0,M,20,A,D,C,C,B
702,37271.0,0.0,0,0,0,M,20,A,D,C,D,C
702,37272.0,0.0,0,0,0,M,20,A,D,C,D,D
702,37273.0,0.0,0,0,0,M,20,A,D,D,D,D
702,37274.0,0.0,0,0,0,M,20,B,D,D,D,D
702,37275.0,0.0,0,0,0,M,20,B,D,E,D,E
702,37276.0,0.0,0,0,0,M,20,E,F,E,F,F
1402,37277.0,0.0,0,0,0,F,20,A,A,A,B,A
1402,37278.0,0.0,0,0,0,F,20,A,A,B,C,A
1402,37279.0,0.0,0,0,0,F,20,A,B,B,D,A
1402,37280.0,0.0,0,0,0,F,20,A,B,C,D,B
1402,37281.0,0.0,0,0,0,M,20,A,D,E,E,E
1402,37282.0,0.0,0,0,0,M,20,B,D,F,E,F
1602,37283.0,0.0,0,0,0,F,20,A,A,B,B,A
1602,37284.0,0.0,0,0,0,F,20,A,A,B,C,A
1602,37285.0,0.0,0,0,0,F,20,A,A,B,C,A
1602,37286.0,0.0,0,0,0,F,20,A,A,B,D,A
1602,37287.0,0.0,0,0,0,F,20,A,A,B,D,A
1602,37288.0,0.0,0,0,0,F,20,A,A,C,D,A
1602,37289.0,0.0,0,0,0,F,20,A,A,C,D,A
1602,37290.0,0.0,0,0,0,F,20,A,A,C,D,A
1602,37291.0,0.0,0,0,0,F,20,A,A,D,D,A
1602,37292.0,0.0,0,0,0,F,20,A,A,D,D,A
1602,37293.0,0.0,0,0,0,F,20,A,A,D,D,A
1602,37294.0,0.0,0,0,0,F,20,A,B,D,D,A
1602,37295.0,0.0,0,0,0,F,20,A,B,D,D,A
1602,37296.0,0.0,0,0,0,M,20,A,C,D,D,A
1602,37297.0,0.0,0,0,0,M,20,A,D,D,D,B
1602,37298.0,0.0,0,0,0,M,20,A,D,D,D,B
1602,37299.0,0.0,0,0,0,M,20,A,D,D,E,B
1602,37300.0,0.0,0,0,0,M,20,A,D,D,E,B
1602,37301.0,0.0,0,0,0,M,20,A,D,D,E,B
1602,37302.0,0.0,0,0,0,M,20,A,D,D,E,B
1602,37303.0,0.0,0,0,0,M,20,A,D,D,E,C
1602,37304.0,0.0,0,0,0,M,20,A,D,D,E,C
1602,37305.0,0.0,0,0,0,M,20,A,D,E,F,D
1602,37306.0,0.0,0,0,0,M,20,A,D,E,F,D
1602,37307.0,0.0,0,0,0,M,20,A,D,E,F,E
1602,37308.0,0.0,0,0,0,M,20,A,D,E,F,E
1602,37309.0,0.0,0,0,0,M,20,B,F,F,F,F
1602,37310.0,0.0,0,0,0,F,20,A,A,A,A,A
1602,37311.0,0.0,0,0,0,F,20,A,A,B,B,A
1602,37312.0,0.0,0,0,0,F,20,A,A,B,D,A
1602,37313.0,0.0,0,0,0,F,20,A,A,B,D,A
1602,37314.0,0.0,0,0,0,F,20,A,A,B,D,B
1602,37315.0,0.0,0,0,0,F,20,A,B,C,D,B
1602,37316.0,0.0,0,0,0,F,20,A,B,C,E,B
1602,37317.0,0.0,0,0,0,F,20,A,D,D,E,B
1602,37318.0,0.0,0,0,0,F,20,A,D,D,E,B
1602,37319.0,0.0,0,0,0,F,20,,,,,
1602,37320.0,0.0,0,0,0,F,20,,,,,
1602,37321.0,0.0,0,0,0,M,20,,,,,
1602,37322.0,0.0,0,0,0,M,20,,,,,
1602,37323.0,0.0,0,0,0,M,20,,,,,
1602,37324.0,0.0,0,0,0,M,20,,,,,
1602,37325.0,0.0,0,0,0,M,20,,,,,
1602,37326.0,0.0,0,0,0,M,20,,,,,
702,37327.0,0.0,0,0,0,F,20,A,A,A,A,A
702,37328.0,0.0,0,0,0,F,20,A,A,A,A,A
702,37329.0,0.0,0,0,0,F,20,A,B,B,A,B
702,37330.0,0.0,0,0,0,F,20,A,B,B,B,B
702,37331.0,0.0,0,0,0,F,20,A,B,B,B,B
702,37332.0,0.0,0,0,0,F,20,A,C,B,B,B
702,37333.0,0.0,0,0,0,F,20,A,D,B,D,B
702,37334.0,0.0,0,0,0,F,20,A,D,C,D,B
702,37335.0,0.0,0,0,0,M,20,A,D,D,D,B
702,37336.0,0.0,0,0,0,M,20,A,D,D,D,B
702,37337.0,0.0,0,0,0,M,20,A,D,D,E,C
702,37338.0,0.0,0,0,0,M,20,A,D,D,E,C
702,37339.0,0.0,0,0,0,M,20,B,D,E,F,D
702,37340.0,0.0,0,0,0,M,20,B,D,E,F,E
4004,37341.0,0.0,0,0,0,F,20,A,A,A,B,A
4004,37342.0,0.0,0,0,0,F,20,A,A,B,B,A
4004,37343.0,0.0,0,0,0,F,20,A,A,B,C,B
4004,37344.0,0.0,0,0,0,M,20,A,A,B,C,B
4004,37345.0,0.0,0,0,0,M,20,A,A,B,D,B
4004,37346.0,0.0,0,0,0,M,20,A,A,C,D,C
4004,37347.0,0.0,0,0,0,M,20,A,A,D,D,C
4004,37348.0,0.0,0,0,0,M,20,A,A,D,D,C
4004,37349.0,0.0,0,0,0,M,20,A,A,D,D,C
4004,37350.0,0.0,0,0,0,M,20,A,A,D,D,C
4004,37351.0,0.0,0,0,0,M,20,A,A,D,D,C
4004,37352.0,0.0,0,0,0,M,20,A,B,D,D,D
4004,37353.0,0.0,0,0,0,M,20,A,B,D,D,D
4004,37354.0,0.0,0,0,0,M,20,A,B,D,D,D
4004,37355.0,0.0,0,0,0,M,20,A,B,D,E,D
4004,37356.0,0.0,0,0,0,M,20,A,C,D,E,E
4004,37357.0,0.0,0,0,0,M,20,A,C,E,E,E
4004,37358.0,0.0,0,0,0,M,20,A,D,E,E,E
4004,37359.0,0.0,0,0,0,M,20,A,D,E,E,E
4004,37360.0,0.0,0,0,0,M,20,A,D,E,E,E
4004,37361.0,0.0,0,0,0,M,20,A,D,E,E,E
4004,37362.0,0.0,0,0,0,M,20,A,D,E,E,E
4004,37363.0,0.0,0,0,0,M,20,A,D,E,E,E
4004,37364.0,0.0,20,0,0,M,20,A,D,F,F,E
4004,37365.0,3.6,0,0,0,M,20,A,D,F,F,E
4004,37366.0,1.0,0,20,0,M,20,A,D,F,F,F
4004,37367.0,1.4,0,15,0,M,20,A,D,F,F,F
4004,37368.0,5.2,0,0,0,M,20,A,D,F,F,F
4004,37369.0,5.2,0,0,0,M,20,A,F,F,F,F
4004,37370.0,3.2,0,15,0,M,20,A,F,F,F,F
4004,37371.0,4.0,0,0,10,M,20,A,F,F,F,G
4004,37372.0,5.4,0,0,0,M,20,,,,,
4004,37373.0,3.4,15,0,0,M,20,,,,,
4004,37374.0,6.8,0,0,0,M,20,,,,,
4004,37375.0,0.0,0,45,0,F,20,A,A,A,B,A
4004,37376.0,3.6,0,20,0,F,20,A,A,A,C,A
4004,37377.0,6.6,0,0,0,F,20,A,A,B,C,A
4004,37378.0,7.5,0,0,0,F,20,A,A,B,C,B
4004,37379.0,7.5,0,0,0,F,20,A,A,B,C,B
4004,37380.0,7.5,0,0,0,F,20,A,A,B,D,B
4004,37381.0,7.5,0,0,0,F,20,A,A,B,D,B
4004,37382.0,7.5,0,0,0,F,20,A,A,B,D,B
4004,37383.0,7.5,0,0,0,F,20,A,A,C,D,B
4004,37384.0,7.5,0,0,0,F,20,A,A,C,D,B
4004,37385.0,7.5,0,0,0,F,20,A,A,C,D,B
4004,37386.0,7.5,0,0,0,F,20,A,A,D,D,C
4004,37387.0,7.5,0,0,0,F,20,A,A,D,D,C
4004,37388.0,7.5,0,0,0,F,20,A,A,D,D,C
4004,37389.0,7.5,0,0,0,M,20,A,A,D,D,C
4004,37390.0,7.5,0,0,0,M,20,A,A,D,D,C
4004,37391.0,7.5,0,0,0,M,20,A,A,D,D,C
4004,37392.0,7.5,0,0,0,M,20,A,A,D,D,C
4004,37393.0,7.5,0,0,0,M,20,A,A,D,D,C
4004,37394.0,7.5,0,0,0,M,20,A,A,D,D,C
4004,37395.0,7.5,0,0,0,M,20,A,A,D,D,C
4004,37396.0,7.4,0,0,0,M,20,A,A,D,D,C
4004,37397.0,7.5,0,0,0,M,20,A,A,D,D,C
4004,37398.0,7.5,0,0,0,M,20,A,A,D,D,D
4004,37399.0,7.5,0,0,0,M,20,A,A,D,D,D
4004,37400.0,7.5,0,0,0,M,20,A,A,D,D,D
4004,37401.0,7.6,0,0,0,M,20,A,A,D,D,D
4004,37402.0,7.8,0,0,0,M,20,A,A,D,D,D
4004,37403.0,7.8,0,0,0,M,20,A,A,D,D,D
4004,37404.0,2.0,30,10,0,M,20,A,A,D,D,D
4004,37405.0,6.4,10,0,0,M,20,A,A,D,E,D
4004,37406.0,8.4,0,0,0,M,20,A,A,D,E,D
4004,37407.0,8.4,0,0,0,M,20,A,A,D,E,E
4004,37408.0,9.2,0,0,0,M,20,A,A,E,E,E
4004,37409.0,0.0,0,0,0,M,20,A,A,E,E,E
4004,37410.0,9.4,0,0,0,M,20,A,A,E,E,E
4004,37411.0,7.5,0,15,0,M,20,A,A,E,E,E
4004,37412.0,10.1,0,0,0,M,20,A,A,E,E,E
4004,37413.0,0.0,20,45,0,M,20,A,A,E,E,E
4004,37414.0,0.0,40,10,20,M,20,A,B,E,E,E
4004,37415.0,10.6,0,0,0,M,20,A,B,E,E,E
4004,37416.0,10.6,0,0,0,M,20,A,B,E,E,E
4004,37417.0,0.0,0,0,0,M,20,A,B,E,E,E
4004,37418.0,11.1,0,0,0,M,20,A,B,E,E,F
4004,37419.0,0.0,0,0,0,M,20,A,B,E,E,F
4004,37420.0,11.1,0,0,0,M,20,A,B,E,E,F
4004,37421.0,9.5,0,0,10,M,20,A,C,E,E,F
4004,37422.0,2.2,60,0,0,M,20,A,C,E,E,F
4004,37423.0,0.0,0,0,0,M,20,A,C,E,E,F
4004,37424.0,0.0,0,0,0,M,20,A,D,E,E,F
4004,37425.0,0.0,0,0,0,M,20,A,D,E,E,F
4004,37426.0,0.0,0,0,0,M,20,A,D,E,E,F
4004,37427.0,0.0,0,0,0,M,20,A,D,E,F,F
4004,37428.0,11.5,0,0,0,M,20,A,D,E,F,F
4004,37429.0,6.2,30,5,0,M,20,A,D,E,F,F
4004,37430.0,4.6,0,50,0,M,20,A,D,E,F,F
4004,37431.0,12.1,0,0,0,M,20,A,D,E,F,F
4004,37432.0,11.9,0,0,0,M,20,A,D,E,F,F
4004,37433.0,0.0,0,0,0,M,20,A,D,E,F,F
4004,37434.0,2.0,0,0,0,M,20,A,D,E,F,F
4004,37435.0,0.0,0,0,0,M,20,A,D,E,F,F
4004,37436.0,9.2,0,20,0,M,20,A,D,E,F,F
4004,37437.0,12.5,0,0,0,M,20,A,D,E,F,F
4004,37438.0,1.6,0,0,0,M,20,A,D,F,F,F
4004,37439.0,0.0,0,0,0,M,20,A,D,F,F,F
4004,37440.0,12.9,0,0,0,M,20,A,D,F,F,F
4004,37441.0,9.4,25,0,0,M,20,A,D,F,F,F
4004,37442.0,8.5,0,15,15,M,20,A,D,F,F,F
4004,37443.0,0.0,0,0,0,M,20,A,D,F,F,F
4004,37444.0,0.0,0,0,0,M,20,A,D,F,F,F
4004,37445.0,0.0,0,0,0,M,20,A,D,F,F,F
4004,37446.0,6.2,20,0,30,M,20,A,D,F,F,F
4004,37447.0,0.0,0,0,0,M,20,A,D,F,F,G
4004,37448.0,11.0,0,15,0,M,20,A,D,F,F,G
4004,37449.0,0.0,0,0,0,M,20,A,D,F,F,G
4004,37450.0,0.0,0,0,0,M,20,A,D,F,F,G
4004,37451.0,0.0,0,0,0,M,20,A,D,F,F,G
4004,37452.0,0.0,0,0,0,M,20,B,F,F,F,G
4004,37453.0,2.6,0,0,0,M,20,B,F,F,F,G
4004,37454.0,0.0,0,0,0,M,20,B,F,F,F,G
4004,37455.0,0.0,0,0,0,M,20,E,F,F,,G
4004,37456.0,6.6,25,15,5,M,20,,,,,
4004,37457.0,0.0,0,0,0,M,20,,,,,
4004,37458.0,2.2,0,0,0,M,20,,,,,
4004,37459.0,14.4,0,0,0,M,20,,,,,
4004,37460.0,2.0,0,0,0,M,20,,,,,
4004,37461.0,14.3,0,0,0,M,20,,,,,
4004,37462.0,11.0,0,0,25,M,20,,,,,
4004,37463.0,4.2,20,0,50,M,20,,,,,
4301,37464.0,15.0,0,0,0,F,20,A,A,B,D,B
4301,37465.0,15.0,0,0,0,F,20,A,A,B,D,C
4301,37466.0,7.6,30,20,0,F,20,A,A,B,D,C
4301,37467.0,15.0,0,0,0,F,20,A,A,C,D,C
4301,37468.0,15.0,0,0,0,F,20,A,A,D,D,C
4301,37469.0,15.0,0,0,0,F,20,A,A,D,E,D
4301,37470.0,15.0,0,0,0,F,20,A,A,D,E,D
4301,37471.0,15.0,0,0,0,F,20,A,A,D,E,D
4301,37472.0,15.0,0,0,0,F,20,A,A,D,E,D
4301,37473.0,15.0,0,0,0,F,20,A,B,E,E,E
4301,37474.0,15.0,0,0,0,M,20,A,B,E,E,E
4301,37475.0,15.0,0,0,0,M,20,A,B,E,E,E
4301,37476.0,15.0,0,0,0,M,20,A,B,E,E,E
4301,37477.0,6.4,10,0,50,M,20,A,D,E,E,E
4301,37478.0,4.4,0,0,0,M,20,A,D,E,E,E
4301,37479.0,9.5,0,40,0,M,20,A,D,E,E,E
4301,37480.0,15.9,0,0,0,M,20,A,D,E,F,E
4301,37481.0,4.0,70,0,10,M,20,A,D,E,F,F
4301,37482.0,2.6,0,0,0,M,20,A,D,E,F,F
4301,37483.0,16.2,0,0,0,M,20,B,D,F,F,F
4301,37484.0,16.3,0,0,0,M,20,B,D,F,F,F
4301,37485.0,8.4,0,35,20,M,20,B,D,F,F,F
4301,37486.0,5.2,0,0,0,M,20,B,F,F,F,F
4301,37487.0,5.2,0,0,0,M,20,B,F,F,F,G
4301,37488.0,16.3,0,0,0,M,20,,,,,
4301,37489.0,16.3,0,0,0,M,20,,,,,
4301,37490.0,10.8,40,0,0,M,20,,,,,
4301,37491.0,7.5,0,0,0,M,20,,,,,
4301,37492.0,3.6,0,0,0,M,20,,,,,
4301,37493.0,15.6,0,0,10,M,20,,,,,
4301,37494.0,5.8,10,15,50,M,20,,,,,
3502,37495.0,17.0,0,0,0,F,20,A,A,A,B,A
3502,37496.0,6.8,25,45,0,F,20,A,A,A,B,A
3502,37497.0,17.6,0,0,0,F,20,A,A,B,C,A
3502,37498.0,2.4,0,0,15,F,20,A,A,B,C,A
3502,37499.0,17.6,0,0,0,F,20,A,A,B,C,A
3502,37500.0,15.0,0,0,20,F,20,A,A,B,C,A
3502,37501.0,17.9,0,0,0,F,20,A,A,B,C,A
3502,37502.0,18.0,0,0,0,F,20,A,A,B,C,A
3502,37503.0,17.8,0,0,0,F,20,A,A,B,C,A
3502,37504.0,7.5,0,0,0,F,20,A,A,C,C,A
3502,37505.0,3.2,20,70,10,F,20,A,A,C,C,A
3502,37506.0,18.4,0,0,0,F,20,A,A,C,C,B
3502,37507.0,10.9,50,0,0,F,20,A,A,C,D,B
3502,37508.0,0.0,50,0,0,F,20,A,A,C,D,B
3502,37509.0,2.6,25,5,0,F,20,A,A,C,D,B
3502,37510.0,10.5,10,30,15,F,20,A,A,C,D,B
3502,37511.0,7.5,0,0,0,F,20,A,A,C,D,B
3502,37512.0,7.4,75,0,0,F,20,A,A,C,D,B
3502,37513.0,18.9,0,0,0,F,20,A,A,C,D,B
3502,37514.0,7.5,0,0,0,F,20,A,A,C,D,B
3502,37515.0,7.5,0,0,0,F,20,A,A,C,D,B
3502,37516.0,7.5,0,0,0,F,20,A,A,C,D,B
3502,37517.0,7.5,0,0,0,F,20,A,A,C,D,B
3502,37518.0,7.5,0,0,0,F,20,A,A,D,D,B
3502,37519.0,7.5,0,0,0,F,20,A,A,D,D,B
3502,37520.0,7.5,0,0,0,F,20,A,A,D,D,B
3502,37521.0,15.0,0,25,0,F,20,A,A,D,D,B
3502,37522.0,7.5,0,0,0,F,20,A,A,D,D,B
3502,37523.0,7.5,0,0,0,F,20,A,A,D,D,B
3502,37524.0,7.5,0,0,0,F,20,A,A,D,D,B
3502,37525.0,7.5,0,0,0,F,20,A,A,D,D,C
3502,37526.0,7.5,0,0,0,F,20,A,A,D,D,C
3502,37527.0,7.5,0,0,0,F,20,A,A,D,D,C
3502,37528.0,7.5,0,0,0,F,20,A,A,D,D,C
3502,37529.0,18.6,0,0,0,F,20,A,A,D,D,C
3502,37530.0,7.5,0,0,0,F,20,A,A,D,D,C
3502,37531.0,7.5,0,0,0,M,20,A,B,D,D,C
3502,37532.0,7.5,0,0,0,M,20,A,B,D,D,C
3502,37533.0,7.5,0,0,0,M,20,A,B,D,D,D
3502,37534.0,7.5,0,0,0,M,20,A,B,D,D,D
3502,37535.0,7.5,0,0,0,M,20,A,B,D,D,D
3502,37536.0,7.5,0,0,0,M,20,A,B,D,D,D
3502,37537.0,19.2,0,0,0,M,20,A,D,E,E,E
3502,37538.0,19.4,0,0,0,M,20,A,D,E,E,E
3502,37539.0,7.4,0,0,0,M,20,A,D,E,E,E
3502,37540.0,7.8,0,30,50,M,20,A,D,E,E,E
3502,37541.0,7.5,0,0,0,M,20,A,D,E,E,E
3502,37542.0,16.3,25,0,0,M,20,A,D,E,E,E
3502,37543.0,7.5,0,0,0,M,20,A,D,E,E,E
3502,37544.0,7.5,0,0,0,M,20,A,D,E,E,E
3502,37545.0,3.4,10,10,0,M,20,A,D,E,E,E
3502,37546.0,7.5,0,0,0,M,20,A,D,E,E,E
3502,37547.0,7.5,10,0,0,M,20,A,D,E,E,E
3502,37548.0,8.4,60,20,0,M,20,A,D,E,E,E
3502,37549.0,7.5,0,0,0,M,20,A,D,E,E,E
3502,37550.0,9.1,0,0,0,M,20,A,D,E,E,E
3502,37551.0,7.0,0,0,0,M,20,A,D,E,F,E
3502,37552.0,7.5,0,0,0,M,20,A,D,E,F,E
3502,37553.0,7.5,0,0,0,M,20,A,D,E,F,E
3502,37554.0,13.6,0,45,0,M,20,A,D,E,F,E
3502,37555.0,8.1,0,0,0,M,20,A,D,E,F,E
3502,37556.0,18.9,10,0,0,M,20,A,D,F,F,E
3502,37557.0,9.5,0,0,0,M,20,A,D,F,F,F
3502,37558.0,20.2,0,0,0,M,20,A,D,F,F,F
3502,37559.0,10.2,70,0,0,M,20,A,D,F,F,F
3502,37560.0,9.7,0,0,0,M,20,A,D,F,F,F
3502,37561.0,6.8,20,0,0,M,20,A,D,F,F,F
2001,37562.0,18.6,20,0,0,F,20,A,A,A,B,A
2001,37563.0,21.4,0,0,0,F,20,A,A,B,B,A
2001,37564.0,9.4,0,0,0,F,20,A,A,B,B,A
2001,37565.0,8.8,0,0,0,F,20,A,A,B,B,A
2001,37566.0,9.1,0,0,0,F,20,A,A,B,B,A
2001,37567.0,1.0,15,30,20,F,20,A,A,B,B,A
2001,37568.0,18.5,0,20,0,F,20,A,A,B,B,A
2001,37569.0,13.6,55,0,0,F,20,A,A,B,B,A
2001,37570.0,3.8,15,30,0,F,20,A,A,B,B,A
2001,37571.0,9.5,0,0,0,F,20,A,A,B,B,A
2001,37572.0,21.8,0,0,0,F,20,A,A,B,B,A
2001,37573.0,22.0,0,0,0,F,20,A,A,B,B,A
2001,37574.0,8.4,0,0,0,F,20,A,A,B,B,A
2001,37575.0,9.5,0,10,0,F,20,A,A,B,B,A
2001,37576.0,8.6,50,30,10,F,20,A,A,B,B,A
2001,37577.0,12.2,30,35,0,F,20,A,A,B,B,A
2001,37578.0,11.1,0,0,0,F,20,A,A,B,C,A
2001,37579.0,8.5,0,0,0,F,20,A,A,B,C,A
2001,37580.0,4.0,70,50,0,F,20,A,A,B,C,A
2001,37581.0,22.5,0,0,0,F,20,A,A,B,C,B
2001,37582.0,0.0,0,0,0,F,20,A,A,B,C,B
2001,37583.0,0.0,0,0,0,F,20,A,A,B,C,B
2001,37584.0,0.0,0,0,0,F,20,A,A,B,C,B
2001,37585.0,22.5,0,0,0,F,20,A,A,B,C,B
2001,37586.0,11.3,0,0,0,F,20,A,A,B,C,B
2001,37587.0,0.0,0,0,0,F,20,A,A,C,C,B
2001,37588.0,22.5,0,0,0,F,20,A,A,C,C,B
2001,37589.0,0.0,0,0,0,F,20,A,A,C,C,B
2001,37590.0,0.0,0,0,0,F,20,A,A,C,D,B
2001,37591.0,8.9,0,0,0,F,20,A,A,C,D,B
2001,37592.0,7.5,0,15,10,F,20,A,A,C,D,B
2001,37593.0,3.4,0,50,0,F,20,A,A,C,D,B
2001,37594.0,0.0,0,0,0,F,20,A,A,C,D,B
2001,37595.0,0.0,0,0,0,F,20,A,A,C,D,B
2001,37596.0,0.0,0,0,0,F,20,A,A,C,D,B
2001,37597.0,22.5,0,0,0,F,20,A,A,C,D,B
2001,37598.0,11.5,0,0,0,F,20,A,A,C,D,B
2001,37599.0,10.2,40,40,0,F,20,A,A,D,D,B
2001,37600.0,22.5,0,0,0,F,20,A,A,D,D,B
2001,37601.0,10.1,0,0,0,F,20,A,A,D,D,B
2001,37602.0,0.0,0,0,0,F,20,A,B,D,D,B
2001,37603.0,0.0,0,0,0,F,20,A,B,D,D,B
2001,37604.0,22.3,0,0,0,F,20,A,B,D,D,B
2001,37605.0,11.3,0,0,0,F,20,A,B,D,D,B
2001,37606.0,0.0,0,0,0,F,20,A,B,D,D,B
2001,37607.0,7.5,25,0,0,F,20,A,B,D,D,B
2001,37608.0,22.5,0,0,0,F,20,A,B,D,D,B
2001,37609.0,0.0,0,0,0,F,20,A,B,D,D,B
2001,37610.0,0.0,0,0,0,F,20,A,B,D,D,B
2001,37611.0,0.0,0,0,0,F,20,A,C,D,D,C
2001,37612.0,22.5,0,0,0,F,20,A,D,D,D,C
2001,37613.0,0.0,0,0,0,F,20,A,D,D,D,C
2001,37614.0,0.0,0,0,0,F,20,A,D,D,D,C
2001,37615.0,0.0,0,0,0,F,20,A,D,D,D,C
2001,37616.0,0.0,0,0,0,F,20,A,D,D,D,C
2001,37617.0,19.0,25,0,0,F,20,A,D,D,D,C
2001,37618.0,8.5,10,0,0,F,20,A,D,D,D,C
2001,37619.0,10.1,10,0,0,F,20,A,D,D,D,C
2001,37620.0,10.1,10,0,0,F,20,A,D,D,D,D
2001,37621.0,4.0,45,50,30,F,20,A,D,D,D,D
2001,37622.0,11.7,0,0,0,F,20,A,D,D,D,D
2001,37623.0,5.2,50,0,0,F,20,A,D,D,D,D
2001,37624.0,11.5,0,0,0,F,20,A,D,D,D,D
2001,37625.0,0.0,0,0,0,F,20,A,D,D,D,D
2001,37626.0,7.5,20,0,10,F,20,A,D,D,E,D
2001,37627.0,9.5,0,0,0,F,20,A,D,D,E,D
2001,37628.0,0.0,0,0,0,F,20,A,D,D,E,D
2001,37629.0,9.5,0,0,0,F,20,A,D,D,E,D
2001,37630.0,23.0,0,0,0,F,20,A,D,E,E,D
2001,37631.0,8.0,0,10,0,F,20,A,D,E,E,E
2001,37632.0,9.5,0,10,0,F,20,A,D,E,E,E
2001,37633.0,10.4,10,60,15,F,20,A,D,E,E,E
2001,37634.0,0.0,0,0,0,F,20,A,D,E,E,E
2001,37635.0,1.0,0,0,0,F,20,A,D,E,E,E
2001,37636.0,7.5,0,0,30,F,20,A,D,E,E,E
2001,37637.0,0.0,0,0,10,F,20,B,D,E,E,E
2001,37638.0,11.1,0,0,0,F,20,B,D,E,E,E
2001,37639.0,23.4,0,0,0,F,20,B,D,E,E,E
2001,37640.0,0.0,10,0,0,F,20,B,D,E,E,E
2001,37641.0,10.0,0,0,0,F,20,B,D,E,E,E
2001,37642.0,6.6,10,15,0,F,20,B,D,F,F,F
2001,37643.0,7.6,0,20,0,F,20,B,D,F,F,F
2001,37644.0,9.6,70,15,10,F,20,B,D,F,F,F
2001,37645.0,16.6,20,0,30,F,20,B,D,F,F,F
2001,37646.0,9.1,10,15,0,F,20,B,D,F,F,F
2001,37647.0,8.2,30,0,0,F,20,B,D,F,F,F
2001,37648.0,23.8,0,0,0,F,20,B,D,F,F,F
2001,37649.0,11.3,10,0,0,F,20,B,D,F,F,F
2001,37650.0,12.7,0,0,0,F,20,C,D,F,F,F
2001,37651.0,3.4,0,45,0,F,20,E,F,F,F,F
2001,37652.0,1.6,0,0,0,F,20,E,F,F,F,G
2001,37653.0,10.0,20,0,0,F,20,E,F,F,F,G
2001,37654.0,15.0,10,0,50,F,20,,,,,
2001,37655.0,7.5,0,20,0,M,20,,,,,
2001,37656.0,7.6,50,20,40,M,20,,,,,
2001,37657.0,1.6,0,0,0,M,20,,,,,
2001,37658.0,10.7,0,0,0,M,20,,,,,
2001,37659.0,12.1,0,0,0,M,20,,,,,
2001,37660.0,0.0,0,0,0,M,20,,,,,
2001,37661.0,0.0,0,0,0,M,20,,,,,
2001,37662.0,11.9,0,0,0,M,20,,,,,
2001,37663.0,8.2,20,5,10,M,20,,,,,
2001,37664.0,20.0,20,0,0,M,20,,,,,
2001,37665.0,11.9,0,0,0,M,20,,,,,
2501,37666.0,0.0,15,70,0,F,20,A,A,B,B,A
2501,37667.0,0.0,0,0,0,F,20,A,A,B,B,A
2501,37668.0,0.0,0,0,0,F,20,A,A,C,D,A
2501,37669.0,0.0,0,0,0,F,20,A,A,C,D,A
2501,37670.0,0.0,0,0,0,F,20,A,A,C,D,A
2501,37671.0,0.0,0,0,0,F,20,A,A,C,D,A
2501,37672.0,0.0,0,0,15,F,20,A,A,C,D,A
2501,37673.0,0.0,0,10,5,F,20,A,A,D,D,B
2501,37674.0,10.1,0,0,20,F,20,A,A,D,D,B
2501,37675.0,19.0,20,5,10,F,20,A,A,D,D,B
2501,37676.0,0.0,0,0,0,F,20,A,A,D,D,B
2501,37677.0,9.6,35,45,20,F,20,A,A,D,D,C
2501,37678.0,7.5,0,25,0,F,20,A,A,D,D,C
2501,37679.0,2.6,0,0,0,F,20,A,A,D,D,C
2501,37680.0,11.3,0,0,0,F,20,A,A,E,E,C
2501,37681.0,8.9,0,15,0,F,20,A,A,E,E,D
2501,37682.0,9.9,25,0,0,F,20,A,A,E,E,D
2501,37683.0,1.0,0,0,10,F,20,A,A,E,E,D
2501,37684.0,3.6,0,0,0,F,20,A,A,E,E,D
2501,37685.0,17.7,0,15,30,F,20,A,A,E,E,D
2501,37686.0,11.2,60,10,20,F,20,A,A,E,E,D
2501,37687.0,22.5,0,5,10,F,20,A,A,E,E,D
2501,37688.0,11.3,0,0,0,F,20,A,B,E,E,D
2501,37689.0,9.7,0,0,15,F,20,A,B,E,E,D
2501,37690.0,1.6,0,0,0,F,20,A,B,E,E,E
2501,37691.0,11.8,0,0,0,F,20,A,C,E,F,E
2501,37692.0,2.2,80,0,0,M,20,B,F,F,F,F
2501,37693.0,7.4,40,5,0,M,20,C,F,F,F,F
2501,37694.0,25.2,0,0,0,M,20,C,F,F,F,F
2501,37695.0,9.5,20,10,0,M,20,E,F,F,F,G
2501,37696.0,9.5,25,0,0,M,20,,,,,
2501,37697.0,0.0,0,0,0,M,20,,,,,
2501,37698.0,0.0,0,0,0,M,20,,,,,
2501,37699.0,0.0,0,0,0,M,20,,,,,
2501,37700.0,13.1,0,0,0,M,20,,,,,
2501,37701.0,11.3,20,0,0,M,20,,,,,
2501,37702.0,3.8,25,30,0,M,20,,,,,
2501,37703.0,0.0,0,0,0,M,20,,,,,
2501,37704.0,6.0,10,30,0,M,20,,,,,
1402,37705.0,11.3,20,0,0,F,20,A,A,A,A,A
1402,37706.0,7.5,0,30,0,F,20,A,A,B,A,A
1402,37707.0,11.1,0,15,0,F,20,A,A,B,A,A
1402,37708.0,15.0,0,0,0,M,20,A,A,D,D,B
1402,37709.0,15.0,0,0,0,M,20,A,A,D,D,B
1402,37710.0,15.0,0,0,0,M,20,A,A,D,D,B
1402,37711.0,15.0,0,0,0,M,20,A,A,D,D,B
1402,37712.0,13.8,0,0,0,M,20,A,A,D,D,C
1402,37713.0,12.9,0,0,0,M,20,A,B,D,E,C
1402,37714.0,15.0,0,0,0,M,20,A,B,D,E,C
1402,37715.0,15.0,0,0,0,M,20,A,C,D,E,D
1402,37716.0,15.0,0,0,0,M,20,A,D,D,E,D
1402,37717.0,16.0,30,20,15,M,20,A,D,E,E,D
1402,37718.0,15.0,0,0,0,M,20,A,D,E,E,D
1402,37719.0,15.0,0,0,0,M,20,A,D,E,E,E
1402,37720.0,8.5,30,0,0,M,20,A,D,E,F,E
1402,37721.0,15.0,0,0,0,M,20,A,D,E,F,E
1402,37722.0,15.0,0,0,0,M,20,A,D,E,F,E
1402,37723.0,15.0,0,0,0,M,20,A,D,E,F,E
1402,37724.0,15.0,0,0,0,M,20,B,D,E,F,F
1402,37725.0,15.0,0,0,0,M,20,B,D,E,F,F
1502,37726.0,3.8,0,0,0,F,20,A,A,B,B,A
1502,37727.0,15.0,0,0,0,F,20,A,A,C,B,A
1502,37728.0,2.4,10,0,0,F,20,A,A,C,B,B
1502,37729.0,15.0,0,0,0,F,20,A,A,C,C,B
1502,37730.0,0.6,10,0,10,F,20,A,A,C,C,B
1502,37731.0,15.0,0,0,0,F,20,A,A,C,C,B
1502,37732.0,15.0,0,0,0,F,20,A,A,C,D,B
1502,37733.0,26.4,0,0,0,F,20,A,A,C,D,B
1502,37734.0,13.3,0,0,0,F,20,A,A,C,D,B
1502,37735.0,5.8,0,30,15,F,20,A,A,C,D,B
1502,37736.0,8.9,10,15,0,F,20,A,A,C,D,B
1502,37737.0,15.0,0,0,0,F,20,A,A,D,D,B
1502,37738.0,12.7,0,0,0,F,20,A,A,D,D,C
1502,37739.0,15.0,0,0,0,F,20,A,A,D,D,C
1502,37740.0,15.0,0,0,0,F,20,A,A,D,D,C
1502,37741.0,7.5,0,35,0,F,20,A,A,D,D,C
1502,37742.0,22.6,0,25,0,F,20,A,B,D,D,D
1502,37743.0,26.2,0,0,0,F,20,A,B,D,D,D
1502,37744.0,15.0,0,0,0,M,20,A,B,D,D,D
1502,37745.0,26.9,0,0,0,M,20,A,B,D,D,D
1502,37746.0,13.1,30,20,40,M,20,A,B,E,D,D
1502,37747.0,13.5,10,0,0,M,20,A,B,E,E,D
1502,37748.0,0.0,0,0,0,M,20,A,C,E,E,D
1502,37749.0,1.6,5,15,0,M,20,A,D,E,E,D
1502,37750.0,0.0,0,0,0,M,20,A,D,E,E,D
1502,37751.0,0.0,0,0,0,M,20,A,D,E,E,D
1502,37752.0,0.0,0,0,0,M,20,A,D,E,E,D
1502,37753.0,0.0,0,0,0,M,20,A,D,E,E,E
1502,37754.0,0.0,0,30,0,M,20,A,D,E,F,E
1502,37755.0,2.0,30,85,50,M,20,A,D,E,F,E
1502,37756.0,26.9,0,0,0,M,20,A,D,E,F,E
1502,37757.0,8.1,50,0,0,M,20,A,D,E,F,E
1502,37758.0,0.0,0,0,0,M,20,A,D,E,F,E
1502,37759.0,5.2,10,20,40,M,20,B,D,F,F,F
1502,37760.0,0.0,0,0,0,M,20,,,,,
1502,37761.0,0.0,0,0,0,M,20,,,,,
1502,37762.0,0.0,0,0,0,M,20,,,,,
1502,37763.0,0.0,0,0,0,M,20,,,,,
1502,37764.0,0.0,0,0,0,M,20,,,,,
1502,37765.0,0.0,0,0,0,M,20,,,,,
1602,37766.0,7.5,10,45,0,F,20,A,A,A,B,A
1602,37767.0,0.0,25,5,0,F,20,A,A,A,B,A
1602,37768.0,22.5,20,10,0,F,20,A,A,A,B,A
1602,37769.0,15.0,0,0,0,F,20,A,A,A,B,A
1602,37770.0,15.0,0,0,0,F,20,A,A,B,B,A
1602,37771.0,15.0,0,0,0,F,20,A,A,B,B,A
1602,37772.0,15.0,0,0,0,F,20,A,A,B,B,A
1602,37773.0,0.0,0,25,0,F,20,A,A,B,B,A
1602,37774.0,5.0,0,0,0,F,20,A,A,B,C,A
1602,37775.0,17.1,0,65,0,F,20,A,A,B,C,A
1602,37776.0,14.7,0,0,0,F,20,A,A,B,C,A
1602,37777.0,15.0,0,0,0,F,20,A,A,B,C,A
1602,37778.0,15.0,0,0,0,F,20,A,A,B,C,A
1602,37779.0,27.3,0,0,0,F,20,A,A,B,C,A
1602,37780.0,6.0,0,0,0,F,20,A,A,C,C,A
1602,37781.0,2.0,0,0,20,F,20,A,A,C,C,A
1602,37782.0,3.6,5,0,5,F,20,A,A,C,C,A
1602,37783.0,3.4,0,0,10,F,20,A,A,C,C,A
1602,37784.0,15.0,0,0,0,F,20,A,A,C,C,B
1602,37785.0,2.2,10,35,30,F,20,A,A,C,C,B
1602,37786.0,15.0,0,0,0,F,20,A,A,C,C,B
1602,37787.0,15.0,0,0,0,F,20,A,A,C,C,B
1602,37788.0,22.8,20,0,10,F,20,A,A,C,D,B
1602,37789.0,27.1,0,0,0,F,20,A,A,C,D,B
1602,37790.0,15.5,10,0,0,F,20,A,A,C,D,B
1602,37791.0,16.0,0,0,0,F,20,A,A,C,D,B
1602,37792.0,15.0,0,0,0,F,20,A,A,C,D,B
1602,37793.0,15.0,0,0,0,F,20,A,A,C,D,B
1602,37794.0,15.0,0,0,0,F,20,A,A,C,D,B
1602,37795.0,22.5,30,0,0,F,20,A,A,C,D,B
1602,37796.0,15.0,10,0,0,F,20,A,A,C,D,B
1602,37797.0,12.5,0,10,0,F,20,A,A,C,D,B
1602,37798.0,1.0,0,0,0,F,20,A,A,C,D,B
1602,37799.0,23.8,0,25,0,F,20,A,A,C,D,B
1602,37800.0,0.0,20,15,0,F,20,A,A,C,D,B
1602,37801.0,7.5,25,15,20,F,20,A,A,D,D,B
1602,37802.0,15.0,0,0,0,F,20,A,A,D,D,C
1602,37803.0,15.0,0,0,0,F,20,A,A,D,D,C
1602,37804.0,15.0,0,0,0,F,20,A,A,D,D,C
1602,37805.0,16.0,0,0,0,F,20,A,A,D,D,C
1602,37806.0,15.0,0,0,0,F,20,A,A,D,D,C
1602,37807.0,15.0,0,0,0,F,20,A,A,D,D,C
1602,37808.0,15.0,0,0,0,F,20,A,A,D,D,C
1602,37809.0,18.0,0,70,0,F,20,A,A,D,E,C
1602,37810.0,28.4,0,0,0,F,20,A,A,D,E,C
1602,37811.0,14.9,0,0,0,F,20,A,A,D,E,C
1602,37812.0,15.0,0,0,0,F,20,A,A,D,E,C
1602,37813.0,4.8,80,0,5,F,20,A,A,D,E,D
1602,37814.0,28.5,0,0,0,F,20,A,A,D,E,D
1602,37815.0,15.0,0,0,0,F,20,A,A,D,E,D
1602,37816.0,13.7,10,15,0,F,20,A,A,D,E,D
1602,37817.0,1.6,0,0,0,F,20,A,A,D,E,D
1602,37818.0,9.9,35,15,0,F,20,A,B,E,E,D
1602,37819.0,15.0,0,0,0,F,20,A,B,E,E,D
1602,37820.0,6.4,10,0,0,F,20,A,B,E,E,D
1602,37821.0,15.0,0,0,0,F,20,A,B,E,E,D
1602,37822.0,12.9,15,0,15,F,20,A,B,E,E,D
1602,37823.0,10.3,0,30,0,F,20,A,B,E,E,E
1602,37824.0,15.0,0,0,0,F,20,A,B,E,E,E
1602,37825.0,15.0,0,0,0,F,20,A,B,E,E,E
1602,37826.0,15.0,0,0,0,F,20,A,B,E,E,E
1602,37827.0,15.0,0,0,0,M,20,A,B,E,E,E
1602,37828.0,15.0,0,0,0,M,20,A,B,E,E,E
1602,37829.0,4.8,10,45,100,M,20,A,B,E,E,E
1602,37830.0,15.0,0,0,0,M,20,A,B,E,E,E
1602,37831.0,15.0,0,0,0,M,20,A,B,E,E,E
1602,37832.0,15.0,0,0,0,M,20,A,C,E,E,E
1602,37833.0,1.6,0,0,10,M,20,A,D,E,E,E
1602,37834.0,18.1,0,0,0,M,20,A,D,E,E,E
1602,37835.0,0.0,0,45,0,M,20,A,D,E,E,E
1602,37836.0,7.5,0,0,0,M,20,A,D,E,E,E
1602,37837.0,6.4,0,0,0,M,20,A,D,E,E,E
1602,37838.0,2.0,0,0,0,M,20,A,D,E,E,E
1602,37839.0,4.4,0,0,0,M,20,A,D,E,E,E
1602,37840.0,12.1,0,10,15,M,20,A,D,E,E,E
1602,37841.0,0.0,50,0,0,M,20,A,D,E,E,E
1602,37842.0,2.0,0,0,0,M,20,A,D,E,E,E
1602,37843.0,2.0,0,0,0,M,20,A,D,E,E,E
1602,37844.0,15.0,0,10,0,M,20,A,D,E,E,E
1602,37845.0,2.0,0,0,0,M,20,A,D,E,E,E
1602,37846.0,28.9,0,0,0,M,20,A,D,E,E,E
1602,37847.0,9.7,0,35,0,M,20,A,D,E,E,E
1602,37848.0,18.0,0,0,0,M,20,A,D,E,E,E
1602,37849.0,8.2,0,0,0,M,20,A,D,E,E,E
1602,37850.0,21.2,35,5,10,M,20,A,D,E,E,E
1602,37851.0,2.0,0,0,0,M,20,A,D,E,E,E
1602,37852.0,15.0,0,0,10,M,20,A,D,E,E,E
1602,37853.0,17.8,0,0,0,M,20,A,D,E,E,E
1602,37854.0,17.0,0,0,0,M,20,A,D,E,E,E
1602,37855.0,17.0,0,0,0,M,20,A,D,E,E,F
1602,37856.0,3.6,0,0,0,M,20,A,D,E,E,F
1602,37857.0,2.4,0,0,0,M,20,A,D,E,E,F
1602,37858.0,0.0,0,15,0,M,20,A,D,E,E,F
1602,37859.0,11.9,25,0,0,M,20,A,D,E,F,F
1602,37860.0,14.1,25,75,0,M,20,A,D,E,F,F
1602,37861.0,13.5,10,5,15,M,20,A,D,E,F,F
1602,37862.0,2.6,0,30,0,M,20,A,D,E,F,F
1602,37863.0,16.5,10,0,0,M,20,A,D,E,F,F
1602,37864.0,3.8,0,0,0,M,20,A,D,F,F,F
1602,37865.0,10.2,40,65,20,M,20,A,D,F,F,F
1602,37866.0,1.0,35,5,0,M,20,A,D,F,F,F
1602,37867.0,13.5,0,30,0,M,20,A,D,F,F,F
1602,37868.0,7.5,10,45,20,M,20,A,D,F,F,F
1602,37869.0,7.5,0,0,0,M,20,A,D,F,F,F
1602,37870.0,7.5,0,0,0,M,20,A,D,F,F,F
1602,37871.0,7.5,0,0,0,M,20,A,D,F,F,F
1602,37872.0,7.5,0,0,0,M,20,A,D,F,F,F
1602,37873.0,7.5,0,0,0,M,20,A,D,F,F,F
1602,37874.0,7.5,0,0,0,M,20,A,D,F,F,F
1602,37875.0,7.5,0,0,0,M,20,B,D,F,F,F
1602,37876.0,7.5,0,0,0,M,20,E,F,F,F,G
1602,37877.0,7.5,0,0,0,M,20,E,F,F,F,G
1602,37878.0,7.5,0,0,0,M,20,,,,,
1602,37879.0,7.5,0,0,0,M,20,,,,,
1602,37880.0,0.0,50,0,0,M,20,,,,,
1602,37881.0,7.5,0,0,0,M,20,,,,,
1602,37882.0,7.5,0,0,0,M,20,,,,,
1602,37883.0,7.5,0,0,0,M,20,,,,,
1602,37884.0,7.5,0,0,0,M,20,,,,,
1602,37885.0,7.5,0,0,0,M,20,,,,,
1602,37886.0,8.5,10,40,0,M,20,,,,,
1602,37887.0,7.5,0,0,0,M,20,,,,,
1602,37888.0,7.5,0,0,0,M,20,,,,,
1602,37889.0,7.5,0,0,0,M,20,,,,,
1602,37890.0,7.5,0,0,0,M,20,,,,,
1602,37891.0,7.5,0,0,0,M,20,,,,,
1602,37892.0,7.5,0,0,0,M,20,,,,,
1602,37893.0,7.5,0,0,0,M,20,,,,,
1602,37894.0,7.5,0,0,0,M,20,,,,,
1602,37895.0,7.5,0,0,0,M,20,,,,,
1602,37896.0,11.8,40,0,5,M,20,,,,,
702,37897.0,7.5,0,0,0,F,20,A,A,B,B,A
702,37898.0,0.0,0,20,0,F,20,A,A,B,C,A
702,37899.0,12.9,0,20,0,F,20,A,A,B,C,A
702,37900.0,7.5,0,0,0,F,20,A,A,C,C,A
702,37901.0,7.5,0,0,0,F,20,A,A,C,D,B
702,37902.0,4.0,0,0,0,M,20,A,A,D,D,B
702,37903.0,7.5,0,0,0,M,20,A,A,D,D,B
702,37904.0,7.5,0,0,0,M,20,A,A,D,D,C
702,37905.0,7.5,0,0,0,M,20,A,A,D,D,C
702,37906.0,7.5,0,0,0,M,20,A,B,D,D,C
702,37907.0,7.5,0,0,0,M,20,A,B,D,D,C
702,37908.0,0.0,10,10,0,M,20,,,,,
904,37909.0,7.5,0,0,0,F,20,A,A,A,A,A
904,37910.0,7.5,0,0,0,F,20,A,A,A,B,A
904,37911.0,7.5,0,0,0,F,20,A,A,A,B,A
904,37912.0,7.5,0,0,0,F,20,A,A,B,B,A
904,37913.0,7.5,0,0,0,F,20,A,A,B,B,A
904,37914.0,4.4,10,0,10,F,20,A,A,B,B,A
904,37915.0,7.5,0,0,0,F,20,A,A,B,B,A
904,37916.0,4.0,0,25,0,F,20,A,A,C,D,B
904,37917.0,16.7,20,0,0,F,20,A,B,C,D,B
904,37918.0,27.1,20,0,0,F,20,A,B,C,D,B
904,37919.0,17.8,0,0,0,F,20,A,B,D,D,B
904,37920.0,29.9,0,0,0,F,20,A,B,D,D,B
904,37921.0,17.2,0,0,10,F,20,A,B,D,D,B
904,37922.0,8.0,25,30,0,F,20,A,B,D,D,C
904,37923.0,7.5,0,50,100,F,20,A,B,D,D,C
904,37924.0,14.5,0,20,0,F,20,A,B,D,D,C
904,37925.0,26.5,0,25,0,F,20,A,B,D,D,C
904,37926.0,16.5,0,0,0,F,20,A,C,D,D,C
904,37927.0,18.6,0,0,0,F,20,A,D,D,D,C
904,37928.0,1.0,0,15,0,F,20,A,D,D,D,C
904,37929.0,23.4,0,45,0,F,20,A,D,D,D,C
904,37930.0,19.0,0,0,0,F,20,A,D,D,D,C
904,37931.0,15.3,0,10,0,F,20,A,D,D,D,D
904,37932.0,2.0,15,5,20,F,20,A,D,D,D,D
904,37933.0,30.4,0,0,0,F,20,A,D,E,D,D
904,37934.0,18.1,0,0,0,F,20,A,D,E,D,D
904,37935.0,2.0,0,0,20,F,20,A,D,E,D,D
904,37936.0,18.9,0,0,0,F,20,A,D,E,E,D
904,37937.0,10.1,0,0,0,F,20,A,D,E,E,D
904,37938.0,6.8,0,10,0,F,20,A,D,E,E,E
904,37939.0,17.0,0,0,0,F,20,A,D,E,E,E
904,37940.0,3.6,0,0,0,F,20,A,D,E,E,E
904,37941.0,6.0,0,0,0,F,20,A,D,E,E,E
904,37942.0,15.1,0,25,0,F,20,B,D,E,E,E
904,37943.0,3.6,0,0,0,F,20,B,D,E,E,E
904,37944.0,19.1,0,0,0,F,20,B,D,E,E,E
904,37945.0,11.1,20,25,10,F,20,B,D,E,E,E
904,37946.0,19.4,0,0,0,F,20,B,D,E,E,E
904,37947.0,15.8,45,45,10,F,20,B,D,F,E,E
904,37948.0,17.2,0,0,0,F,20,B,D,F,F,E
904,37949.0,8.5,0,0,0,F,20,B,D,F,F,E
904,37950.0,12.3,30,10,0,F,20,B,D,F,F,F
904,37951.0,7.5,0,0,0,F,20,B,D,F,F,F
904,37952.0,6.6,0,0,0,F,20,C,E,F,F,F
904,37953.0,3.6,0,0,10,M,20,E,F,F,F,F
904,37954.0,7.6,0,0,0,M,20,E,F,F,F,F
904,37955.0,13.5,40,45,30,M,20,E,F,F,F,F
904,37956.0,7.5,0,0,0,M,20,,,,,
904,37957.0,14.9,0,0,15,M,20,,,,,
904,37958.0,6.4,0,0,0,M,20,,,,,
904,37959.0,0.0,10,10,50,M,20,,,,,
904,37960.0,15.0,0,15,15,M,20,,,,,
904,37961.0,7.5,0,0,5,M,20,,,,,
904,37962.0,8.5,0,0,0,M,20,,,,,
904,37963.0,2.6,10,0,0,M,20,,,,,
904,37964.0,0.0,0,0,0,M,20,,,,,
904,37965.0,15.0,20,0,0,M,20,,,,,
904,37966.0,7.5,20,30,30,M,20,,,,,
904,37967.0,15.9,10,15,0,M,20,,,,,
904,37968.0,17.4,0,0,0,M,20,,,,,
904,37969.0,1.0,35,5,10,M,20,,,,,
904,37970.0,7.6,0,0,0,M,20,,,,,
904,37971.0,7.5,0,0,10,M,20,,,,,
904,37972.0,14.7,0,20,0,M,20,,,,,
904,37973.0,11.9,25,15,15,M,20,,,,,
904,37974.0,12.1,0,35,0,M,20,,,,,
904,37975.0,4.0,0,20,0,M,20,,,,,
904,37976.0,7.5,10,0,0,M,20,,,,,
904,37977.0,7.5,10,0,0,M,20,,,,,
904,37978.0,7.5,0,0,10,M,20,,,,,
904,37979.0,12.1,25,25,0,M,20,,,,,
904,37980.0,7.5,0,0,10,M,20,,,,,
2001,37981.0,9.1,0,0,0,F,20,A,A,A,A,A
2001,37982.0,18.0,0,0,0,F,20,A,A,B,C,B
2001,37983.0,14.5,20,0,20,F,20,A,A,B,C,B
2001,37984.0,14.1,0,25,0,F,20,A,A,C,C,B
2001,37985.0,30.0,10,0,0,F,20,A,A,C,C,B
2001,37986.0,21.6,55,0,10,F,20,A,A,C,C,B
2001,37987.0,1.0,0,25,0,F,20,A,B,C,C,B
2001,37988.0,7.5,0,0,0,F,20,A,D,D,D,C
2001,37989.0,7.5,0,0,0,F,20,A,D,D,D,C
2001,37990.0,20.6,0,0,0,F,20,A,D,D,D,C
2001,37991.0,0.0,20,45,0,F,20,A,D,D,D,D
2001,37992.0,19.8,0,0,0,F,20,A,D,D,D,D
2001,37993.0,7.5,0,0,0,F,20,A,D,D,D,D
2001,37994.0,11.1,0,20,30,F,20,A,D,D,D,D
2001,37995.0,7.5,0,0,0,F,20,A,D,D,D,D
2001,37996.0,19.8,0,0,0,F,20,A,D,D,D,D
2001,37997.0,7.5,0,0,0,F,20,A,D,D,D,E
2001,37998.0,7.5,0,0,0,F,20,A,D,D,E,E
2001,37999.0,10.5,30,15,20,F,20,A,D,D,E,E
2001,38000.0,9.5,0,60,0,F,20,A,D,D,E,E
2001,38001.0,7.5,0,0,0,F,20,A,D,D,E,E
2001,38002.0,16.2,55,0,50,F,20,A,D,D,E,E
2001,38003.0,7.8,0,0,0,F,20,A,D,E,E,E
2001,38004.0,7.5,0,0,0,F,20,B,D,E,E,E
2001,38005.0,7.5,0,0,0,F,20,B,D,E,E,E
2001,38006.0,19.5,0,0,0,F,20,B,D,E,E,E
2001,38007.0,0.0,0,10,0,F,20,B,D,E,E,E
2001,38008.0,9.7,0,0,0,F,20,B,D,E,E,E
2001,38009.0,0.0,0,45,20,F,20,B,D,E,E,E
2001,38010.0,7.5,0,0,0,M,20,B,D,E,F,F
2001,38011.0,7.5,0,0,0,M,20,B,D,E,F,F
2001,38012.0,7.5,0,0,0,M,20,B,D,F,F,F
2001,38013.0,7.5,0,0,0,M,20,B,D,F,F,F
2001,38014.0,0.0,0,0,0,M,20,B,D,F,F,F
2001,38015.0,0.0,0,0,0,M,20,B,D,F,F,F
2001,38016.0,0.0,0,0,0,M,20,B,D,F,F,F
2001,38017.0,15.0,0,20,20,M,20,B,F,F,F,G
2001,38018.0,0.0,0,0,0,M,20,,,,,
2001,38019.0,8.2,0,0,10,M,20,,,,,
2001,38020.0,11.0,60,60,20,M,20,,,,,
2001,38021.0,15.4,0,20,0,M,20,,,,,
2001,38022.0,7.5,0,0,0,M,20,,,,,
2001,38023.0,7.5,0,0,0,M,20,,,,,
2001,38024.0,0.0,0,35,0,M,20,,,,,
2001,38025.0,7.5,0,0,0,M,20,,,,,
2001,38026.0,20.9,0,0,0,M,20,,,,,
2001,38027.0,21.0,0,0,0,M,20,,,,,
2001,38028.0,7.5,0,0,0,M,20,,,,,
2001,38029.0,7.5,0,0,0,M,20,,,,,
702,38030.0,7.5,0,0,0,F,20,A,A,A,A,A
702,38031.0,18.9,0,0,0,F,20,A,A,A,A,A
702,38032.0,7.5,0,0,0,F,20,A,A,A,A,A
702,38033.0,7.5,0,0,0,F,20,A,A,A,B,A
702,38034.0,28.2,25,0,0,F,20,A,A,A,B,A
702,38035.0,7.5,0,0,0,F,20,A,A,A,B,A
702,38036.0,0.0,0,0,0,F,20,A,A,B,B,A
702,38037.0,31.9,0,0,0,F,20,A,A,B,B,A
702,38038.0,5.2,0,0,0,F,20,A,A,B,B,A
702,38039.0,7.5,0,0,0,F,20,A,A,B,B,A
702,38040.0,11.5,0,45,0,F,20,A,A,B,B,A
702,38041.0,7.5,0,0,0,F,20,A,A,B,B,A
702,38042.0,7.5,0,0,0,F,20,A,A,B,B,A
702,38043.0,18.0,0,0,20,F,20,A,A,B,B,A
702,38044.0,11.7,15,15,30,F,20,A,A,B,B,A
702,38045.0,3.0,0,35,10,F,20,A,A,B,B,A
702,38046.0,12.9,25,0,30,F,20,A,B,B,B,A
702,38047.0,7.5,0,0,0,F,20,A,B,B,B,A
702,38048.0,10.1,0,0,0,F,20,A,B,B,B,A
702,38049.0,20.3,50,0,30,F,20,A,B,B,B,A
702,38050.0,20.0,0,0,0,F,20,A,B,B,B,A
702,38051.0,8.5,0,20,50,F,20,A,B,B,B,A
702,38052.0,14.5,50,0,0,F,20,A,B,B,B,A
702,38053.0,19.4,0,0,0,F,20,A,B,B,B,A
702,38054.0,18.8,0,0,0,F,20,A,B,B,B,A
702,38055.0,10.1,0,0,0,F,20,A,B,B,B,A
702,38056.0,20.0,0,0,0,F,20,A,B,B,B,A
702,38057.0,8.0,0,0,0,F,20,A,B,B,B,A
702,38058.0,2.6,0,45,5,F,20,A,B,B,B,A
702,38059.0,10.1,0,0,0,F,20,A,B,B,B,A
702,38060.0,7.6,50,40,0,F,20,A,B,B,B,A
702,38061.0,10.7,50,0,20,F,20,A,B,B,B,A
702,38062.0,3.4,25,0,0,F,20,A,B,B,B,A
702,38063.0,10.1,0,0,0,F,20,A,D,B,C,A
702,38064.0,9.9,50,0,15,F,20,A,D,B,C,A
702,38065.0,3.4,0,15,0,F,20,A,D,B,C,A
702,38066.0,7.5,25,0,0,F,20,A,D,B,C,A
702,38067.0,20.2,0,0,0,F,20,A,D,B,C,A
702,38068.0,10.1,0,0,0,F,20,A,D,B,C,A
702,38069.0,18.6,0,10,0,F,20,A,D,C,C,A
702,38070.0,10.1,0,0,0,M,20,A,D,C,C,A
702,38071.0,11.8,0,45,0,M,20,A,D,C,C,A
702,38072.0,23.2,15,45,0,M,20,A,D,C,C,A
702,38073.0,4.0,50,0,0,M,20,A,D,C,C,A
702,38074.0,8.5,0,0,15,M,20,A,D,C,C,A
702,38075.0,19.8,0,0,0,M,20,A,D,C,C,B
702,38076.0,8.5,0,0,0,M,20,A,D,C,C,B
702,38077.0,8.5,0,0,0,M,20,A,D,C,C,B
702,38078.0,32.9,0,0,0,M,20,A,D,C,C,B
702,38079.0,8.5,0,0,0,M,20,A,D,C,C,B
702,38080.0,2.0,0,0,0,M,20,A,D,C,C,B
702,38081.0,21.2,0,0,0,M,20,A,D,C,C,B
702,38082.0,11.5,0,0,0,M,20,A,D,C,C,B
702,38083.0,11.8,0,35,15,M,20,A,D,C,D,B
702,38084.0,8.5,0,0,0,M,20,A,D,D,D,B
702,38085.0,20.6,0,0,0,M,20,A,D,D,D,B
702,38086.0,20.0,0,0,0,M,20,A,D,D,D,B
702,38087.0,8.5,0,0,0,M,20,A,D,D,D,B
702,38088.0,9.5,5,0,0,M,20,A,D,D,D,B
702,38089.0,7.5,20,0,0,M,20,A,D,D,D,B
702,38090.0,9.5,0,0,5,M,20,A,D,D,D,B
702,38091.0,19.4,0,0,0,M,20,A,D,D,D,B
702,38092.0,3.0,15,0,35,M,20,A,D,D,D,B
702,38093.0,1.0,0,0,0,M,20,A,D,D,D,B
702,38094.0,17.6,0,20,0,M,20,A,D,D,D,B
702,38095.0,29.7,20,0,0,M,20,A,D,D,D,B
702,38096.0,14.9,0,30,0,M,20,A,D,D,D,B
2402,38097.0,0.0,0,0,0,F,20,A,D,D,D,B
2402,38098.0,7.5,0,0,0,F,20,A,D,D,D,B
2402,38099.0,0.0,0,0,0,F,20,A,D,D,D,B
2402,38100.0,12.9,0,40,20,M,20,A,D,D,D,B
2402,38101.0,2.0,0,25,35,M,20,A,D,D,D,B
2402,38102.0,0.0,0,0,0,M,20,A,D,D,D,C
2402,38103.0,0.0,0,0,0,M,20,A,D,D,D,C
2402,38104.0,0.0,0,0,0,M,20,A,D,D,D,C
2402,38105.0,7.5,0,0,0,M,20,A,D,D,D,C
2402,38106.0,7.5,0,0,0,M,20,A,D,D,D,C
2402,38107.0,29.7,0,25,0,M,20,A,D,D,D,C
2402,38108.0,0.0,0,0,0,M,20,A,D,E,D,D
2402,38109.0,0.0,0,0,0,M,20,A,D,E,E,D
2402,38110.0,7.5,0,0,0,M,20,A,D,E,E,D
2402,38111.0,10.9,60,15,0,M,20,A,D,E,E,D
2402,38112.0,33.3,0,0,0,M,20,A,D,E,E,D
2402,38113.0,9.9,0,0,0,M,20,B,D,E,F,D
2402,38114.0,16.5,0,30,0,M,20,B,F,E,F,D
2402,38115.0,0.0,0,0,0,M,20,C,F,F,F,E
2402,38116.0,0.0,0,0,0,M,20,C,F,F,F,E
2402,38117.0,11.9,0,0,0,M,20,E,F,F,F,F
2402,38118.0,0.0,0,0,0,M,20,,,,,
2402,38119.0,22.5,0,0,0,M,20,,,,,
2402,38120.0,0.0,0,0,0,M,20,,,,,
2402,38121.0,0.0,0,0,0,M,20,,,,,
2402,38122.0,0.0,0,0,0,M,20,,,,,
2402,38123.0,7.5,0,0,0,M,20,,,,,
2402,38124.0,0.0,0,0,0,M,20,,,,,
2402,38125.0,7.5,0,0,0,M,20,,,,,
2402,38126.0,0.0,0,0,0,M,20,,,,,
2402,38127.0,23.4,30,0,35,M,20,,,,,
2402,38128.0,7.5,0,0,0,M,20,,,,,
2402,38129.0,9.5,10,0,0,M,20,,,,,
2402,38130.0,0.0,0,0,0,M,20,,,,,
2402,38131.0,0.0,0,0,0,M,20,,,,,
2402,38132.0,0.0,0,0,0,M,20,,,,,
2402,38133.0,0.0,0,0,0,M,20,,,,,
2402,38134.0,0.0,0,0,0,M,20,,,,,
2402,38135.0,0.0,0,0,0,M,20,,,,,
2402,38136.0,0.0,0,0,0,M,20,,,,,
2402,38137.0,0.0,0,0,0,M,20,,,,,
2402,38138.0,0.0,0,0,0,M,20,,,,,
2001,38139.0,0.0,0,0,0,F,20,A,A,A,A,A
2001,38140.0,0.0,0,0,0,F,20,A,A,A,A,A
2001,38141.0,0.0,0,0,0,F,20,A,A,A,A,A
2001,38142.0,0.0,0,0,0,F,20,A,A,A,A,A
2001,38143.0,7.5,0,25,0,F,20,A,A,A,B,A
2001,38144.0,0.0,0,0,0,F,20,A,A,A,B,A
2001,38145.0,0.0,0,0,0,F,20,A,A,A,B,A
2001,38146.0,11.1,0,0,0,F,20,A,A,A,B,A
2001,38147.0,9.5,10,0,0,F,20,A,A,A,B,A
2001,38148.0,0.0,0,0,0,F,20,A,A,A,B,A
2001,38149.0,0.0,0,45,0,F,20,A,A,A,B,A
2001,38150.0,22.5,0,0,0,F,20,A,A,A,B,A
2001,38151.0,0.0,0,45,0,F,20,A,A,B,B,A
2001,38152.0,21.2,0,0,0,F,20,A,A,B,B,A
2001,38153.0,2.4,25,25,10,F,20,A,B,B,B,A
2001,38154.0,21.4,0,0,0,F,20,A,B,B,B,A
2001,38155.0,22.5,0,0,0,F,20,A,B,B,B,A
2001,38156.0,21.0,50,15,20,F,20,A,B,B,B,A
2001,38157.0,15.3,50,0,0,F,20,A,B,B,B,A
2001,38158.0,22.5,0,0,0,F,20,A,B,B,B,A
2001,38159.0,33.6,0,0,0,F,20,A,B,B,B,A
2001,38160.0,6.8,0,0,0,F,20,A,B,B,B,A
2001,38161.0,9.1,0,0,0,F,20,A,B,B,B,A
2001,38162.0,22.5,0,0,0,F,20,A,D,B,B,A
2001,38163.0,22.5,0,0,0,F,20,A,D,B,B,A
2001,38164.0,6.8,0,0,0,F,20,A,D,B,B,A
2001,38165.0,10.1,10,55,0,F,20,A,D,B,C,A
2001,38166.0,16.0,15,20,10,F,20,A,D,B,C,A
2001,38167.0,11.5,0,0,0,F,20,A,D,B,C,A
2001,38168.0,22.4,0,0,0,F,20,A,D,B,C,A
2001,38169.0,7.5,50,45,5,F,20,A,D,B,C,A
2001,38170.0,9.9,10,0,0,F,20,A,D,B,C,A
2001,38171.0,30.6,0,20,0,F,20,A,D,B,C,A
2001,38172.0,1.4,0,35,0,F,20,A,D,B,C,A
2001,38173.0,19.0,0,15,0,F,20,A,D,B,C,A
2001,38174.0,12.1,0,0,0,F,20,A,D,B,D,A
2001,38175.0,4.6,10,35,0,F,20,A,D,B,D,A
2001,38176.0,22.5,0,0,0,F,20,A,D,B,D,A
2001,38177.0,22.5,0,0,0,F,20,A,D,B,D,A
2001,38178.0,22.5,0,0,0,F,20,A,D,B,D,A
2001,38179.0,22.5,0,0,0,F,20,A,D,B,D,A
2001,38180.0,22.5,0,0,0,F,20,A,D,C,D,A
2001,38181.0,22.5,0,0,0,F,20,A,D,C,D,B
2001,38182.0,22.5,0,0,0,F,20,A,D,C,D,B
2001,38183.0,11.2,0,0,0,F,20,A,D,C,D,B
2001,38184.0,2.4,0,0,30,F,20,A,D,C,D,B
2001,38185.0,22.5,0,0,0,F,20,A,D,C,D,B
2001,38186.0,22.5,0,0,0,F,20,A,D,C,D,B
2001,38187.0,22.5,0,0,0,F,20,A,D,D,D,B
2001,38188.0,5.8,25,0,10,F,20,A,D,D,D,B
2001,38189.0,15.1,20,0,30,F,20,A,D,D,D,B
2001,38190.0,7.0,20,0,10,F,20,A,D,D,D,B
2001,38191.0,0.0,0,45,0,F,20,A,D,D,D,B
2001,38192.0,10.1,0,10,0,F,20,A,D,D,D,B
2001,38193.0,15.1,0,0,0,F,20,A,D,D,D,B
2001,38194.0,2.6,40,75,20,F,20,A,D,D,D,B
2001,38195.0,23.0,0,0,0,F,20,A,D,D,D,B
2001,38196.0,2.0,40,15,10,F,20,A,D,D,D,B
2001,38197.0,9.5,0,0,0,F,20,A,D,D,D,B
2001,38198.0,20.4,0,0,0,F,20,A,D,D,D,B
2001,38199.0,2.0,10,0,0,F,20,B,D,D,D,B
2001,38200.0,22.5,0,0,0,F,20,B,D,D,D,B
2001,38201.0,25.0,0,0,60,F,20,B,D,D,D,B
2001,38202.0,30.8,10,10,0,F,20,B,D,D,D,B
2001,38203.0,9.5,0,0,0,F,20,B,D,D,D,B
2001,38204.0,15.0,0,50,0,F,20,B,D,D,D,B
2001,38205.0,23.2,0,0,0,F,20,B,D,D,D,C
2001,38206.0,17.6,0,20,0,F,20,B,D,D,E,C
2001,38207.0,16.0,10,0,25,F,20,B,D,D,E,C
2001,38208.0,21.6,0,0,0,F,20,B,D,D,E,C
2001,38209.0,15.0,45,0,0,F,20,C,D,D,E,D
2001,38210.0,7.2,0,0,0,F,20,C,D,E,E,D
2001,38211.0,33.8,0,0,0,F,20,C,F,E,E,D
2001,38212.0,17.0,0,40,0,F,20,E,F,E,F,D
2001,38213.0,20.4,0,0,0,F,20,E,F,E,F,E
2001,38214.0,4.4,10,10,30,F,20,,,,,
2001,38215.0,8.6,10,0,10,F,20,,,,,
2001,38216.0,10.8,0,0,0,F,20,,,,,
2001,38217.0,2.6,30,0,0,F,20,,,,,
2001,38218.0,14.3,80,20,30,F,20,,,,,
2001,38219.0,20.4,0,0,0,F,20,,,,,
2001,38220.0,9.5,0,0,0,F,20,,,,,
2001,38221.0,18.0,0,0,15,F,20,,,,,
2001,38222.0,22.5,0,0,0,M,20,,,,,
2001,38223.0,3.2,0,50,0,M,20,,,,,
2001,38224.0,22.4,0,0,0,M,20,,,,,
2001,38225.0,18.8,20,40,40,M,20,,,,,
2001,38226.0,11.9,0,0,0,M,20,,,,,
4004,38227.0,7.5,0,0,0,F,20,A,A,A,A,A
4004,38228.0,7.5,30,0,0,F,20,A,A,A,B,A
4004,38229.0,7.5,0,0,0,F,20,A,A,A,B,A
4004,38230.0,0.0,0,5,5,F,20,A,A,A,B,A
4004,38231.0,19.6,0,0,25,F,20,A,A,A,B,A
4004,38232.0,7.5,0,0,0,F,20,A,A,B,B,A
4004,38233.0,7.5,0,0,0,F,20,A,A,B,B,A
4004,38234.0,7.5,0,0,0,F,20,A,A,B,B,A
4004,38235.0,7.5,0,0,0,F,20,A,A,B,B,A
4004,38236.0,7.5,0,20,10,F,20,A,A,B,B,B
4004,38237.0,12.1,0,0,0,F,20,A,A,B,B,B
4004,38238.0,17.4,40,0,0,F,20,A,A,B,C,B
4004,38239.0,7.5,0,0,0,M,20,A,A,B,C,B
4004,38240.0,22.2,0,0,0,M,20,A,A,B,C,B
4004,38241.0,10.0,0,0,0,M,20,A,A,B,C,B
4004,38242.0,7.5,20,10,0,M,20,A,A,B,C,B
4004,38243.0,7.5,0,0,0,M,20,A,A,B,C,B
4004,38244.0,7.5,0,0,0,M,20,A,A,C,C,B
4004,38245.0,7.5,0,0,0,M,20,A,A,C,C,B
4004,38246.0,10.1,0,0,0,M,20,A,A,C,C,B
4004,38247.0,10.0,0,0,0,M,20,A,A,C,C,B
4004,38248.0,0.0,0,0,10,M,20,A,A,C,C,B
4004,38249.0,7.5,0,25,0,M,20,A,A,C,C,C
4004,38250.0,0.0,0,0,10,M,20,A,A,C,C,C
4004,38251.0,9.5,0,5,0,M,20,A,A,C,D,C
4004,38252.0,7.5,0,0,0,M,20,A,B,C,D,C
4004,38253.0,7.5,0,0,0,M,20,A,B,C,D,C
4004,38254.0,7.5,0,0,0,M,20,A,B,D,D,C
4004,38255.0,1.0,0,0,0,M,20,A,B,D,D,C
4004,38256.0,10.1,0,0,0,M,20,A,B,D,D,C
4004,38257.0,7.5,0,0,0,M,20,A,B,D,D,C
4004,38258.0,7.5,0,0,0,M,20,A,B,D,D,C
4004,38259.0,7.5,0,0,0,M,20,A,B,D,D,C
4004,38260.0,7.5,0,0,0,M,20,A,B,D,D,D
4004,38261.0,7.5,0,0,0,M,20,A,C,D,D,D
4004,38262.0,7.5,0,0,0,M,20,A,C,D,D,D
4004,38263.0,22.5,0,5,0,M,20,A,D,D,D,D
4004,38264.0,7.5,0,0,0,M,20,A,D,D,D,D
4004,38265.0,7.5,0,0,0,M,20,A,D,D,D,D
4004,38266.0,21.9,0,0,0,M,20,A,D,D,D,D
4004,38267.0,7.5,0,0,0,M,20,A,D,D,D,D
4004,38268.0,7.5,0,0,0,M,20,A,D,D,D,D
4004,38269.0,7.5,0,0,0,M,20,A,D,D,D,D
4004,38270.0,7.5,0,0,0,M,20,A,D,D,D,D
4004,38271.0,8.4,30,60,10,M,20,A,D,D,D,D
4004,38272.0,29.1,0,25,10,M,20,A,D,D,D,D
4004,38273.0,7.5,0,0,0,M,20,A,D,D,D,D
4004,38274.0,0.0,0,0,10,M,20,A,D,D,D,D
4004,38275.0,0.0,0,0,10,M,20,A,D,D,D,D
4004,38276.0,7.5,0,0,0,M,20,A,D,D,D,D
4004,38277.0,7.5,0,0,0,M,20,A,D,D,D,E
4004,38278.0,7.5,0,0,0,M,20,A,D,D,D,E
4004,38279.0,7.5,0,0,0,M,20,A,D,D,D,E
4004,38280.0,7.5,0,0,0,M,20,A,D,D,D,E
4004,38281.0,7.8,0,0,0,M,20,A,D,D,D,E
4004,38282.0,7.5,0,0,0,M,20,A,D,D,E,E
4004,38283.0,7.5,0,0,0,M,20,A,D,D,E,E
4004,38284.0,7.5,0,0,0,M,20,A,D,D,E,E
4004,38285.0,7.5,0,0,0,M,20,A,D,D,E,E
4004,38286.0,10.5,0,65,20,M,20,A,D,D,E,E
4004,38287.0,7.5,0,0,0,M,20,A,D,D,E,E
4004,38288.0,7.5,0,0,0,M,20,A,D,D,E,E
4004,38289.0,7.5,0,0,0,M,20,A,D,D,E,E
4004,38290.0,7.4,30,45,15,M,20,A,D,E,E,E
4004,38291.0,7.5,0,0,0,M,20,A,D,E,E,E
4004,38292.0,7.5,0,0,0,M,20,A,D,E,E,E
4004,38293.0,16.3,0,30,0,M,20,A,D,E,E,E
4004,38294.0,1.0,0,0,0,M,20,A,D,E,E,E
4004,38295.0,7.5,0,0,0,M,20,A,D,E,E,E
4004,38296.0,7.5,0,0,0,M,20,A,D,E,E,E
4004,38297.0,7.5,0,0,0,M,20,A,D,E,E,E
4004,38298.0,7.5,0,0,0,M,20,A,D,E,E,E
4004,38299.0,7.5,0,0,0,M,20,A,D,E,E,E
4004,38300.0,7.5,0,0,0,M,20,A,D,E,F,E
4004,38301.0,7.5,0,0,0,M,20,A,D,E,F,F
4004,38302.0,7.5,0,0,0,M,20,A,D,E,F,F
4004,38303.0,6.0,0,10,0,M,20,A,D,E,F,F
4004,38304.0,7.5,0,0,0,M,20,A,D,E,F,F
4004,38305.0,8.2,60,20,20,M,20,A,D,E,F,F
4004,38306.0,7.5,0,0,0,M,20,B,F,E,F,F
4004,38307.0,21.0,0,0,0,M,20,B,F,F,F,F
4004,38308.0,7.5,0,0,0,M,20,B,F,F,F,F
4004,38309.0,7.5,0,0,0,M,20,B,F,F,F,F
4004,38310.0,7.5,0,0,0,M,20,C,F,F,F,F
4004,38311.0,7.5,0,0,0,M,20,E,F,F,F,F
4004,38312.0,7.5,0,0,0,M,20,,,,,
4004,38313.0,16.4,0,30,0,M,20,,,,,
4004,38314.0,7.5,0,0,0,M,20,,,,,
4004,38315.0,7.5,0,0,0,M,20,,,,,
4004,38316.0,30.0,0,30,0,M,20,,,,,
4004,38317.0,10.1,0,0,0,M,20,,,,,
4004,38318.0,23.0,0,0,0,M,20,,,,,
4004,38319.0,7.5,0,0,0,M,20,,,,,
4004,38320.0,7.5,0,0,0,M,20,,,,,
4004,38321.0,7.5,0,0,0,M,20,,,,,
4004,38322.0,3.6,0,0,0,M,20,,,,,
4004,38323.0,7.5,0,0,0,M,20,,,,,
4004,38324.0,7.5,0,0,0,M,20,,,,,
4004,38325.0,1.8,10,30,0,M,20,,,,,
5401,38326.0,10.1,0,0,0,F,20,A,A,A,A,A
5401,38327.0,0.0,0,0,25,F,20,A,A,B,B,A
5401,38328.0,7.5,0,0,0,F,20,A,A,B,B,A
5401,38329.0,7.5,0,0,0,F,20,A,A,B,B,A
5401,38330.0,22.5,5,0,0,F,20,A,A,B,B,A
5401,38331.0,22.6,0,5,0,F,20,A,A,B,B,A
5401,38332.0,1.0,35,40,0,F,20,A,A,B,B,A
5401,38333.0,21.0,0,0,15,F,20,A,A,B,B,A
5401,38334.0,22.5,0,0,0,F,20,A,A,B,B,A
5401,38335.0,22.5,0,0,0,F,20,A,A,B,C,A
5401,38336.0,22.5,0,0,0,F,20,A,A,B,C,A
5401,38337.0,10.5,0,0,0,F,20,A,A,B,C,A
5401,38338.0,27.7,35,0,10,F,20,A,A,B,C,A
5401,38339.0,10.6,0,0,0,F,20,A,A,B,C,A
5401,38340.0,22.5,0,0,0,F,20,A,A,C,C,A
5401,38341.0,16.0,35,0,0,F,20,A,A,C,D,A
5401,38342.0,0.0,0,75,10,F,20,A,B,C,D,A
5401,38343.0,22.5,0,0,0,F,20,A,B,C,D,A
5401,38344.0,21.9,0,0,0,F,20,A,B,D,D,A
5401,38345.0,22.5,0,0,0,F,20,A,B,D,D,A
5401,38346.0,22.5,0,0,0,F,20,A,B,D,D,A
5401,38347.0,22.5,0,0,0,F,20,A,B,D,D,A
5401,38348.0,2.4,85,35,20,F,20,A,B,D,D,A
5401,38349.0,21.2,0,0,0,F,20,A,B,D,D,A
5401,38350.0,6.6,0,10,0,F,20,A,B,D,D,B
5401,38351.0,22.5,0,0,0,F,20,A,B,D,D,B
5401,38352.0,22.5,0,0,0,F,20,A,B,D,D,B
5401,38353.0,22.4,0,0,0,F,20,A,B,D,D,B
5401,38354.0,2.6,0,35,0,F,20,A,D,D,D,B
5401,38355.0,4.8,90,80,30,F,20,A,D,D,D,B
5401,38356.0,23.5,0,0,0,F,20,A,D,D,D,C
5401,38357.0,16.9,0,30,0,F,20,A,D,D,D,C
5401,38358.0,12.7,50,15,10,F,20,A,D,D,D,C
5401,38359.0,0.0,0,0,0,F,20,A,D,D,D,C
5401,38360.0,2.6,10,30,25,F,20,A,D,D,E,C
5401,38361.0,20.8,0,0,10,F,20,A,D,E,E,C
5401,38362.0,29.3,0,35,0,M,20,A,D,E,E,C
5401,38363.0,9.5,20,0,0,M,20,B,D,E,E,C
5401,38364.0,21.2,0,0,0,M,20,B,D,E,E,D
5401,38365.0,22.4,0,0,0,M,20,B,D,E,E,D
5401,38366.0,22.5,0,0,0,M,20,C,D,E,E,E
5401,38367.0,22.5,0,0,0,M,20,C,D,E,E,E
5401,38368.0,22.5,0,0,0,M,20,E,D,E,F,E
5401,38369.0,0.0,0,0,0,M,20,E,D,F,F,E
5401,38370.0,22.5,0,0,0,M,20,E,D,F,F,E
5401,38371.0,0.0,0,0,0,M,20,E,D,F,F,F
5401,38372.0,21.8,0,0,0,M,20,E,F,F,F,F
5401,38373.0,6.4,55,45,0,M,20,,,,,
5401,38374.0,22.5,0,0,0,M,20,,,,,
5401,38375.0,11.1,10,55,20,M,20,,,,,
5401,38376.0,20.2,35,50,10,M,20,,,,,
5401,38377.0,12.9,0,0,0,M,20,,,,,
5401,38378.0,13.9,0,0,0,M,20,,,,,
5401,38379.0,3.4,0,0,0,M,20,,,,,
5401,38380.0,5.0,0,20,10,M,20,,,,,
5401,38381.0,5.4,40,10,0,M,20,,,,,
5401,38382.0,10.9,0,0,0,M,20,,,,,
1501,38383.0,10.8,0,0,0,F,20,A,A,B,A,A
1501,38384.0,21.0,20,0,0,F,20,A,A,B,A,A
1501,38385.0,10.3,25,0,0,F,20,A,A,B,B,A
1501,38386.0,8.4,30,0,0,F,20,A,A,B,B,A
1501,38387.0,12.9,0,0,0,F,20,A,A,B,B,A
1501,38388.0,30.6,10,0,20,F,20,A,A,B,B,A
1501,38389.0,14.0,35,0,25,F,20,A,A,C,C,B
1501,38390.0,12.9,0,0,0,F,20,A,B,C,C,B
1501,38391.0,9.5,10,0,25,F,20,A,B,C,D,B
1501,38392.0,22.0,0,15,0,F,20,A,B,D,D,B
1501,38393.0,16.5,30,0,20,F,20,A,B,D,D,B
1501,38394.0,4.8,35,20,0,F,20,A,B,D,D,B
1501,38395.0,5.6,0,20,0,F,20,A,D,D,D,B
1501,38396.0,22.4,0,0,0,F,20,A,D,D,D,B
1501,38397.0,10.1,20,0,0,F,20,A,D,D,D,B
1501,38398.0,3.2,10,25,0,F,20,A,D,D,D,B
1501,38399.0,35.0,0,0,0,F,20,A,D,D,D,B
1501,38400.0,7.5,70,10,30,M,20,A,D,D,D,B
1501,38401.0,8.5,0,0,0,M,20,A,D,D,D,B
1501,38402.0,20.1,0,100,0,M,20,A,D,D,D,C
1501,38403.0,9.5,0,0,0,M,20,B,D,D,D,C
1501,38404.0,8.5,0,0,0,M,20,B,D,D,E,E
1501,38405.0,8.5,0,0,0,M,20,B,D,D,E,E
1501,38406.0,0.0,70,60,30,M,20,E,F,D,F,E
1501,38407.0,2.0,0,0,0,M,20,,,,,
3202,38408.0,19.4,10,15,5,F,20,A,A,A,B,A
3202,38409.0,35.2,0,0,0,F,20,A,A,A,B,A
3202,38410.0,10.4,30,45,0,F,20,A,A,B,B,A
3202,38411.0,19.4,30,0,0,F,20,A,A,B,B,A
3202,38412.0,7.5,35,0,0,F,20,A,A,B,C,A
3202,38413.0,8.5,0,0,0,F,20,A,B,B,C,A
3202,38414.0,11.7,25,40,0,F,20,A,D,C,C,A
3202,38415.0,7.0,0,10,0,F,20,A,D,C,D,A
3202,38416.0,12.5,10,0,50,F,20,A,D,C,D,B
3202,38417.0,2.0,0,0,0,M,20,A,D,D,D,B
3202,38418.0,7.5,0,35,0,M,20,A,D,D,D,B
3202,38419.0,11.3,10,0,0,M,20,A,D,D,D,B
3202,38420.0,7.5,0,25,10,M,20,A,D,D,D,B
3202,38421.0,12.9,0,0,0,M,20,B,D,D,E,B
3202,38422.0,13.7,30,35,5,M,20,B,D,D,E,C
3202,38423.0,9.5,10,15,0,M,20,B,D,E,E,C
3202,38424.0,22.5,0,0,0,M,20,C,F,F,F,E
1602,38425.0,23.2,0,0,0,F,20,A,A,A,A,A
1602,38426.0,22.5,0,0,0,F,20,A,A,A,A,A
1602,38427.0,9.0,40,0,0,F,20,A,A,A,A,A
1602,38428.0,11.1,0,0,0,F,20,A,A,A,A,A
1602,38429.0,0.0,15,0,0,F,20,A,A,A,A,A
1602,38430.0,11.1,0,0,0,F,20,A,A,B,B,A
1602,38431.0,4.2,30,15,15,F,20,A,A,B,B,A
1602,38432.0,16.6,25,25,0,F,20,A,A,B,B,A
1602,38433.0,11.3,0,0,0,F,20,A,A,B,B,A
1602,38434.0,0.0,0,15,0,F,20,A,A,B,B,A
1602,38435.0,7.5,0,15,0,F,20,A,A,B,B,A
1602,38436.0,22.5,0,0,0,F,20,A,A,B,B,A
1602,38437.0,4.2,0,30,0,F,20,A,A,B,B,A
1602,38438.0,2.0,0,45,0,F,20,A,A,B,B,A
1602,38439.0,2.0,0,45,0,F,20,A,A,B,B,A
1602,38440.0,21.4,20,0,0,F,20,A,A,B,B,A
1602,38441.0,18.6,30,0,10,F,20,A,A,B,B,A
1602,38442.0,22.7,0,0,0,F,20,A,A,B,B,A
1602,38443.0,11.1,0,0,0,F,20,A,A,B,B,A
1602,38444.0,22.5,0,0,0,F,20,A,A,B,B,A
1602,38445.0,7.5,0,0,40,F,20,A,A,B,B,A
1602,38446.0,10.1,0,0,0,F,20,A,B,B,B,A
1602,38447.0,7.5,0,10,0,F,20,A,B,B,B,A
1602,38448.0,0.0,50,0,40,F,20,A,B,B,B,A
1602,38449.0,19.9,25,5,0,F,20,A,B,B,B,A
1602,38450.0,10.1,0,0,0,F,20,A,B,B,C,A
1602,38451.0,4.2,30,0,0,F,20,A,B,B,C,A
1602,38452.0,8.9,0,0,0,F,20,A,B,B,C,A
1602,38453.0,8.9,0,0,0,F,20,A,B,B,C,A
1602,38454.0,2.0,30,15,0,F,20,A,B,B,C,A
1602,38455.0,23.4,0,0,0,F,20,A,B,B,C,A
1602,38456.0,20.5,55,45,0,F,20,A,B,C,C,A
1602,38457.0,15.0,0,0,0,F,20,A,B,C,C,A
1602,38458.0,23.4,0,0,0,F,20,A,B,C,C,A
1602,38459.0,22.5,0,0,0,F,20,A,B,C,C,A
1602,38460.0,23.5,50,30,0,F,20,A,B,C,C,A
1602,38461.0,22.5,0,0,0,F,20,A,B,C,C,A
1602,38462.0,10.3,20,45,30,F,20,A,B,C,D,A
1602,38463.0,15.0,25,0,40,F,20,A,B,C,D,A
1602,38464.0,22.5,0,0,0,F,20,A,B,C,D,A
1602,38465.0,18.6,20,20,0,F,20,A,B,C,D,A
1602,38466.0,11.1,0,0,0,F,20,A,B,C,D,A
1602,38467.0,0.0,25,0,0,F,20,A,B,C,D,A
1602,38468.0,7.5,0,0,10,F,20,A,B,C,D,A
1602,38469.0,8.8,10,15,5,F,20,A,B,C,D,B
1602,38470.0,0.0,5,0,10,F,20,A,D,D,D,B
1602,38471.0,0.0,0,10,5,F,20,A,D,D,D,B
1602,38472.0,7.8,20,45,45,F,20,A,D,D,D,B
1602,38473.0,1.0,5,5,0,F,20,A,D,D,D,B
1602,38474.0,15.7,15,30,15,M,20,A,D,D,D,B
1602,38475.0,22.5,0,0,0,M,20,A,D,D,D,B
1602,38476.0,6.2,20,0,30,M,20,A,D,D,D,B
1602,38477.0,20.6,0,20,0,M,20,A,D,D,D,B
1602,38478.0,22.5,0,0,0,M,20,A,D,D,D,B
1602,38479.0,9.5,55,30,0,M,20,A,D,D,D,B
1602,38480.0,22.5,0,0,0,M,20,A,D,D,D,B
1602,38481.0,22.5,0,0,0,M,20,A,D,D,D,B
1602,38482.0,22.5,0,0,0,M,20,A,D,D,D,B
1602,38483.0,22.5,0,0,0,M,20,A,D,D,D,B
1602,38484.0,22.5,0,0,0,M,20,A,D,D,D,B
1602,38485.0,24.7,0,0,0,M,20,A,D,D,D,B
1602,38486.0,22.5,0,0,0,M,20,A,D,D,D,B
1602,38487.0,11.5,0,0,0,M,20,A,D,D,D,B
1602,38488.0,12.9,0,0,0,M,20,A,D,D,D,B
1602,38489.0,22.5,0,0,0,M,20,A,D,D,D,B
1602,38490.0,7.5,0,20,0,M,20,A,D,D,D,B
1602,38491.0,32.8,20,0,0,M,20,A,D,D,D,B
1602,38492.0,15.1,55,0,10,M,20,A,D,D,D,B
1602,38493.0,13.7,0,0,0,M,20,A,D,D,D,B
1602,38494.0,15.7,10,50,0,M,20,A,D,D,D,B
1602,38495.0,22.5,0,0,0,M,20,A,D,D,D,C
1602,38496.0,14.5,30,35,5,M,20,A,D,D,D,C
1602,38497.0,9.5,0,15,0,M,20,A,D,D,D,C
1602,38498.0,22.5,0,0,0,M,20,A,D,D,E,C
1602,38499.0,22.5,0,0,0,M,20,A,D,D,E,C
1602,38500.0,22.5,0,0,0,M,20,A,D,D,E,C
1602,38501.0,22.5,0,0,0,M,20,A,D,D,E,C
1602,38502.0,22.4,0,0,0,M,20,A,D,D,E,C
1602,38503.0,22.5,0,0,0,M,20,A,D,E,E,D
1602,38504.0,17.0,0,35,0,M,20,A,D,E,E,D
1602,38505.0,22.5,0,0,0,M,20,A,D,E,E,D
1602,38506.0,9.1,0,0,0,M,20,B,F,E,E,D
1602,38507.0,10.3,0,0,0,M,20,B,F,E,F,D
1602,38508.0,22.5,0,0,0,M,20,B,F,E,F,E
1602,38509.0,2.6,50,0,30,M,20,B,F,E,F,E
1602,38510.0,23.6,0,0,0,M,20,E,F,F,F,E
1602,38511.0,22.5,0,0,0,M,20,,,,,
1602,38512.0,22.5,0,0,0,M,20,,,,,
1602,38513.0,15.1,10,45,10,M,20,,,,,
1602,38514.0,21.0,0,15,0,M,20,,,,,
1602,38515.0,16.6,10,30,0,M,20,,,,,
1602,38516.0,9.1,0,0,0,M,20,,,,,
1602,38517.0,30.0,0,40,0,M,20,,,,,
1602,38518.0,15.0,50,0,0,M,20,,,,,
3002,38519.0,16.6,25,20,10,F,20,A,A,A,B,A
3002,38520.0,7.6,50,0,70,F,20,A,A,B,B,A
3002,38521.0,8.9,20,15,0,F,20,A,A,B,B,A
3002,38522.0,15.0,0,0,0,M,20,A,A,B,B,A
3002,38523.0,15.9,0,45,0,M,20,A,A,B,B,A
3002,38524.0,12.1,0,0,0,M,20,A,B,B,B,A
3002,38525.0,12.1,0,0,0,M,20,A,B,B,B,A
3002,38526.0,10.7,0,0,0,M,20,A,B,B,B,A
3002,38527.0,15.0,0,0,0,M,20,A,B,B,C,A
3002,38528.0,12.1,0,0,0,M,20,A,B,B,C,B
3002,38529.0,4.4,40,90,10,M,20,A,D,B,C,B
3002,38530.0,7.5,80,0,30,M,20,A,D,B,D,B
3002,38531.0,2.0,10,50,20,M,20,A,D,C,D,B
3002,38532.0,4.4,0,35,0,M,20,A,D,C,D,B
3002,38533.0,25.1,0,45,30,M,20,A,D,C,D,B
3002,38534.0,8.9,20,0,0,M,20,A,D,C,D,B
3002,38535.0,23.9,0,0,0,M,20,A,D,D,D,B
3002,38536.0,12.1,0,0,0,M,20,B,D,D,D,B
3002,38537.0,9.5,0,0,0,M,20,B,D,D,D,C
3002,38538.0,13.3,0,0,5,M,20,B,D,D,D,C
702,38539.0,14.7,0,0,0,F,20,A,D,B,C,A
702,38540.0,17.4,25,15,0,F,20,A,D,B,C,A
702,38541.0,5.4,15,45,0,F,20,A,D,B,D,B
702,38542.0,0.0,0,0,0,F,20,A,D,B,D,B
702,38543.0,3.2,0,45,0,F,20,A,D,C,D,B
702,38544.0,11.1,0,0,10,F,20,A,D,C,D,B
702,38545.0,0.0,0,0,0,F,20,A,D,C,D,B
702,38546.0,0.0,0,0,0,F,20,A,D,C,D,B
702,38547.0,12.5,0,0,0,F,20,A,D,C,D,B
702,38548.0,10.1,0,0,0,M,20,A,D,C,D,B
702,38549.0,10.1,0,0,0,M,20,A,D,C,D,B
702,38550.0,2.4,10,0,0,M,20,A,D,C,D,B
702,38551.0,10.5,0,35,50,M,20,A,D,C,D,B
702,38552.0,3.6,0,0,0,M,20,A,D,C,D,B
702,38553.0,21.4,25,0,0,M,20,A,D,C,D,B
702,38554.0,0.0,15,0,0,M,20,A,D,C,D,B
702,38555.0,7.5,0,10,15,M,20,A,D,D,D,C
702,38556.0,7.5,0,15,0,M,20,B,D,D,D,C
702,38557.0,4.8,0,0,0,M,20,B,D,D,D,C
702,38558.0,7.5,0,20,15,M,20,B,D,D,D,C
702,38559.0,0.0,0,0,0,M,20,B,D,D,D,C
702,38560.0,15.0,0,60,0,M,20,B,D,D,D,D
702,38561.0,11.7,25,0,0,M,20,B,D,D,D,D
702,38562.0,0.0,0,0,0,M,20,B,D,D,D,D
702,38563.0,20.4,0,20,0,M,20,B,D,D,E,D
702,38564.0,29.2,50,0,0,M,20,B,D,D,E,D
702,38565.0,7.0,30,20,0,M,20,B,D,E,E,D
702,38566.0,5.0,0,0,0,M,20,B,D,E,E,E
702,38567.0,13.1,10,0,0,M,20,B,D,E,F,E
702,38568.0,0.0,0,0,0,M,20,,,,,
702,38569.0,4.2,25,35,10,M,20,,,,,
3202,38570.0,11.7,40,15,40,F,20,A,A,A,B,A
3202,38571.0,18.0,0,50,0,F,20,A,A,A,B,A
3202,38572.0,14.5,0,0,0,F,20,A,A,A,B,A
3202,38573.0,23.4,0,0,0,F,20,A,A,A,B,A
3202,38574.0,0.0,0,25,0,F,20,A,A,B,B,A
3202,38575.0,11.3,0,0,0,F,20,A,A,B,B,A
3202,38576.0,7.5,0,15,0,F,20,A,A,B,C,A
3202,38577.0,8.5,10,0,0,F,20,A,B,B,C,A
3202,38578.0,26.1,0,0,0,F,20,A,C,B,C,A
3202,38579.0,25.8,0,0,0,F,20,A,D,B,C,A
3202,38580.0,0.0,0,0,0,F,20,A,D,B,D,A
3202,38581.0,10.4,25,75,0,F,20,A,D,C,D,A
3202,38582.0,0.0,0,0,0,F,20,A,D,C,D,A
3202,38583.0,10.1,10,0,20,F,20,A,D,C,D,B
3202,38584.0,12.4,0,0,0,F,20,A,D,C,D,B
3202,38585.0,7.0,10,0,40,F,20,A,D,D,D,B
3202,38586.0,10.0,0,0,0,F,20,A,D,D,D,B
3202,38587.0,10.1,0,0,0,F,20,A,D,D,D,B
3202,38588.0,0.0,0,0,0,M,20,A,D,D,D,B
3202,38589.0,15.0,20,0,50,M,20,A,D,D,D,B
3202,38590.0,11.1,10,15,0,M,20,A,D,D,D,B
3202,38591.0,0.0,0,0,0,M,20,B,D,D,D,B
3202,38592.0,24.6,0,0,0,M,20,B,D,D,D,B
3202,38593.0,7.0,30,0,20,M,20,B,D,D,D,B
3202,38594.0,15.0,0,0,0,M,20,B,D,D,D,B
3202,38595.0,3.4,0,30,15,M,20,B,D,D,E,C
3202,38596.0,23.2,10,0,0,M,20,D,D,E,E,D
3202,38597.0,15.0,0,0,0,M,20,E,D,F,E,D
3202,38598.0,15.0,0,0,0,M,20,,,,,
3202,38599.0,10.3,30,0,0,M,20,,,,,
3202,38600.0,15.0,0,0,0,M,20,,,,,
3202,38601.0,18.7,30,0,20,M,20,,,,,
3202,38602.0,15.0,0,0,0,M,20,,,,,
3202,38603.0,15.0,0,0,0,M,20,,,,,
3202,38604.0,15.0,0,0,0,M,20,,,,,
2001,38605.0,15.0,0,0,0,F,20,A,D,D,D,B
2001,38606.0,15.1,0,0,0,F,20,A,D,D,D,B
2001,38607.0,23.6,0,0,0,F,20,A,D,D,D,B
2001,38608.0,18.4,20,15,15,F,20,A,D,D,D,B
2001,38609.0,15.0,0,0,0,F,20,A,D,D,D,B
2001,38610.0,15.0,0,0,0,F,20,A,D,D,D,B
2001,38611.0,15.0,0,0,0,F,20,A,D,D,D,B
2001,38612.0,15.0,0,0,0,F,20,A,D,D,D,B
2001,38613.0,15.0,0,0,0,F,20,A,D,D,D,B
2001,38614.0,15.0,0,0,0,F,20,A,D,D,D,B
2001,38615.0,15.0,0,0,0,F,20,A,D,D,D,B
2001,38616.0,16.0,0,0,0,F,20,A,D,D,D,B
2001,38617.0,15.0,25,25,25,F,20,A,D,D,D,B
2001,38618.0,15.0,0,0,0,F,20,A,D,D,D,B
2001,38619.0,15.0,0,0,0,F,20,A,D,D,D,B
2001,38620.0,15.0,0,0,0,F,20,A,D,D,D,B
2001,38621.0,10.3,15,5,10,F,20,A,D,D,D,B
2001,38622.0,9.5,0,0,5,F,20,A,D,D,D,B
2001,38623.0,2.6,0,0,10,F,20,A,D,D,D,B
2001,38624.0,24.4,40,25,20,F,20,A,D,D,D,B
2001,38625.0,15.0,0,0,0,F,20,A,D,D,D,B
2001,38626.0,15.0,0,0,0,F,20,A,D,D,D,B
2001,38627.0,11.9,20,0,0,F,20,A,D,D,D,B
2001,38628.0,1.4,40,50,0,F,20,B,D,D,D,B
2001,38629.0,15.0,0,0,0,F,20,B,D,D,D,C
2001,38630.0,15.0,0,0,0,M,20,B,D,D,D,C
2001,38631.0,15.0,0,0,0,M,20,B,D,E,D,C
2001,38632.0,15.0,0,0,0,M,20,B,D,E,D,C
2001,38633.0,10.0,0,25,0,M,20,B,D,E,D,C
2001,38634.0,15.0,0,0,0,M,20,B,D,E,D,D
2001,38635.0,15.0,0,0,0,M,20,B,D,E,D,D
2001,38636.0,15.0,30,45,0,M,20,B,D,E,E,D
2001,38637.0,15.0,0,0,0,M,20,C,D,E,E,D
2001,38638.0,15.0,0,0,0,M,20,E,D,E,E,D
2001,38639.0,10.5,30,0,0,M,20,E,D,E,E,D
2001,38640.0,15.0,0,0,0,M,20,E,E,F,E,E
2001,38641.0,22.5,0,25,0,M,20,E,F,F,F,F
2001,38642.0,13.9,15,30,35,M,20,,,,,
2001,38643.0,13.3,65,0,20,M,20,,,,,
2001,38644.0,15.0,0,0,0,M,20,,,,,
2001,38645.0,15.0,0,0,0,M,20,,,,,
2001,38646.0,15.0,0,0,0,M,20,,,,,
2001,38647.0,15.0,0,0,0,M,20,,,,,
2001,38648.0,15.0,0,0,0,M,20,,,,,
2001,38649.0,15.0,0,0,0,M,20,,,,,
1502,38650.0,15.0,0,0,0,F,20,A,A,A,B,A
1502,38651.0,15.0,0,0,0,F,20,A,A,A,B,A
1502,38652.0,15.0,0,0,0,F,20,A,A,B,B,A
1502,38653.0,15.0,0,0,0,F,20,A,A,B,B,A
1502,38654.0,15.0,0,0,0,F,20,A,B,B,B,A
1502,38655.0,15.0,0,0,0,F,20,A,B,B,C,A
1502,38656.0,11.7,0,0,25,F,20,A,B,C,C,A
1502,38657.0,12.5,75,0,0,F,20,A,C,C,C,B
1502,38658.0,24.5,0,0,0,F,20,A,C,C,C,B
1502,38659.0,37.4,0,0,0,F,20,A,D,C,C,B
1502,38660.0,5.6,0,0,0,F,20,A,D,C,C,B
1502,38661.0,37.5,0,0,0,F,20,A,D,C,D,B
1502,38662.0,20.4,55,60,0,F,20,A,D,D,D,B
1502,38663.0,2.0,0,0,15,F,20,A,D,D,D,B
1502,38664.0,25.4,0,0,0,F,20,A,D,D,D,B
1502,38665.0,37.5,0,0,0,F,20,A,D,D,D,B
1502,38666.0,37.5,0,0,0,F,20,A,D,D,D,B
1502,38667.0,13.3,0,0,0,M,20,A,D,D,D,B
1502,38668.0,8.5,0,0,15,M,20,A,D,D,D,B
1502,38669.0,9.1,55,45,0,M,20,A,D,D,D,B
1502,38670.0,17.0,0,0,0,M,20,A,D,D,E,C
1502,38671.0,12.5,50,35,10,M,20,A,D,D,E,C
1502,38672.0,10.7,0,0,0,M,20,A,D,D,E,C
1502,38673.0,11.9,0,0,0,M,20,A,D,D,E,C
1502,38674.0,11.0,0,0,0,M,20,B,D,D,E,C
1502,38675.0,10.9,0,0,0,M,20,B,D,D,E,C
1502,38676.0,18.3,30,0,25,M,20,B,D,D,E,D
1502,38677.0,4.8,50,0,20,M,20,B,D,E,E,E
1502,38678.0,33.2,30,0,0,M,20,B,D,E,F,E
1502,38679.0,3.0,10,0,0,M,20,B,D,E,F,F
1502,38680.0,11.0,25,70,10,M,20,D,F,F,F,G
3502,38681.0,22.0,0,25,5,F,20,A,A,A,A,A
3502,38682.0,4.4,0,0,0,F,20,A,A,A,B,A
3502,38683.0,12.2,20,0,0,F,20,A,A,A,B,A
3502,38684.0,32.9,0,30,0,F,20,A,A,B,B,A
3502,38685.0,25.1,0,0,0,F,20,A,A,B,B,A
3502,38686.0,22.7,90,10,0,F,20,A,A,B,B,A
3502,38687.0,8.9,20,25,0,F,20,A,A,B,B,A
3502,38688.0,15.5,0,0,0,F,20,A,A,B,B,A
3502,38689.0,12.7,25,35,15,F,20,A,A,B,B,A
3502,38690.0,15.9,25,5,40,F,20,A,A,B,B,A
3502,38691.0,12.0,0,0,0,F,20,A,A,B,B,A
3502,38692.0,10.9,0,0,0,F,20,A,A,B,C,A
3502,38693.0,24.2,0,0,0,F,20,A,A,C,C,A
3502,38694.0,9.5,0,10,0,F,20,A,A,C,C,A
3502,38695.0,4.2,0,0,0,F,20,A,A,C,C,A
3502,38696.0,5.6,0,0,0,F,20,A,B,C,C,A
3502,38697.0,10.9,0,0,0,F,20,A,B,C,D,A
3502,38698.0,22.4,0,10,0,F,20,A,B,C,D,A
3502,38699.0,9.2,35,5,0,F,20,A,B,C,D,B
3502,38700.0,21.5,0,15,0,F,20,A,C,C,D,B
3502,38701.0,10.9,0,0,0,F,20,A,C,C,D,B
3502,38702.0,4.4,30,30,0,F,20,A,D,C,D,B
3502,38703.0,11.9,0,0,0,F,20,A,D,C,D,B
3502,38704.0,15.2,0,0,0,M,20,A,D,C,D,B
3502,38705.0,20.5,30,0,10,M,20,A,D,C,D,B
3502,38706.0,3.0,10,0,0,M,20,A,D,D,D,B
3502,38707.0,14.5,40,0,40,M,20,A,D,D,D,B
3502,38708.0,15.0,0,0,0,M,20,A,D,D,D,B
3502,38709.0,22.0,0,15,0,M,20,A,D,D,D,B
3502,38710.0,11.1,10,0,0,M,20,A,D,D,D,B
3502,38711.0,7.5,0,45,10,M,20,A,D,D,D,B
3502,38712.0,4.8,0,0,0,M,20,A,D,D,D,B
3502,38713.0,15.0,0,0,0,M,20,A,D,D,D,B
3502,38714.0,16.5,25,0,45,M,20,A,D,D,D,B
3502,38715.0,15.6,0,0,0,M,20,A,D,D,D,B
3502,38716.0,11.1,0,0,0,M,20,A,D,D,D,B
3502,38717.0,7.5,0,0,0,M,20,A,D,D,D,B
3502,38718.0,7.5,0,0,0,M,20,A,D,D,D,C
3502,38719.0,15.0,0,0,0,M,20,A,D,D,D,C
3502,38720.0,15.3,30,90,30,M,20,A,D,D,D,C
3502,38721.0,15.9,0,0,0,M,20,A,D,D,D,C
3502,38722.0,13.5,0,0,0,M,20,B,D,D,E,C
3502,38723.0,13.7,0,0,0,M,20,B,D,D,E,C
3502,38724.0,0.0,0,0,0,M,20,B,D,E,E,C
3502,38725.0,3.0,0,0,0,M,20,B,D,E,E,D
3502,38726.0,15.0,0,0,0,M,20,B,D,E,E,D
3502,38727.0,5.8,25,10,0,M,20,B,D,E,E,D
3502,38728.0,7.5,40,0,0,M,20,B,D,E,E,D
3502,38729.0,15.0,0,5,0,M,20,B,D,E,F,D
3502,38730.0,3.4,10,0,0,M,20,B,D,E,F,D
3502,38731.0,15.9,0,0,0,M,20,B,D,E,F,E
3502,38732.0,2.6,5,0,10,M,20,B,D,E,F,E
3502,38733.0,15.0,0,0,0,M,20,C,D,E,F,E
3502,38734.0,16.5,20,20,30,M,20,E,D,F,F,F
3502,38735.0,10.9,0,25,0,M,20,E,F,F,F,F
3502,38736.0,21.0,0,0,40,M,20,,,,,
3502,38737.0,0.0,30,0,0,M,20,,,,,
3502,38738.0,13.5,0,0,0,M,20,,,,,
3502,38739.0,15.0,0,0,0,M,20,,,,,
1402,38740.0,7.5,0,0,0,F,20,A,A,A,B,A
1402,38741.0,19.8,10,20,0,F,20,A,A,A,B,A
1402,38742.0,12.7,50,0,50,F,20,A,A,B,B,A
1402,38743.0,15.0,0,0,0,F,20,A,D,B,C,A
1402,38744.0,11.1,0,0,0,F,20,A,D,B,C,A
1402,38745.0,3.6,20,50,10,F,20,A,D,C,C,B
1402,38746.0,12.9,20,70,5,F,20,A,D,C,C,B
1402,38747.0,0.0,30,45,0,F,20,A,D,C,C,B
1402,38748.0,15.0,0,0,0,F,20,A,D,C,C,B
1402,38749.0,2.4,0,60,0,F,20,A,D,C,D,B
1402,38750.0,11.3,0,0,0,F,20,A,D,C,D,B
1402,38751.0,26.4,20,0,55,M,20,A,D,D,D,B
1402,38752.0,15.0,60,15,5,M,20,A,D,D,D,B
1402,38753.0,10.5,10,15,10,M,20,A,D,D,D,B
1402,38754.0,21.0,0,30,10,M,20,A,D,D,D,B
1402,38755.0,2.4,15,0,0,M,20,B,D,D,D,B
1402,38756.0,17.7,50,0,10,M,20,B,D,D,D,D
1402,38757.0,15.0,0,5,0,M,20,B,D,D,D,D
1402,38758.0,15.0,0,0,0,M,20,B,D,E,D,E
1402,38759.0,16.0,0,45,15,M,20,B,D,E,E,E
1402,38760.0,14.1,0,0,0,M,20,B,F,E,E,E
1402,38761.0,0.0,0,0,0,M,20,B,F,E,F,F
1602,38762.0,0.0,0,0,0,F,20,A,A,A,B,A
1602,38763.0,10.6,10,10,15,F,20,A,A,B,B,A
1602,38764.0,11.1,20,0,0,F,20,A,A,B,B,A
1602,38765.0,26.2,0,0,0,F,20,A,A,B,B,A
1602,38766.0,27.1,0,0,0,F,20,A,A,B,B,A
1602,38767.0,13.5,25,0,0,F,20,A,A,C,B,A
1602,38768.0,2.0,10,0,10,F,20,A,A,C,B,A
1602,38769.0,30.8,0,50,0,F,20,A,A,C,C,A
1602,38770.0,4.0,10,0,0,F,20,A,A,D,D,A
1602,38771.0,11.5,0,0,0,F,20,A,A,D,D,A
1602,38772.0,8.8,0,20,0,F,20,A,A,D,D,A
1602,38773.0,5.0,0,0,0,F,20,A,A,D,D,A
1602,38774.0,0.0,0,0,0,F,20,A,B,D,D,B
1602,38775.0,25.1,0,15,0,F,20,A,B,D,D,B
1602,38776.0,0.0,0,15,20,F,20,A,D,D,D,B
1602,38777.0,25.0,40,0,50,F,20,A,D,D,D,B
1602,38778.0,1.0,0,5,0,F,20,A,D,D,D,B
1602,38779.0,21.8,0,20,0,F,20,A,D,D,D,B
1602,38780.0,10.3,30,0,10,F,20,A,D,D,D,B
1602,38781.0,26.2,0,0,0,F,20,A,D,D,D,B
1602,38782.0,16.0,0,0,0,F,20,A,D,D,D,B
1602,38783.0,0.0,0,0,0,F,20,A,D,D,D,B
1602,38784.0,4.6,0,45,0,F,20,A,D,D,D,B
1602,38785.0,16.0,0,0,0,F,20,A,D,D,D,B
1602,38786.0,0.0,0,0,0,F,20,A,D,D,D,C
1602,38787.0,0.0,0,0,0,F,20,A,D,D,E,C
1602,38788.0,23.8,30,0,0,F,20,A,D,E,E,C
1602,38789.0,11.5,0,0,0,F,20,A,D,E,E,C
1602,38790.0,2.8,0,45,15,F,20,A,D,E,E,C
1602,38791.0,18.1,50,0,10,F,20,A,D,E,F,D
1602,38792.0,15.4,50,15,10,M,20,B,D,F,F,D
1602,38793.0,16.0,0,0,0,M,20,B,D,F,F,D
1602,38794.0,9.2,0,15,0,M,20,B,D,F,F,E
1602,38795.0,16.0,0,0,0,M,20,E,E,F,F,E
2402,38796.0,4.0,0,50,0,F,20,A,A,A,B,A
2402,38797.0,0.0,0,0,0,F,20,A,A,A,B,A
2402,38798.0,3.6,10,60,15,F,20,A,A,A,B,A
2402,38799.0,20.4,50,60,10,F,20,A,A,A,B,A
2402,38800.0,4.2,40,35,5,F,20,A,A,A,B,A
2402,38801.0,16.1,0,0,0,F,20,A,A,B,B,A
2402,38802.0,0.0,35,0,0,F,20,A,A,B,B,A
2402,38803.0,11.1,5,0,0,F,20,A,A,B,B,A
2402,38804.0,16.9,30,25,0,F,20,A,A,B,B,A
2402,38805.0,14.9,10,0,0,F,20,A,A,B,B,A
2402,38806.0,26.3,0,0,20,F,20,A,A,B,B,A
2402,38807.0,16.6,20,30,25,F,20,A,A,B,C,A
2402,38808.0,16.4,0,0,0,F,20,A,A,B,C,A
2402,38809.0,7.5,0,30,0,F,20,A,A,B,C,A
2402,38810.0,35.0,0,0,25,F,20,A,A,B,C,A
2402,38811.0,34.3,0,30,0,F,20,A,A,B,C,A
2402,38812.0,21.4,0,25,10,F,20,A,A,B,C,A
2402,38813.0,14.5,0,0,0,F,20,A,A,B,C,A
2402,38814.0,26.4,0,0,0,F,20,A,A,B,C,A
2402,38815.0,11.9,0,0,0,F,20,A,A,C,C,A
2402,38816.0,11.9,0,0,0,F,20,A,A,C,C,A
2402,38817.0,11.9,0,0,0,F,20,A,A,C,C,A
2402,38818.0,16.4,30,45,0,F,20,A,A,C,D,A
2402,38819.0,23.6,0,25,0,F,20,A,B,C,D,A
2402,38820.0,14.3,0,0,0,F,20,A,B,C,D,A
2402,38821.0,22.6,40,0,0,F,20,A,B,C,D,A
2402,38822.0,2.4,20,0,0,F,20,A,B,D,D,B
2402,38823.0,3.0,0,60,0,F,20,A,B,D,D,B
2402,38824.0,24.5,5,15,0,F,20,A,D,D,D,B
2402,38825.0,10.5,10,0,0,F,20,A,D,D,D,B
2402,38826.0,15.0,0,0,10,F,20,A,D,D,D,B
2402,38827.0,12.1,15,0,15,F,20,A,D,D,D,B
2402,38828.0,16.6,0,0,0,F,20,A,D,D,D,B
2402,38829.0,4.4,30,50,0,F,20,A,D,D,D,B
2402,38830.0,16.1,50,0,30,F,20,A,D,D,D,B
2402,38831.0,7.5,45,15,0,F,20,A,D,D,D,B
2402,38832.0,13.3,0,0,0,F,20,A,D,D,D,B
2402,38833.0,7.5,0,30,0,F,20,A,D,D,D,B
2402,38834.0,2.0,0,0,0,F,20,A,D,D,D,B
2402,38835.0,7.5,0,30,0,F,20,A,D,D,D,B
2402,38836.0,14.5,0,0,0,M,20,A,D,D,D,B
2402,38837.0,7.5,0,30,0,M,20,A,D,D,D,B
2402,38838.0,9.5,0,25,0,M,20,A,D,D,D,B
2402,38839.0,9.5,0,25,0,M,20,A,D,D,D,B
2402,38840.0,16.7,30,40,5,M,20,A,D,D,D,B
2402,38841.0,17.5,0,0,0,M,20,A,D,D,D,B
2402,38842.0,15.2,20,0,0,M,20,A,D,D,D,B
2402,38843.0,25.4,0,0,0,M,20,A,D,D,D,B
2402,38844.0,12.1,0,30,0,M,20,A,D,D,D,B
2402,38845.0,25.2,0,0,0,M,20,A,D,D,D,C
2402,38846.0,15.0,10,0,0,M,20,A,D,D,D,C
2402,38847.0,15.0,0,0,10,M,20,A,D,D,D,C
2402,38848.0,8.5,0,45,10,M,20,A,D,D,E,C
2402,38849.0,15.0,0,0,0,M,20,A,D,D,E,C
2402,38850.0,7.5,0,0,0,M,20,A,D,D,E,C
2402,38851.0,15.0,0,0,0,M,20,A,D,D,E,C
2402,38852.0,23.1,0,10,10,M,20,A,D,D,E,C
2402,38853.0,7.5,0,0,0,M,20,A,D,E,E,C
2402,38854.0,14.9,0,0,0,M,20,A,D,E,E,C
2402,38855.0,7.5,0,0,0,M,20,A,D,E,E,C
2402,38856.0,15.0,0,0,0,M,20,A,D,E,E,D
2402,38857.0,15.0,0,0,0,M,20,A,D,E,E,D
2402,38858.0,15.0,0,0,0,M,20,A,D,E,F,D
2402,38859.0,14.7,0,0,0,M,20,A,D,E,F,D
2402,38860.0,15.0,0,0,0,M,20,A,D,E,F,D
2402,38861.0,15.0,0,0,0,M,20,A,D,E,F,D
2402,38862.0,15.0,0,0,0,M,20,B,D,E,F,D
2402,38863.0,15.0,0,0,15,M,20,B,D,E,F,E
2402,38864.0,15.0,0,0,0,M,20,B,D,E,F,E
2402,38865.0,15.0,0,0,0,M,20,B,D,E,F,E
2402,38866.0,15.0,0,0,0,M,20,B,D,E,F,E
2402,38867.0,15.0,0,0,0,M,20,B,E,E,F,E
2402,38868.0,15.0,0,0,0,M,20,C,E,F,F,E
2402,38869.0,16.9,30,35,10,M,20,E,E,F,F,E
2402,38870.0,14.7,0,0,0,M,20,E,E,F,F,E
2402,38871.0,7.5,0,0,0,M,20,E,F,F,F,F
2402,38872.0,18.0,0,0,0,M,20,E,F,F,F,F
2402,38873.0,15.0,0,0,0,M,20,E,F,F,F,F
2402,38874.0,9.5,20,30,0,M,20,,,,,
2402,38875.0,28.1,0,0,0,M,20,,,,,
3002,38876.0,15.0,0,0,0,F,20,A,A,A,A,A
3002,38877.0,7.0,70,65,5,F,20,A,A,A,A,A
3002,38878.0,7.5,0,0,0,F,20,A,A,A,B,A
3002,38879.0,7.5,0,0,0,F,20,A,A,A,B,A
3002,38880.0,15.0,0,0,0,F,20,A,A,A,B,A
3002,38881.0,16.0,0,0,0,F,20,A,A,B,B,A
3002,38882.0,0.0,30,0,10,F,20,A,A,B,B,A
3002,38883.0,4.8,80,0,0,F,20,A,A,B,B,A
3002,38884.0,0.0,15,25,0,F,20,A,A,B,C,A
3002,38885.0,11.1,0,25,0,F,20,A,B,B,C,A
3002,38886.0,31.2,45,0,10,F,20,A,B,B,C,A
3002,38887.0,7.0,30,35,0,F,20,A,B,B,C,A
3002,38888.0,2.6,50,15,0,F,20,A,B,B,C,A
3002,38889.0,13.2,0,10,15,F,20,A,B,B,C,A
3002,38890.0,15.0,0,0,0,F,20,A,C,C,C,A
3002,38891.0,15.0,0,0,0,M,20,A,C,C,C,A
3002,38892.0,15.0,0,0,0,M,20,A,D,C,C,A
3002,38893.0,16.0,0,0,0,M,20,A,D,C,C,A
3002,38894.0,26.4,0,0,10,M,20,A,D,C,D,A
3002,38895.0,14.9,0,0,0,M,20,A,D,C,D,B
3002,38896.0,15.0,0,0,0,M,20,A,D,C,D,B
3002,38897.0,10.9,30,5,5,M,20,A,D,C,D,B
3002,38898.0,15.0,0,0,0,M,20,A,D,C,D,B
3002,38899.0,39.2,0,0,0,M,20,A,D,D,D,B
3002,38900.0,7.2,20,15,30,M,20,A,D,D,D,B
3002,38901.0,14.7,0,0,0,M,20,A,D,D,D,B
3002,38902.0,26.9,0,0,0,M,20,A,D,D,D,B
3002,38903.0,15.0,0,0,0,M,20,A,D,D,D,B
3002,38904.0,0.0,50,0,0,M,20,A,D,D,D,B
3002,38905.0,16.0,0,0,0,M,20,A,D,D,D,B
3002,38906.0,15.0,0,0,0,M,20,A,D,D,D,B
3002,38907.0,11.1,15,15,10,M,20,A,D,D,E,B
3002,38908.0,15.0,0,10,5,M,20,A,D,D,E,B
3002,38909.0,6.4,15,45,10,M,20,A,D,D,E,C
3002,38910.0,10.5,50,0,0,M,20,B,D,D,E,C
3002,38911.0,5.4,0,45,0,M,20,B,D,D,E,C
3002,38912.0,2.6,0,0,0,M,20,B,D,D,E,D
3002,38913.0,9.6,0,45,5,M,20,B,D,D,E,D
3002,38914.0,7.5,0,0,0,M,20,B,D,D,E,D
3002,38915.0,15.0,0,0,0,M,20,B,D,D,F,E
3002,38916.0,13.5,10,0,0,M,20,B,D,E,F,E
3002,38917.0,17.0,0,0,0,M,20,C,E,F,F,E
3002,38918.0,9.5,10,30,10,M,20,E,E,F,F,F
3002,38919.0,2.6,0,0,0,M,20,,,,,
5401,38920.0,15.0,0,0,0,F,20,A,A,A,A,A
5401,38921.0,15.0,0,0,0,F,20,A,A,A,A,A
5401,38922.0,15.0,0,0,0,F,20,A,A,B,B,A
5401,38923.0,15.0,0,0,0,F,20,A,A,B,B,A
5401,38924.0,15.0,0,0,0,F,20,A,A,B,B,A
5401,38925.0,14.4,80,10,0,F,20,A,A,B,C,A
5401,38926.0,6.6,40,20,10,F,20,A,A,C,C,A
5401,38927.0,1.4,5,25,0,F,20,A,B,C,C,B
5401,38928.0,15.0,0,15,0,F,20,A,B,D,C,B
5401,38929.0,7.5,0,0,0,F,20,A,B,D,D,B
5401,38930.0,14.9,0,0,0,F,20,A,B,D,D,B
5401,38931.0,27.1,0,0,0,F,20,A,D,D,D,B
5401,38932.0,16.6,0,0,0,F,20,A,D,D,D,B
5401,38933.0,12.7,0,0,0,F,20,A,D,D,D,B
5401,38934.0,9.9,20,20,10,F,20,A,D,D,D,B
5401,38935.0,7.5,0,0,65,F,20,A,D,D,D,B
5401,38936.0,15.1,0,0,0,M,20,A,D,D,D,B
5401,38937.0,6.4,0,0,0,M,20,A,D,D,D,B
5401,38938.0,27.0,10,0,0,M,20,A,D,D,D,C
5401,38939.0,15.1,0,0,0,M,20,B,D,E,D,D
5401,38940.0,6.0,0,45,0,M,20,B,D,E,E,D
5401,38941.0,20.2,0,25,15,M,20,B,D,E,E,D
5401,38942.0,8.5,25,0,40,M,20,B,D,E,E,D
5401,38943.0,12.9,0,0,0,M,20,B,D,E,E,E
5401,38944.0,7.5,0,35,0,M,20,B,F,F,F,E
5401,38945.0,1.0,0,0,0,M,20,D,F,F,F,E
5401,38946.0,20.8,40,10,0,M,20,E,F,F,F,F
3502,38947.0,13.9,20,0,5,F,20,A,A,B,B,A
3502,38948.0,25.1,25,0,0,F,20,A,A,B,B,A
3502,38949.0,7.5,0,35,0,F,20,A,A,B,B,A
3502,38950.0,14.1,0,0,0,F,20,A,A,B,B,A
3502,38951.0,6.4,50,20,5,F,20,A,A,B,C,A
3502,38952.0,16.0,0,0,10,F,20,A,A,B,C,A
3502,38953.0,26.1,0,0,0,F,20,A,A,B,C,A
3502,38954.0,32.5,30,15,0,F,20,A,A,B,C,A
3502,38955.0,10.7,30,5,10,F,20,A,A,B,C,A
3502,38956.0,22.5,30,10,0,F,20,A,B,B,C,A
3502,38957.0,1.0,25,0,10,F,20,A,B,C,C,A
3502,38958.0,14.1,0,0,0,F,20,A,B,C,C,A
3502,38959.0,4.0,90,35,40,F,20,A,B,C,C,A
3502,38960.0,15.3,0,0,0,F,20,A,B,C,C,A
3502,38961.0,14.9,30,20,40,F,20,A,B,C,C,A
3502,38962.0,0.0,0,0,10,F,20,A,B,C,D,A
3502,38963.0,8.2,30,30,0,F,20,A,B,C,D,A
3502,38964.0,11.9,20,15,0,F,20,A,B,C,D,A
3502,38965.0,1.6,20,0,10,F,20,A,B,C,D,A
3502,38966.0,10.9,35,0,10,M,20,A,C,C,D,A
3502,38967.0,6.8,55,80,10,M,20,A,C,C,D,A
3502,38968.0,6.8,40,10,20,M,20,A,D,C,D,B
3502,38969.0,16.0,30,45,10,M,20,A,D,C,D,B
3502,38970.0,4.0,0,5,10,M,20,A,D,C,D,B
3502,38971.0,24.9,10,15,0,M,20,A,D,C,D,B
3502,38972.0,11.5,0,40,0,M,20,A,D,C,D,B
3502,38973.0,15.5,15,60,15,M,20,A,D,D,D,B
3502,38974.0,13.1,10,0,20,M,20,A,D,D,D,B
3502,38975.0,4.6,0,5,10,M,20,A,D,D,D,B
3502,38976.0,1.6,0,0,0,M,20,A,D,D,D,B
3502,38977.0,5.0,0,0,0,M,20,A,D,D,D,B
3502,38978.0,14.0,0,10,0,M,20,A,D,D,D,B
3502,38979.0,25.4,30,15,50,M,20,A,D,D,D,B
3502,38980.0,5.8,40,35,80,M,20,A,D,D,E,C
3502,38981.0,8.2,0,0,0,M,20,A,D,D,E,C
3502,38982.0,18.2,65,0,0,M,20,A,D,D,E,C
3502,38983.0,11.7,0,0,10,M,20,A,D,D,E,C
3502,38984.0,11.9,25,5,10,M,20,A,D,D,E,C
3502,38985.0,16.2,80,5,0,M,20,A,D,D,E,C
3502,38986.0,25.2,0,25,0,M,20,A,D,D,E,C
3502,38987.0,14.9,15,0,5,M,20,A,D,D,E,C
3502,38988.0,10.3,20,30,0,M,20,A,D,D,E,C
3502,38989.0,13.7,0,15,0,M,20,A,D,D,E,C
3502,38990.0,26.5,0,0,0,M,20,A,D,D,E,C
3502,38991.0,11.7,40,0,0,M,20,A,D,D,E,C
3502,38992.0,13.9,30,30,40,M,20,A,D,E,E,C
3502,38993.0,21.2,0,40,10,M,20,B,D,E,E,C
3502,38994.0,14.7,40,15,40,M,20,B,D,E,E,C
3502,38995.0,5.8,50,5,25,M,20,B,D,E,E,C
3502,38996.0,7.5,75,0,0,M,20,B,D,E,F,D
3502,38997.0,12.1,0,15,0,M,20,C,D,E,F,D
3502,38998.0,14.3,10,0,15,M,20,E,D,E,F,D
3502,38999.0,8.9,0,30,0,M,20,E,F,F,F,E
3502,39000.0,27.1,0,0,0,M,20,E,F,F,F,E
3502,39001.0,23.4,0,20,0,M,20,,,,,
3502,39002.0,6.6,0,0,0,M,20,,,,,
3502,39003.0,3.4,0,0,0,M,20,,,,,
3502,39004.0,16.7,0,0,0,M,20,,,,,
3502,39005.0,0.0,0,0,0,M,20,,,,,
3502,39006.0,8.6,0,0,0,M,20,,,,,
3502,39007.0,10.2,30,30,0,M,20,,,,,
3502,39008.0,15.0,0,0,0,M,20,,,,,
3502,39009.0,0.0,0,0,0,M,20,,,,,
3502,39010.0,0.0,0,0,0,M,20,,,,,
3502,39011.0,15.0,0,0,0,M,20,,,,,
3502,39012.0,15.0,50,0,45,M,20,,,,,
3502,39013.0,15.0,0,0,0,M,20,,,,,
2402,39014.0,3.6,0,0,0,F,20,A,A,A,A,A
2402,39015.0,22.5,50,0,70,F,20,A,A,A,A,A
2402,39016.0,0.0,70,50,0,F,20,A,A,A,A,A
2402,39017.0,15.0,0,0,20,F,20,A,A,A,A,A
2402,39018.0,15.0,0,0,0,F,20,A,A,B,B,A
2402,39019.0,7.5,10,60,0,F,20,A,A,B,B,A
2402,39020.0,14.5,0,0,25,F,20,A,A,B,B,A
2402,39021.0,17.8,0,30,30,F,20,A,A,B,B,A
2402,39022.0,26.7,0,0,0,F,20,A,A,B,B,A
2402,39023.0,0.0,0,0,0,F,20,A,A,B,B,A
2402,39024.0,0.0,0,25,0,F,20,A,A,B,B,A
2402,39025.0,0.0,0,0,0,F,20,A,A,B,B,A
2402,39026.0,11.5,50,0,0,F,20,A,A,B,C,A
2402,39027.0,17.4,0,0,0,F,20,A,A,B,C,A
2402,39028.0,9.9,0,0,0,F,20,A,B,B,C,A
2402,39029.0,16.0,0,0,0,F,20,A,B,B,C,B
2402,39030.0,15.0,0,0,0,F,20,A,B,C,C,B
2402,39031.0,11.4,40,60,25,F,20,A,B,C,C,B
2402,39032.0,15.0,0,0,0,F,20,A,B,C,C,B
2402,39033.0,0.0,0,0,0,F,20,A,B,C,D,B
2402,39034.0,12.4,0,0,15,F,20,A,B,C,D,B
2402,39035.0,13.3,0,0,25,F,20,A,B,C,D,B
2402,39036.0,27.9,0,0,0,F,20,A,C,C,D,B
2402,39037.0,18.0,0,0,0,F,20,A,C,C,D,B
2402,39038.0,15.0,20,0,0,F,20,A,D,D,D,B
2402,39039.0,15.0,20,0,0,F,20,A,D,D,D,B
2402,39040.0,4.2,20,0,0,F,20,A,D,D,D,B
2402,39041.0,0.0,0,0,0,F,20,A,D,D,D,B
2402,39042.0,0.0,0,0,0,F,20,A,D,D,D,B
2402,39043.0,0.0,0,0,0,F,20,A,D,D,D,B
2402,39044.0,0.0,0,0,0,F,20,A,D,D,D,B
2402,39045.0,15.0,0,0,0,F,20,A,D,D,D,B
2402,39046.0,0.0,0,0,0,F,20,A,D,D,D,B
2402,39047.0,0.0,0,0,0,F,20,A,D,D,D,B
2402,39048.0,15.0,0,0,0,F,20,A,D,D,D,B
2402,39049.0,0.0,0,0,0,F,20,A,D,D,D,B
2402,39050.0,0.0,0,0,0,F,20,A,D,D,D,B
2402,39051.0,22.5,0,45,0,F,20,A,D,D,D,B
2402,39052.0,15.0,0,0,0,M,20,A,D,E,E,C
2402,39053.0,0.0,0,0,0,M,20,A,D,E,E,D
2402,39054.0,0.0,0,0,0,M,20,A,D,E,E,D
2402,39055.0,0.0,0,0,0,M,20,B,D,E,E,D
2402,39056.0,3.6,0,0,0,M,20,B,D,E,E,D
2402,39057.0,16.0,0,0,0,M,20,B,D,E,E,D
2402,39058.0,0.0,0,0,0,M,20,B,D,E,E,E
2402,39059.0,14.1,0,15,0,M,20,B,F,F,F,E
2402,39060.0,0.0,0,0,0,M,20,C,F,F,F,E
2402,39061.0,19.2,0,0,0,M,20,E,F,F,F,F
2402,39062.0,0.0,0,0,0,M,20,,,,,
2402,39063.0,0.0,0,0,0,M,20,,,,,
2402,39064.0,0.0,0,0,0,M,20,,,,,
2402,39065.0,0.0,0,0,0,M,20,,,,,
2402,39066.0,0.0,0,0,0,M,20,,,,,
2402,39067.0,15.0,0,0,0,M,20,,,,,
2402,39068.0,0.0,0,0,0,M,20,,,,,
2402,39069.0,0.0,0,0,0,M,20,,,,,
2402,39070.0,0.0,0,0,0,M,20,,,,,
2402,39071.0,0.0,0,0,0,M,20,,,,,
2402,39072.0,16.0,0,0,0,M,20,,,,,
2402,39073.0,0.0,0,0,0,M,20,,,,,
2402,39074.0,15.0,15,5,0,M,20,,,,,
2402,39075.0,9.1,20,0,40,M,20,,,,,
2402,39076.0,9.2,45,75,15,M,20,,,,,
2402,39077.0,6.0,0,0,10,M,20,,,,,
2402,39078.0,17.0,40,45,70,M,20,,,,,
2402,39079.0,7.5,0,0,0,M,20,,,,,
2402,39080.0,7.5,0,0,0,M,20,,,,,
2402,39081.0,7.5,0,0,0,M,20,,,,,
2402,39082.0,17.5,0,0,0,M,20,,,,,
2402,39083.0,7.5,0,0,0,M,20,,,,,
2402,39084.0,7.5,0,0,0,M,20,,,,,
2402,39085.0,7.5,0,0,0,M,20,,,,,
2402,39086.0,20.7,20,0,40,M,20,,,,,
2402,39087.0,7.5,0,0,0,M,20,,,,,
2402,39088.0,7.5,0,0,0,M,20,,,,,
2402,39089.0,16.4,0,0,0,M,20,,,,,
2402,39090.0,19.3,0,0,0,M,20,,,,,
2402,39091.0,7.5,0,0,0,M,20,,,,,
2402,39092.0,0.0,10,0,40,M,20,,,,,
2402,39093.0,7.5,0,0,0,M,20,,,,,
2402,39094.0,7.5,0,0,0,M,20,,,,,
2402,39095.0,7.5,0,0,0,M,20,,,,,
2402,39096.0,7.5,0,0,0,M,20,,,,,
2402,39097.0,7.5,0,0,0,M,20,,,,,
2402,39098.0,7.5,0,0,0,M,20,,,,,
2402,39099.0,7.5,30,0,45,M,20,,,,,
2402,39100.0,7.5,50,0,30,M,20,,,,,
2402,39101.0,7.5,0,0,0,M,20,,,,,
2402,39102.0,7.5,0,0,0,M,20,,,,,
2402,39103.0,7.5,0,0,0,M,20,,,,,
2402,39104.0,7.5,0,0,0,M,20,,,,,
3002,39105.0,13.9,0,0,0,F,20,A,A,A,A,A
3002,39106.0,6.4,0,50,0,F,20,A,A,A,A,A
3002,39107.0,9.5,0,50,10,F,20,A,A,A,A,A
3002,39108.0,6.4,0,10,0,F,20,A,A,A,A,A
3002,39109.0,7.5,0,0,0,F,20,A,A,A,A,A
3002,39110.0,7.5,0,0,0,F,20,A,A,A,A,A
3002,39111.0,0.0,0,0,0,F,20,A,A,A,B,A
3002,39112.0,7.5,0,0,0,F,20,A,A,B,B,A
3002,39113.0,7.5,0,0,0,F,20,A,A,B,B,A
3002,39114.0,7.5,0,0,0,F,20,A,A,B,B,A
3002,39115.0,7.5,0,0,0,F,20,A,A,B,B,A
3002,39116.0,17.6,0,0,0,F,20,A,B,B,B,A
3002,39117.0,16.8,50,90,20,F,20,A,B,B,B,A
3002,39118.0,7.5,0,0,0,F,20,A,B,B,B,A
3002,39119.0,9.1,10,0,0,F,20,A,B,B,B,A
3002,39120.0,27.4,30,25,35,F,20,A,B,B,C,A
3002,39121.0,0.0,0,0,0,F,20,A,B,B,C,A
3002,39122.0,7.5,0,0,0,F,20,A,B,B,C,A
3002,39123.0,12.7,50,60,0,F,20,A,B,B,C,A
3002,39124.0,0.0,0,0,0,F,20,A,C,B,C,A
3002,39125.0,7.5,0,0,0,F,20,A,C,B,C,A
3002,39126.0,7.5,0,0,0,F,20,A,C,B,C,A
3002,39127.0,7.5,0,0,0,F,20,A,D,B,C,A
3002,39128.0,7.5,0,0,0,F,20,A,D,B,C,A
3002,39129.0,7.5,0,0,0,F,20,A,D,C,C,A
3002,39130.0,7.5,0,0,0,F,20,A,D,C,C,A
3002,39131.0,7.5,0,0,0,F,20,A,D,C,C,A
3002,39132.0,7.5,0,0,0,F,20,A,D,C,C,A
3002,39133.0,7.5,0,0,0,F,20,A,D,C,C,A
3002,39134.0,14.3,15,0,0,M,20,A,D,C,D,A
3002,39135.0,7.5,0,0,0,M,20,A,D,C,D,B
3002,39136.0,7.5,0,0,0,M,20,A,D,C,D,B
3002,39137.0,7.5,0,0,0,M,20,A,D,D,D,B
3002,39138.0,7.5,0,0,0,M,20,A,D,D,D,B
3002,39139.0,7.5,0,0,0,M,20,A,D,D,D,B
3002,39140.0,17.0,10,0,0,M,20,A,D,D,D,B
3002,39141.0,7.5,0,0,0,M,20,A,D,D,D,B
3002,39142.0,17.5,25,55,0,M,20,A,D,D,D,B
3002,39143.0,7.5,0,0,0,M,20,A,D,D,D,B
3002,39144.0,7.5,0,0,0,M,20,A,D,D,D,B
3002,39145.0,7.5,0,0,0,M,20,A,D,D,D,B
3002,39146.0,7.5,0,0,0,M,20,A,D,D,D,B
3002,39147.0,7.5,0,0,0,M,20,A,D,D,D,B
3002,39148.0,7.5,0,0,0,M,20,A,D,D,D,B
3002,39149.0,3.0,20,0,10,M,20,A,D,D,D,B
3002,39150.0,7.5,0,0,0,M,20,A,D,D,D,B
3002,39151.0,7.5,0,0,0,M,20,A,D,D,D,B
3002,39152.0,7.5,0,0,0,M,20,A,D,D,D,B
3002,39153.0,7.5,0,0,0,M,20,A,D,D,D,B
3002,39154.0,7.5,0,0,0,M,20,A,D,D,D,B
3002,39155.0,7.5,0,0,0,M,20,A,D,D,D,B
3002,39156.0,0.0,30,0,20,M,20,A,D,D,D,B
3002,39157.0,7.5,0,0,0,M,20,B,D,D,D,B
3002,39158.0,7.5,0,0,0,M,20,B,D,D,D,B
3002,39159.0,0.0,10,30,10,M,20,B,D,D,D,B
3002,39160.0,18.4,0,0,0,M,20,B,D,D,D,B
3002,39161.0,7.5,0,0,0,M,20,B,D,D,D,B
3002,39162.0,7.5,0,0,0,M,20,B,D,D,D,C
3202,39163.0,9.5,30,0,0,F,20,A,A,A,A,A
3202,39164.0,7.5,0,0,0,F,20,A,A,B,B,A
3202,39165.0,7.4,0,0,0,F,20,A,A,B,B,A
3202,39166.0,7.5,0,0,0,F,20,A,A,B,B,A
3202,39167.0,7.5,0,0,0,F,20,A,A,B,B,A
3202,39168.0,7.5,0,0,0,F,20,A,B,B,B,A
3202,39169.0,7.5,0,0,0,F,20,A,B,B,B,A
3202,39170.0,9.5,10,20,30,F,20,A,B,B,B,A
3202,39171.0,7.5,0,0,0,F,20,A,B,B,C,A
3202,39172.0,7.5,0,0,0,F,20,A,B,B,C,A
3202,39173.0,7.5,0,0,0,F,20,A,D,C,D,A
3202,39174.0,22.2,10,25,15,F,20,A,D,C,D,A
3202,39175.0,7.5,0,0,0,F,20,A,D,C,D,B
3202,39176.0,7.5,50,5,20,M,20,A,D,C,D,B
3202,39177.0,7.5,0,0,0,M,20,A,D,C,D,B
3202,39178.0,7.5,0,0,0,M,20,A,D,C,D,B
3202,39179.0,15.3,50,30,0,M,20,,,,,
3202,39180.0,7.5,0,0,0,M,20,,,,,
3202,39181.0,7.5,0,0,0,M,20,,,,,
5401,39182.0,7.5,0,0,0,F,20,A,A,A,C,A
5401,39183.0,7.5,0,0,0,F,20,A,A,B,C,B
5401,39184.0,23.5,20,15,5,F,20,A,A,B,D,B
5401,39185.0,7.5,0,0,0,F,20,A,A,C,D,B
5401,39186.0,7.5,0,0,0,F,20,A,B,C,D,B
5401,39187.0,7.5,0,0,0,F,20,A,D,D,D,B
5401,39188.0,7.5,0,0,0,F,20,A,D,D,D,B
5401,39189.0,7.5,20,40,15,F,20,A,D,D,D,C
5401,39190.0,7.5,0,0,0,F,20,A,D,D,D,D
5401,39191.0,7.5,0,0,0,F,20,A,D,D,D,D
4004,39192.0,7.5,0,0,0,M,20,A,A,B,D,B
4004,39193.0,7.5,0,0,0,M,20,A,A,C,D,B
4004,39194.0,7.5,0,0,0,M,20,A,A,C,D,B
4004,39195.0,7.5,0,0,0,M,20,A,A,C,D,B
4004,39196.0,7.5,0,0,0,M,20,A,A,C,D,B
4004,39197.0,7.5,0,0,0,M,20,A,A,C,D,B
4004,39198.0,7.5,0,0,0,M,20,A,A,D,D,B
4004,39199.0,7.5,0,0,0,M,20,A,A,D,D,B
4004,39200.0,7.5,0,0,0,M,20,A,A,D,D,B
4004,39201.0,7.5,0,0,0,M,20,A,A,D,D,B
4004,39202.0,7.5,0,0,0,M,20,A,A,D,D,B
4004,39203.0,7.5,0,0,0,M,20,A,B,D,D,B
4004,39204.0,7.5,0,0,0,M,20,A,B,D,D,B
4004,39205.0,8.5,20,30,15,M,20,A,B,D,D,B
4004,39206.0,7.5,0,0,0,M,20,A,B,D,D,C
4004,39207.0,7.5,0,0,0,M,20,A,D,D,D,C
4004,39208.0,0.0,0,0,0,M,20,A,D,D,D,C
4004,39209.0,7.5,0,0,0,M,20,A,D,D,E,C
4004,39210.0,4.4,0,0,0,M,20,A,D,D,E,C
4004,39211.0,18.0,0,0,0,M,20,A,D,D,E,D
4004,39212.0,13.1,30,0,10,M,20,A,D,D,E,D
4004,39213.0,1.6,0,20,0,M,20,A,D,E,E,D
4004,39214.0,1.0,0,0,0,M,20,A,D,E,E,E
4004,39215.0,17.0,0,0,0,M,20,A,D,E,E,E
4004,39216.0,10.1,50,10,0,M,20,A,D,E,E,E
4004,39217.0,12.7,30,0,25,M,20,A,D,E,E,E
4004,39218.0,17.0,0,0,0,M,20,A,D,E,E,E
4004,39219.0,4.6,0,0,0,M,20,A,D,E,F,E
4004,39220.0,35.6,0,35,0,M,20,A,D,E,F,E
4004,39221.0,17.0,0,0,0,M,20,A,D,E,F,E
4004,39222.0,17.0,0,0,0,M,20,A,D,E,F,E
4004,39223.0,15.5,10,15,0,M,20,A,D,E,F,F
4004,39224.0,20.0,0,0,0,M,20,B,D,F,F,F
4004,39225.0,7.8,10,0,0,M,20,B,D,F,F,F
4004,39226.0,28.9,0,0,0,M,20,B,E,F,F,F
4004,39227.0,3.4,0,0,30,M,20,E,F,F,F,G
1501,39228.0,35.2,25,15,0,F,20,A,A,A,B,A
1501,39229.0,8.0,0,0,0,F,20,A,A,A,B,A
1501,39230.0,24.0,0,35,5,F,20,A,A,A,B,A
1501,39231.0,4.4,10,15,0,F,20,A,A,B,B,A
1501,39232.0,30.0,0,0,0,F,20,A,A,B,C,A
1501,39233.0,7.5,0,45,0,F,20,A,A,B,C,A
1501,39234.0,9.5,0,0,0,F,20,A,A,B,D,A
1501,39235.0,17.1,0,0,25,F,20,A,B,B,D,A
1501,39236.0,6.8,30,50,0,F,20,A,B,B,D,A
1501,39237.0,30.0,0,0,0,F,20,A,B,C,D,A
1501,39238.0,13.5,90,0,20,F,20,A,B,D,D,B
1501,39239.0,3.2,100,0,5,F,20,A,B,D,D,B
1501,39240.0,14.5,0,0,0,F,20,A,D,D,D,B
1501,39241.0,1.0,0,0,0,F,20,A,D,D,D,B
1501,39242.0,7.5,0,45,0,F,20,A,D,D,D,B
1501,39243.0,17.0,0,0,0,F,20,A,D,D,D,B
1501,39244.0,13.7,0,20,0,F,20,A,D,D,D,B
1501,39245.0,1.0,0,0,0,M,20,A,D,D,D,B
1501,39246.0,14.3,0,0,0,M,20,A,D,D,D,B
1501,39247.0,23.6,25,20,0,M,20,A,D,D,D,B
1501,39248.0,16.1,75,0,0,M,20,A,D,D,D,B
1501,39249.0,12.5,50,50,0,M,20,A,D,D,D,C
1501,39250.0,1.0,0,0,0,M,20,A,D,D,E,C
1501,39251.0,7.5,0,45,0,M,20,A,D,D,E,C
1501,39252.0,14.1,0,10,0,M,20,A,D,E,F,C
1501,39253.0,18.8,0,0,0,M,20,B,D,E,F,C
1501,39254.0,30.0,0,0,0,M,20,E,F,E,F,F
1501,39255.0,11.3,10,30,10,M,20,,,,,
1601,39256.0,29.9,0,0,0,F,20,A,A,B,B,A
1601,39257.0,17.0,0,0,0,F,20,A,A,C,B,A
1601,39258.0,3.2,20,0,10,F,20,A,A,C,C,A
1601,39259.0,17.0,15,0,0,F,20,A,A,C,C,A
1601,39260.0,4.0,20,60,20,F,20,A,A,C,C,A
1601,39261.0,3.2,30,0,0,F,20,A,A,C,C,B
1601,39262.0,15.0,0,0,0,F,20,A,A,C,D,B
1601,39263.0,12.3,0,25,0,F,20,A,A,D,D,B
1601,39264.0,15.0,0,0,0,F,20,A,B,D,D,B
1601,39265.0,7.0,0,40,20,F,20,A,B,D,D,B
1601,39266.0,24.5,10,20,10,F,20,A,B,D,D,B
1601,39267.0,11.3,30,20,5,F,20,A,D,D,D,B
1601,39268.0,15.0,0,0,0,M,20,A,D,D,D,C
1601,39269.0,4.8,0,0,0,M,20,A,D,D,D,C
1601,39270.0,15.7,70,20,0,M,20,A,D,D,E,C
1601,39271.0,14.3,0,20,0,M,20,A,D,E,E,D
1601,39272.0,15.0,0,0,0,M,20,A,D,E,E,E
2402,39273.0,17.1,0,0,0,F,20,A,A,D,D,B
2402,39274.0,15.0,0,0,0,F,20,A,A,D,D,B
2402,39275.0,15.0,0,0,0,F,20,A,A,D,D,B
2402,39276.0,5.0,0,0,0,F,20,A,A,D,D,C
2402,39277.0,15.0,0,0,0,M,20,A,A,D,D,C
2402,39278.0,3.8,20,5,5,M,20,A,A,D,D,C
2402,39279.0,7.5,5,0,0,M,20,A,A,E,E,C
2402,39280.0,33.6,25,30,0,M,20,A,A,E,E,C
2402,39281.0,3.6,30,0,0,M,31,A,B,E,E,C
904,39282.0,15.0,0,0,0,F,20,A,A,B,B,A
904,39283.0,15.0,0,0,0,F,20,A,A,B,B,A
904,39284.0,15.0,0,0,0,F,20,A,A,B,B,A
904,39285.0,12.3,0,15,0,F,20,A,A,B,B,A
904,39286.0,15.0,0,0,0,F,20,A,A,B,B,A
904,39287.0,15.0,0,0,0,F,20,A,A,B,B,A
904,39288.0,10.4,0,30,0,F,20,A,A,B,B,A
904,39289.0,15.0,0,0,0,F,20,A,A,B,B,A
904,39290.0,15.0,0,0,0,F,20,A,A,B,C,A
904,39291.0,15.0,0,0,0,F,20,A,A,B,C,B
904,39292.0,15.0,0,15,0,F,20,A,A,B,C,B
904,39293.0,15.0,0,0,0,F,20,A,A,B,C,B
904,39294.0,15.0,0,0,0,F,20,A,A,B,C,B
904,39295.0,17.3,0,0,0,F,20,A,A,C,C,B
904,39296.0,4.8,0,0,0,F,20,A,A,C,C,B
904,39297.0,2.4,40,0,0,F,20,A,A,C,D,B
904,39298.0,10.5,0,30,0,F,20,A,B,C,D,B
904,39299.0,7.5,5,0,0,M,20,C,D,E,F,D
904,39300.0,15.0,0,0,0,M,20,C,D,E,F,D
904,39301.0,6.0,10,0,5,M,20,D,D,E,F,E
904,39302.0,14.7,30,0,0,M,20,E,D,E,F,E
904,39303.0,16.3,30,60,5,M,20,E,D,E,F,E
904,39304.0,16.4,10,0,10,M,20,E,F,E,F,E
904,39305.0,3.6,20,0,10,M,20,E,F,E,F,E
904,39306.0,16.5,40,45,10,M,20,,,,,
904,39307.0,11.1,35,20,0,M,20,,,,,
904,39308.0,7.5,0,0,5,M,20,,,,,
4004,39309.0,13.3,0,20,0,M,20,A,A,C,D,C
4004,39310.0,15.0,0,0,10,M,20,A,A,C,D,C
4004,39311.0,30.9,0,0,0,M,20,A,A,C,D,C
4004,39312.0,15.0,80,80,20,M,20,A,A,C,D,D
4004,39313.0,7.5,0,10,0,M,20,A,A,C,D,D
4004,39314.0,12.3,0,20,0,M,20,A,A,D,D,D
4004,39315.0,18.6,0,35,30,M,20,A,A,D,D,D
4004,39316.0,11.7,30,15,10,M,20,A,A,D,D,D
4004,39317.0,10.3,0,0,0,M,20,A,A,D,D,D
4004,39318.0,15.0,25,0,0,M,20,A,A,D,D,D
4004,39319.0,13.9,0,0,15,M,20,A,A,D,D,D
4004,39320.0,8.1,0,5,0,M,20,A,D,D,E,E
4004,39321.0,8.5,0,0,0,M,20,A,D,D,E,E
4004,39322.0,19.6,0,0,0,M,20,A,D,D,E,E
4004,39323.0,1.0,25,5,20,M,20,A,D,E,E,E
4004,39324.0,31.2,0,0,0,M,20,A,D,E,E,E
4004,39325.0,10.7,30,20,10,M,20,A,D,E,E,F
4004,39326.0,8.6,50,0,10,M,20,A,F,E,F,F
4004,39327.0,5.2,0,0,0,M,20,B,F,F,F,F
4004,39328.0,30.1,80,0,0,M,20,B,F,F,F,F
3202,39329.0,16.1,25,0,0,M,20,,,,,
4004,39330.0,17.7,0,0,0,F,20,A,A,A,B,A
4004,39331.0,8.5,0,45,0,F,20,A,A,A,B,A
4004,39332.0,8.5,0,0,0,F,20,A,A,B,B,A
4004,39333.0,16.3,25,0,0,F,20,A,A,B,B,A
4004,39334.0,15.1,0,0,0,F,20,A,A,B,B,B
4004,39335.0,15.1,0,0,0,F,20,A,A,B,C,B
4004,39336.0,8.2,0,45,0,F,20,A,A,B,C,B
4004,39337.0,2.0,45,0,0,F,20,A,A,B,C,B
4004,39338.0,7.5,0,0,0,M,20,A,A,D,D,C
4004,39339.0,8.9,0,0,0,M,20,A,A,D,D,C
4004,39340.0,5.0,30,70,0,M,20,A,A,D,D,C
4004,39341.0,7.5,0,0,0,M,20,A,A,D,D,C
4004,39342.0,7.5,0,0,0,M,20,A,A,D,D,C
4004,39343.0,30.0,0,0,0,M,20,A,A,D,D,C
4004,39344.0,7.5,0,0,0,M,20,A,A,D,D,C
4004,39345.0,7.5,0,0,0,M,20,A,A,D,D,C
4004,39346.0,8.9,50,25,0,M,20,A,A,D,D,C
4004,39347.0,10.7,0,0,0,M,20,A,A,D,D,C
4004,39348.0,31.4,0,0,0,M,20,A,A,D,D,C
4004,39349.0,5.8,0,0,0,M,20,A,A,D,D,C
4004,39350.0,10.1,0,35,0,M,20,A,A,D,E,D
4004,39351.0,30.0,0,0,0,M,20,A,A,D,E,D
4004,39352.0,18.2,0,0,0,M,20,A,A,D,E,D
4004,39353.0,17.9,0,0,0,M,20,A,A,D,E,D
4004,39354.0,30.0,0,0,0,M,20,A,A,D,E,D
4004,39355.0,9.1,0,0,0,M,20,A,A,D,E,E
4004,39356.0,18.6,0,0,10,M,20,A,A,D,E,E
4004,39357.0,8.5,0,0,5,M,20,A,A,D,E,E
4004,39358.0,1.4,10,0,40,M,20,A,A,D,E,E
4004,39359.0,4.0,35,0,0,M,20,A,B,E,E,E
4004,39360.0,14.7,35,0,0,M,20,A,B,E,E,E
4004,39361.0,12.8,50,0,0,M,20,A,C,E,E,E
4004,39362.0,11.7,30,70,30,M,20,A,C,E,E,E
4004,39363.0,18.0,0,0,0,M,20,A,C,E,E,E
4004,39364.0,19.2,50,0,30,M,20,A,C,E,E,E
4004,39365.0,1.4,50,0,0,M,20,A,C,E,E,E
4004,39366.0,17.5,25,0,0,M,20,A,C,E,E,E
4004,39367.0,30.0,0,0,0,M,20,A,C,E,E,E
4004,39368.0,7.5,0,0,0,M,20,A,D,E,E,F
4004,39369.0,11.9,0,25,0,M,20,A,D,E,E,F
4004,39370.0,9.7,10,30,0,M,20,A,D,E,E,F
4004,39371.0,13.3,0,15,0,M,20,A,D,E,E,F
4004,39372.0,2.0,0,0,0,M,20,A,D,E,E,F
1602,39373.0,3.2,10,0,0,F,20,A,A,C,D,B
1602,39374.0,11.7,0,0,30,F,20,A,A,C,D,B
1602,39375.0,17.6,20,0,0,F,20,A,A,C,D,B
1602,39376.0,15.0,0,35,0,F,20,A,A,C,D,B
1602,39377.0,30.0,0,0,0,F,20,A,A,C,D,B
1602,39378.0,4.4,30,5,0,F,20,A,A,C,D,B
1602,39379.0,10.5,0,20,15,F,20,A,A,C,D,B
1602,39380.0,30.5,0,0,0,F,20,A,A,C,D,B
1602,39381.0,7.5,30,0,0,F,20,A,A,D,D,B
1602,39382.0,9.5,0,0,0,F,20,A,A,D,D,B
1602,39383.0,5.0,0,0,0,F,20,A,A,D,D,B
1602,39384.0,2.6,0,0,0,F,20,A,A,D,D,B
1602,39385.0,31.6,0,0,0,F,20,A,A,D,D,B
1602,39386.0,0.0,0,0,0,F,20,A,A,D,D,B
1602,39387.0,2.8,0,45,0,F,20,A,A,D,D,C
1602,39388.0,29.8,0,0,0,F,20,A,A,D,D,C
1602,39389.0,6.0,40,0,0,F,20,A,A,D,D,C
1602,39390.0,14.5,30,60,25,F,20,A,A,D,D,C
1602,39391.0,6.4,20,0,0,F,20,A,A,D,D,C
1602,39392.0,14.5,5,25,10,F,20,A,A,D,E,C
1602,39393.0,26.5,30,5,0,F,20,A,A,D,E,C
1602,39394.0,13.3,25,0,30,F,20,A,A,D,E,C
1602,39395.0,13.5,70,50,0,F,20,A,B,D,E,D
1602,39396.0,23.4,10,45,0,F,20,A,B,E,E,D
1602,39397.0,24.2,0,40,0,F,20,A,B,E,E,D
1602,39398.0,0.0,0,0,0,F,20,A,C,E,E,D
1602,39399.0,19.3,10,65,0,M,20,A,C,E,E,D
1602,39400.0,9.4,0,0,0,M,20,A,D,E,E,D
1602,39401.0,31.5,0,0,0,M,20,A,D,E,E,D
1602,39402.0,18.6,0,0,0,M,20,A,D,E,E,D
1602,39403.0,8.4,75,35,30,M,20,A,D,E,E,E
1602,39404.0,9.5,0,0,0,M,20,A,D,E,E,E
1602,39405.0,20.8,75,0,0,M,20,A,D,F,E,E
1602,39406.0,27.7,10,0,0,M,20,B,D,F,F,F
1602,39407.0,3.6,10,0,30,M,20,E,E,F,F,F
1602,39408.0,8.4,50,0,30,M,20,,,,,
1602,39409.0,2.4,0,0,0,M,20,,,,,
1602,39410.0,7.5,15,0,0,M,20,,,,,
1602,39411.0,15.7,0,0,10,M,20,,,,,
1602,39412.0,29.1,0,0,0,M,20,,,,,
1402,39413.0,20.6,0,0,0,M,20,A,A,D,D,B
1402,39414.0,6.2,0,0,0,M,20,A,A,D,D,B
1402,39415.0,30.3,0,0,0,M,20,A,A,D,D,B
1402,39416.0,18.6,0,0,0,M,20,A,A,D,D,B
1402,39417.0,18.4,0,0,0,M,20,A,A,D,D,B
1402,39418.0,20.4,30,35,10,M,20,A,A,D,D,B
1402,39419.0,23.5,15,30,10,M,20,A,B,D,D,B
1402,39420.0,18.0,10,60,20,M,20,A,B,D,D,C
1402,39421.0,5.0,20,0,10,M,20,A,B,D,D,C
1402,39422.0,7.5,0,15,0,M,20,A,B,E,E,C
1402,39423.0,20.6,0,0,0,M,20,A,D,E,E,D
1402,39424.0,9.5,0,0,0,M,20,A,D,E,E,D
702,39425.0,7.5,15,0,0,F,20,A,A,B,B,A
702,39426.0,17.5,0,0,0,F,20,A,A,B,B,B
702,39427.0,2.4,15,20,15,F,20,A,A,B,B,B
702,39428.0,1.4,10,0,0,F,20,A,A,B,B,B
702,39429.0,19.0,0,0,0,F,20,A,A,C,C,B
702,39430.0,16.9,15,0,0,F,20,A,A,C,C,B
702,39431.0,21.0,0,0,0,F,20,A,A,C,D,B
702,39432.0,9.9,0,0,0,F,20,A,A,D,D,B
702,39433.0,6.6,0,0,0,F,20,A,A,D,D,B
702,39434.0,27.8,0,20,0,F,20,A,A,D,D,B
702,39435.0,0.0,0,20,0,F,20,A,A,D,D,B
702,39436.0,15.0,0,0,10,F,20,A,A,D,D,B
702,39437.0,2.4,30,0,20,F,20,A,A,D,D,C
702,39438.0,4.2,20,20,0,F,20,A,A,D,D,C
702,39439.0,7.4,25,0,0,M,20,A,A,D,D,C
702,39440.0,16.3,30,0,0,M,20,A,B,D,D,C
702,39441.0,30.9,0,0,0,M,20,A,D,E,E,E
702,39442.0,28.9,25,0,0,M,20,A,D,F,E,E
702,39443.0,18.3,25,0,0,M,20,A,D,F,F,F
702,39444.0,11.5,0,0,0,M,20,A,F,F,F,F
702,39445.0,30.9,0,0,0,M,20,,,,,
5401,39446.0,15.0,25,15,0,F,20,A,A,A,B,A
5401,39447.0,6.4,0,0,0,F,20,A,A,B,B,A
5401,39448.0,21.3,20,40,0,F,20,A,A,B,B,A
5401,39449.0,8.5,0,0,0,F,20,A,A,B,B,A
5401,39450.0,19.4,30,15,40,F,20,A,A,B,B,A
5401,39451.0,7.5,0,60,0,F,20,A,A,B,B,A
5401,39452.0,24.6,50,0,0,F,20,A,A,B,B,A
5401,39453.0,12.7,10,5,40,F,20,A,A,B,C,A
5401,39454.0,26.0,40,0,0,F,20,A,A,B,C,A
5401,39455.0,11.2,0,45,20,F,20,A,A,B,C,A
5401,39456.0,27.1,40,45,20,F,20,A,A,B,C,A
5401,39457.0,7.5,25,0,0,F,20,A,A,B,C,A
5401,39458.0,18.7,0,0,0,F,20,A,A,B,C,A
5401,39459.0,17.8,0,0,0,F,20,A,A,B,C,A
5401,39460.0,15.0,0,0,0,F,20,A,A,B,C,A
5401,39461.0,8.5,0,0,10,F,20,A,A,C,C,A
5401,39462.0,15.0,0,40,0,F,20,A,A,C,C,A
5401,39463.0,16.4,0,0,0,F,20,A,A,C,C,A
5401,39464.0,17.6,0,0,0,F,20,A,A,C,C,A
5401,39465.0,15.0,0,10,0,F,20,A,A,C,D,A
5401,39466.0,16.6,0,0,0,F,20,A,A,C,D,A
5401,39467.0,8.9,70,0,10,F,20,A,A,C,D,A
5401,39468.0,21.0,0,0,0,F,20,A,A,C,D,A
5401,39469.0,26.5,40,0,0,F,20,A,A,D,D,C
5401,39470.0,19.4,0,0,0,F,20,A,A,D,D,C
5401,39471.0,7.0,0,0,0,F,20,A,A,D,D,C
5401,39472.0,30.0,0,0,0,F,20,A,A,D,D,C
5401,39473.0,19.4,0,0,0,F,20,A,A,D,D,C
5401,39474.0,3.4,0,0,0,F,20,A,A,D,E,C
5401,39475.0,3.2,0,0,0,F,20,A,A,D,E,C
5401,39476.0,16.3,0,20,0,F,20,A,A,D,E,C
5401,39477.0,19.4,0,0,0,F,20,A,A,D,E,C
5401,39478.0,11.9,0,0,0,F,20,A,A,D,E,C
5401,39479.0,10.4,0,0,0,F,20,A,A,D,E,C
5401,39480.0,11.7,0,0,0,F,20,A,A,D,E,C
5401,39481.0,11.9,0,0,0,F,20,A,A,D,E,C
5401,39482.0,10.1,0,0,0,F,20,A,A,D,E,D
5401,39483.0,18.8,30,0,0,F,20,A,A,D,E,D
5401,39484.0,2.6,10,0,40,M,20,A,B,E,E,D
5401,39485.0,15.3,40,0,0,M,20,A,B,E,E,D
5401,39486.0,30.1,0,0,0,M,20,A,B,E,E,D
5401,39487.0,30.0,0,0,0,M,20,A,B,E,E,D
5401,39488.0,10.4,0,0,0,M,20,A,B,E,E,D
5401,39489.0,7.4,5,0,15,M,20,A,B,E,E,D
5401,39490.0,30.0,0,0,0,M,20,A,B,E,E,E
5401,39491.0,25.5,0,30,0,M,20,A,C,E,E,E
5401,39492.0,12.5,0,30,0,M,35,A,C,E,E,E
5401,39493.0,30.0,0,0,0,M,20,A,D,E,F,E
5401,39494.0,9.5,0,0,5,M,20,A,D,E,F,E
5401,39495.0,22.5,0,40,10,M,20,A,D,E,F,E
5401,39496.0,19.9,10,0,0,M,20,A,D,E,F,E
5401,39497.0,10.1,0,30,15,M,20,A,D,E,F,E
5401,39498.0,32.1,0,0,0,M,20,A,D,E,F,F
5401,39499.0,30.0,0,0,0,M,20,A,D,E,F,F
5401,39500.0,10.7,20,45,5,M,20,A,D,E,F,F
5401,39501.0,13.1,10,15,0,M,20,A,D,E,F,F
5401,39502.0,30.0,0,0,0,M,20,B,D,F,F,F
5401,39503.0,8.5,0,55,0,M,20,B,D,F,F,F
5401,39504.0,30.0,0,0,0,M,20,E,D,F,F,F
5401,39505.0,2.6,0,45,5,M,20,E,D,F,F,F
5401,39506.0,2.6,40,0,10,M,20,E,D,F,F,F
5401,39507.0,30.6,0,0,0,M,20,E,F,F,F,G
5401,39508.0,17.0,0,0,0,M,20,E,F,F,F,G
5401,39509.0,12.5,30,0,0,M,20,,,,,
5401,39510.0,19.4,0,0,0,M,20,,,,,
5401,39511.0,21.5,35,10,30,M,20,,,,,
5401,39512.0,18.4,0,0,0,M,20,,,,,
5401,39513.0,31.6,0,0,0,M,20,,,,,
5401,39514.0,5.4,0,25,0,M,20,,,,,
5401,39515.0,7.5,0,0,0,M,20,,,,,
5401,39516.0,9.5,0,0,10,M,20,,,,,
3502,39517.0,4.4,55,30,0,F,20,A,A,A,B,A
3502,39518.0,10.7,0,0,0,F,20,A,A,B,B,A
3502,39519.0,10.7,0,0,0,F,20,A,A,B,B,A
3502,39520.0,7.5,0,0,0,F,20,A,A,B,B,A
3502,39521.0,30.0,20,0,0,F,20,A,A,B,C,A
3502,39522.0,9.1,0,0,0,F,20,A,A,B,C,A
3502,39523.0,7.5,0,0,0,F,20,A,A,C,C,B
3502,39524.0,7.5,0,0,0,F,20,A,A,C,C,B
3502,39525.0,7.5,0,0,0,F,20,A,A,C,C,B
3502,39526.0,7.5,0,0,0,F,20,A,A,C,C,B
3502,39527.0,15.0,0,30,0,F,20,A,A,C,C,B
3502,39528.0,7.5,0,0,0,F,20,A,A,C,D,B
3502,39529.0,7.5,0,0,0,F,20,A,A,D,D,B
3502,39530.0,7.5,0,0,0,F,20,A,A,D,D,B
3502,39531.0,7.5,0,0,0,F,20,A,A,D,D,B
3502,39532.0,0.0,0,20,20,M,20,A,A,D,D,B
3502,39533.0,7.5,0,0,0,M,20,A,A,D,D,B
3502,39534.0,16.5,5,0,0,M,20,A,A,D,D,B
3502,39535.0,26.4,25,0,0,M,20,A,A,D,D,B
3502,39536.0,7.5,0,0,0,M,20,A,A,D,D,C
3502,39537.0,7.5,0,0,0,M,20,A,A,D,D,C
3502,39538.0,7.5,0,0,0,M,20,A,A,D,D,C
3502,39539.0,19.6,0,0,0,M,20,A,B,D,D,C
3502,39540.0,7.5,0,0,0,M,20,A,B,D,D,C
3502,39541.0,15.0,30,0,0,M,20,A,B,D,E,C
3502,39542.0,7.5,0,0,0,M,20,A,B,D,E,C
3502,39543.0,15.0,50,0,0,M,20,A,B,E,E,C
3502,39544.0,10.5,0,0,0,M,20,A,B,E,E,C
3502,39545.0,6.0,20,0,10,M,20,A,D,E,E,D
3502,39546.0,15.5,0,20,0,M,20,A,D,E,E,D
3502,39547.0,7.5,0,0,0,M,20,B,D,E,F,E
3502,39548.0,7.5,0,0,0,M,20,B,D,E,F,E
3502,39549.0,7.5,0,0,0,M,20,C,D,E,F,E
3502,39550.0,7.5,20,55,20,M,20,C,D,F,F,F
3502,39551.0,18.3,0,0,0,M,20,E,D,F,F,F
3502,39552.0,7.5,20,0,0,M,20,,,,,
3502,39553.0,11.1,0,20,20,M,20,,,,,
702,39554.0,30.0,0,0,10,F,20,A,A,A,B,A
702,39555.0,19.8,0,0,0,F,20,A,A,B,B,B
702,39556.0,14.3,0,20,0,F,20,A,A,B,B,B
702,39557.0,7.5,20,0,0,F,20,A,A,B,B,B
702,39558.0,19.8,0,40,30,F,20,A,A,B,C,B
702,39559.0,9.2,0,0,0,F,20,A,A,B,C,B
702,39560.0,10.8,0,0,0,F,20,A,A,B,C,B
702,39561.0,21.6,0,60,0,F,20,A,A,C,C,B
702,39562.0,7.5,0,0,0,F,20,A,A,C,C,B
702,39563.0,7.5,0,0,0,F,20,A,A,C,D,B
702,39564.0,7.5,0,0,0,F,20,A,A,D,D,C
702,39565.0,7.5,0,0,0,F,20,A,A,D,D,C
702,39566.0,7.5,0,0,0,M,20,A,A,D,D,C
702,39567.0,42.4,10,0,0,M,20,A,A,D,D,C
702,39568.0,7.5,0,0,0,M,20,A,A,D,D,C
702,39569.0,7.5,0,0,20,M,20,A,A,D,D,C
702,39570.0,7.5,0,0,20,M,20,A,A,D,D,C
702,39571.0,10.1,0,0,5,M,20,A,A,D,D,D
1602,39572.0,12.0,0,35,0,F,20,A,A,B,C,A
1602,39573.0,9.5,10,0,0,F,20,A,A,B,C,A
1602,39574.0,13.5,10,15,0,F,20,A,A,B,C,A
1602,39575.0,7.5,0,0,0,F,20,A,A,C,C,B
1602,39576.0,7.5,0,0,0,F,20,A,A,C,C,B
1602,39577.0,2.6,0,20,0,F,20,A,A,C,C,B
1602,39578.0,25.8,0,30,0,F,20,A,A,C,C,B
1602,39579.0,0.0,25,0,0,F,20,A,A,C,C,B
1602,39580.0,17.4,0,0,30,F,20,A,A,C,C,B
1602,39581.0,18.9,25,0,0,F,20,A,A,D,D,B
1602,39582.0,11.9,20,15,30,F,20,A,A,D,D,B
1602,39583.0,7.5,20,0,0,F,20,A,A,D,D,B
1602,39584.0,8.2,50,0,40,F,20,A,A,D,D,B
1602,39585.0,14.1,30,0,20,F,20,A,A,D,D,B
1602,39586.0,7.5,0,0,0,F,20,A,B,D,D,B
1602,39587.0,7.5,0,0,0,F,20,A,B,D,D,B
1602,39588.0,3.2,0,0,0,F,20,A,B,D,D,B
1602,39589.0,6.2,50,45,10,F,20,A,B,D,D,B
1602,39590.0,16.3,40,45,25,F,20,A,B,D,D,B
1602,39591.0,6.8,35,50,15,F,20,A,C,D,D,B
1602,39592.0,16.5,70,30,10,F,20,A,C,D,D,C
1602,39593.0,7.5,0,0,0,M,20,A,C,D,E,C
1602,39594.0,17.1,0,0,0,M,20,A,D,D,E,C
1602,39595.0,17.1,0,0,0,M,20,A,D,D,E,C
1602,39596.0,10.7,0,0,0,M,20,A,D,D,E,C
1602,39597.0,12.3,75,45,0,M,20,A,D,D,E,C
1602,39598.0,24.4,60,0,0,M,20,,,,,
1602,39599.0,0.0,0,0,0,M,20,,,,,
1602,39600.0,0.0,0,0,0,M,20,,,,,
3502,39601.0,0.0,0,0,0,F,20,A,A,A,A,A
3502,39602.0,0.0,0,0,0,F,20,A,A,A,A,A
3502,39603.0,0.0,0,0,0,F,20,A,A,B,B,A
3502,39604.0,0.0,0,0,0,F,20,A,A,B,C,B
3502,39605.0,23.0,0,0,0,F,20,A,A,B,D,B
3502,39606.0,25.7,0,0,40,F,20,A,A,C,D,B
3502,39607.0,0.0,0,0,0,F,20,A,A,C,D,B
3502,39608.0,0.0,0,0,0,M,20,A,A,D,D,B
3502,39609.0,0.0,0,0,0,M,20,A,A,D,D,B
3502,39610.0,23.6,15,40,10,M,20,A,A,D,D,B
3502,39611.0,31.9,0,0,0,M,20,A,B,D,E,B
3502,39612.0,11.2,0,0,0,M,20,A,D,D,E,C
3502,39613.0,0.0,0,0,0,M,20,A,D,D,E,C
3502,39614.0,32.0,0,0,0,M,20,A,D,D,E,C
3502,39615.0,7.6,0,0,0,M,20,A,D,D,E,C
1402,39616.0,7.5,25,0,0,F,20,A,A,B,B,A
1402,39617.0,13.3,20,35,5,F,20,A,A,B,C,B
1402,39618.0,0.0,0,0,0,F,20,A,A,C,D,B
1402,39619.0,11.1,0,0,0,M,20,A,B,D,E,C
1402,39620.0,23.8,30,15,20,M,20,A,D,D,E,C
1402,39621.0,0.0,0,0,0,M,20,A,D,D,F,C
1402,39622.0,13.1,20,30,10,M,20,A,D,D,F,C
1402,39623.0,2.6,35,0,0,M,20,B,D,F,F,C
702,39624.0,0.0,0,0,0,F,20,A,A,A,A,A
702,39625.0,7.0,0,60,20,F,20,A,A,B,A,A
702,39626.0,0.0,0,0,0,F,20,A,A,B,A,A
702,39627.0,12.7,0,0,0,F,20,A,A,B,B,A
702,39628.0,0.0,0,0,0,F,20,A,A,B,B,A
702,39629.0,0.0,0,0,0,F,20,A,A,B,B,A
702,39630.0,0.0,0,0,0,F,20,A,A,B,B,A
702,39631.0,17.5,0,0,25,F,20,A,A,B,B,A
702,39632.0,17.6,0,0,0,F,20,A,A,B,B,A
702,39633.0,16.3,0,0,15,F,20,A,A,B,B,A
702,39634.0,0.0,0,0,0,F,20,A,A,B,B,A
702,39635.0,0.0,0,0,0,F,20,A,A,B,C,A
702,39636.0,0.0,0,0,0,F,20,A,A,B,C,A
702,39637.0,0.0,0,0,0,F,20,A,A,B,C,A
702,39638.0,22.3,0,0,0,M,20,A,A,B,C,B
702,39639.0,18.4,20,5,0,M,20,A,A,B,C,B
702,39640.0,0.0,0,0,0,M,20,A,B,C,C,B
702,39641.0,18.7,0,0,0,M,20,A,B,C,C,B
702,39642.0,0.0,0,0,0,M,20,A,B,C,D,B
702,39643.0,0.0,0,0,0,M,20,A,B,C,D,B
702,39644.0,6.4,20,0,10,M,20,A,B,C,D,B
702,39645.0,11.1,50,20,5,M,20,A,D,D,D,B
702,39646.0,0.0,0,0,0,M,20,A,D,D,E,C
702,39647.0,17.6,0,30,0,M,20,A,D,D,E,D
702,39648.0,15.0,0,0,0,M,20,A,D,E,E,D
702,39649.0,0.0,0,0,0,M,20,A,D,E,F,E
2001,39650.0,0.0,45,0,0,F,20,A,A,A,B,A
2001,39651.0,0.0,0,0,0,F,20,A,A,A,B,A
2001,39652.0,0.0,0,0,0,F,20,A,A,A,B,A
2001,39653.0,0.0,0,0,0,F,20,A,A,A,B,A
2001,39654.0,0.0,0,0,0,F,20,A,A,B,B,A
2001,39655.0,0.0,0,0,0,F,20,A,A,B,B,A
2001,39656.0,25.8,0,50,0,F,20,A,A,B,B,A
2001,39657.0,0.0,0,0,0,F,20,A,A,B,B,A
2001,39658.0,32.9,0,60,15,F,20,A,A,B,B,A
2001,39659.0,9.7,0,0,0,F,20,A,A,B,B,A
2001,39660.0,0.0,0,0,0,F,20,A,A,B,B,A
2001,39661.0,0.0,0,0,0,F,20,A,A,B,B,A
2001,39662.0,0.0,0,0,0,F,20,A,A,B,B,A
2001,39663.0,7.5,0,15,10,F,20,A,A,B,B,A
2001,39664.0,40.9,25,0,0,F,20,A,A,B,B,A
2001,39665.0,0.0,0,0,0,F,20,A,A,B,B,B
2001,39666.0,0.0,0,0,0,F,20,A,B,C,C,B
2001,39667.0,22.2,20,45,10,F,20,A,B,C,D,B
2001,39668.0,0.0,0,0,0,F,20,A,B,C,D,B
2001,39669.0,0.0,0,0,0,F,20,A,B,C,D,B
1502,39670.0,0.0,0,0,0,F,20,A,A,B,B,A
1502,39671.0,1.0,25,35,10,F,20,A,A,B,B,B
1502,39672.0,1.6,20,40,5,F,20,A,A,B,B,B
1502,39673.0,0.0,0,0,0,F,20,A,A,B,C,B
1502,39674.0,16.0,0,0,40,F,20,A,A,B,C,B
1502,39675.0,10.9,0,0,0,F,20,A,A,C,C,B
1502,39676.0,0.0,0,0,0,F,20,A,B,C,D,B
1502,39677.0,0.0,0,0,0,F,20,A,B,D,D,B
1502,39678.0,0.0,0,0,0,F,20,A,B,D,D,B
1502,39679.0,11.5,25,15,30,F,20,A,C,D,D,B
1502,39680.0,0.0,0,0,0,F,20,A,C,D,D,B
1502,39681.0,0.0,0,0,0,F,20,A,D,D,D,B
1502,39682.0,0.0,0,0,0,F,20,A,D,D,E,C
1502,39683.0,8.8,30,60,0,M,20,A,D,D,E,C
1502,39684.0,17.3,30,60,0,M,20,A,D,D,E,C
1502,39685.0,0.0,0,0,0,M,20,A,D,D,E,C
1502,39686.0,12.1,10,15,15,M,20,A,D,D,E,D
1502,39687.0,11.9,0,10,20,M,20,A,D,E,F,D
1502,39688.0,17.0,0,0,15,M,20,B,D,E,F,D
1502,39689.0,8.2,0,0,0,M,20,B,D,F,F,E
1502,39690.0,12.2,40,0,30,M,20,B,F,F,F,F
4004,39691.0,30.3,25,0,0,F,20,A,A,B,A,A
4004,39692.0,31.9,0,0,0,F,20,A,A,B,B,A
4004,39693.0,3.8,0,40,10,F,20,A,A,B,C,B
4004,39694.0,22.5,0,0,0,F,20,A,A,B,C,B
4004,39695.0,18.0,0,0,0,M,20,A,A,C,D,B
4004,39696.0,11.3,0,45,0,M,20,A,A,C,D,C
4004,39697.0,8.4,10,10,0,M,20,A,A,C,D,C
4004,39698.0,20.3,0,0,0,M,20,A,A,C,D,C
4004,39699.0,14.3,15,0,40,M,20,A,A,C,D,C
4004,39700.0,23.5,0,0,0,M,20,A,A,C,D,C
4004,39701.0,24.5,55,0,0,M,20,A,A,D,D,C
4004,39702.0,22.5,0,0,0,M,20,A,A,D,D,C
4004,39703.0,8.5,0,0,20,M,20,A,A,D,D,D
4004,39704.0,4.6,0,0,0,M,20,A,A,D,E,D
4004,39705.0,12.5,0,35,0,M,20,A,A,D,E,D
4004,39706.0,2.0,0,0,0,M,20,A,A,D,E,D
4004,39707.0,5.0,0,20,0,M,20,A,A,D,E,D
4004,39708.0,11.3,0,0,0,M,20,A,B,D,E,D
4004,39709.0,0.0,0,30,0,M,20,A,B,E,E,D
4004,39710.0,3.2,50,5,0,M,20,A,D,E,F,E
4004,39711.0,17.0,15,0,20,M,20,A,D,E,F,E
4004,39712.0,22.5,0,0,0,M,20,A,D,E,F,E
4004,39713.0,26.0,50,0,0,M,20,A,D,F,F,E
4004,39714.0,22.5,0,0,0,M,20,A,D,F,F,F
4004,39715.0,22.5,0,0,0,M,20,A,D,F,F,F
4004,39716.0,22.5,0,0,0,M,20,A,D,F,F,F
4004,39717.0,27.5,35,5,0,M,20,B,F,F,F,G
3502,39718.0,18.8,15,0,10,F,20,A,A,A,B,A
3502,39719.0,22.5,0,0,0,F,20,A,A,A,B,A
3502,39720.0,12.1,50,20,0,F,20,A,A,B,B,B
3502,39721.0,4.4,0,0,0,F,20,A,A,B,B,B
3502,39722.0,16.4,40,0,0,F,20,A,A,B,B,B
3502,39723.0,8.5,15,5,0,F,20,A,A,C,C,B
3502,39724.0,21.5,35,45,0,F,20,A,A,D,D,B
3502,39725.0,22.5,0,0,0,F,20,A,A,D,D,B
3502,39726.0,0.0,30,0,0,F,20,A,A,D,D,C
3502,39727.0,13.5,0,30,0,F,20,A,A,D,D,C
3502,39728.0,16.7,0,0,40,F,20,A,A,D,E,C
3502,39729.0,22.5,0,0,0,F,20,A,A,D,E,D
3502,39730.0,22.5,0,0,0,F,20,A,A,D,E,D
3502,39731.0,21.8,0,0,0,F,20,A,B,E,E,D
3502,39732.0,22.5,0,0,0,M,20,B,D,F,F,F
3502,39733.0,15.0,0,20,0,M,20,,,,,
3502,39734.0,9.5,20,10,0,M,20,,,,,
3502,39735.0,15.3,75,30,0,M,20,,,,,
3502,39736.0,10.7,0,50,0,M,20,,,,,
3502,39737.0,25.8,25,25,0,M,20,,,,,
3502,39738.0,15.0,25,5,20,M,20,,,,,
3502,39739.0,22.5,0,0,0,M,20,,,,,
3502,39740.0,17.2,0,35,0,M,20,,,,,
3502,39741.0,15.0,25,15,10,M,20,,,,,
3502,39742.0,22.5,0,0,0,M,20,,,,,
3502,39743.0,17.5,60,40,0,M,20,,,,,
3502,39744.0,22.5,0,0,0,M,20,,,,,
3502,39745.0,33.9,0,0,0,M,20,,,,,
702,39746.0,18.0,0,0,0,F,20,A,A,B,B,B
702,39747.0,15.0,50,0,0,F,20,A,A,B,B,B
702,39748.0,0.0,0,30,0,F,20,A,A,C,C,B
702,39749.0,12.5,10,25,0,F,20,A,A,D,C,B
702,39750.0,13.5,25,10,25,F,20,A,A,D,C,B
702,39751.0,22.5,0,0,0,F,20,A,A,D,D,B
702,39752.0,17.0,55,50,5,F,20,A,A,D,D,C
702,39753.0,18.0,0,0,0,F,20,A,A,D,D,C
702,39754.0,17.0,10,15,10,F,20,A,A,D,D,C
702,39755.0,15.0,0,0,50,F,20,A,A,D,D,C
702,39756.0,14.5,30,15,10,F,20,A,A,D,D,C
702,39757.0,32.4,0,0,0,F,20,A,A,D,D,C
702,39758.0,13.5,0,0,30,M,20,A,A,D,D,D
1501,39759.0,10.5,15,55,10,F,20,A,A,D,E,C
1501,39760.0,22.5,0,0,0,F,20,A,B,D,E,C
1501,39761.0,22.5,0,0,0,F,20,A,B,D,E,C
1501,39762.0,7.5,20,0,80,F,20,A,C,D,E,D
1501,39763.0,11.3,0,75,0,F,20,A,C,D,E,D
1501,39764.0,22.5,0,0,0,M,20,,,,,
1501,39765.0,2.0,10,35,20,M,20,,,,,
1501,39766.0,4.8,0,0,0,M,20,,,,,
1501,39767.0,8.5,0,0,0,M,20,,,,,
1501,39768.0,14.7,35,0,20,M,20,,,,,
1501,39769.0,7.5,0,0,0,M,20,,,,,
1501,39770.0,14.3,25,0,40,M,20,,,,,
1501,39771.0,11.8,0,0,0,M,20,,,,,
1402,39772.0,6.4,0,50,30,F,20,A,A,A,B,A
1402,39773.0,9.9,10,5,0,F,20,A,A,B,B,A
1402,39774.0,8.4,0,0,0,M,20,A,A,B,C,A
1402,39775.0,30.0,20,0,0,M,20,A,A,B,C,B
1402,39776.0,4.2,0,0,0,M,20,A,A,B,C,B
1402,39777.0,14.5,0,50,0,M,20,A,A,C,C,B
1402,39778.0,9.6,25,0,0,M,20,A,A,D,D,B
1402,39779.0,16.5,30,5,10,M,20,A,A,D,D,C
1402,39780.0,17.0,25,0,15,M,20,A,A,D,D,C
1402,39781.0,14.3,25,10,0,M,20,A,A,D,D,C
1402,39782.0,20.8,0,0,0,M,20,A,A,D,D,C
1402,39783.0,21.0,0,0,0,M,20,A,A,D,D,C
1402,39784.0,8.4,0,0,0,M,20,A,B,D,D,C
1402,39785.0,20.2,25,0,0,M,20,A,D,E,D,C
1402,39786.0,10.1,10,45,0,M,20,A,D,E,E,C
1402,39787.0,7.5,0,0,30,M,20,A,D,E,E,D
3002,39788.0,5.0,0,0,0,F,20,A,A,A,A,A
3002,39789.0,4.4,30,20,0,F,20,A,A,A,B,A
3002,39790.0,0.0,0,0,5,F,20,A,A,A,B,B
3002,39791.0,15.0,0,0,55,F,20,A,A,B,B,B
3002,39792.0,12.9,0,35,0,F,20,A,A,B,B,B
3002,39793.0,0.0,0,5,0,F,20,A,A,B,B,B
3002,39794.0,7.5,30,0,0,F,20,A,A,B,C,B
3002,39795.0,7.5,45,60,0,F,20,A,A,B,C,B
3002,39796.0,9.5,10,70,10,F,20,A,A,C,C,B
3002,39797.0,11.9,0,0,0,F,20,A,A,C,C,B
3002,39798.0,22.6,0,15,50,F,20,A,A,C,C,B
3002,39799.0,18.4,0,0,0,F,20,A,A,C,C,B
3002,39800.0,0.0,0,5,0,M,20,A,A,D,D,B
3002,39801.0,18.6,0,0,0,M,20,A,A,D,D,C
3002,39802.0,17.0,0,10,0,M,20,A,B,D,D,C
3002,39803.0,4.8,0,0,0,M,20,B,D,E,F,D
3002,39804.0,23.4,25,30,0,M,20,C,D,E,F,D
3002,39805.0,7.5,40,65,0,M,36,D,D,E,F,E
3002,39806.0,19.3,0,0,25,M,20,,,,,
3002,39807.0,13.6,0,0,40,M,20,,,,,
3002,39808.0,11.9,0,0,0,M,20,,,,,
1602,39809.0,22.0,0,0,0,F,20,A,A,C,D,B
1602,39810.0,7.5,0,20,10,F,20,A,A,C,D,B
1602,39811.0,8.5,0,0,0,F,20,A,A,C,D,B
1602,39812.0,11.9,30,45,0,F,20,A,A,C,D,B
1602,39813.0,7.5,55,40,10,F,20,A,A,C,D,B
1602,39814.0,7.5,0,0,30,F,20,A,A,C,D,B
1602,39815.0,10.9,0,0,0,F,20,A,A,D,D,C
1602,39816.0,27.0,15,30,5,F,20,A,A,D,D,C
1602,39817.0,22.5,0,0,0,F,20,A,A,D,D,C
1602,39818.0,23.5,0,0,0,F,20,A,A,D,E,C
1602,39819.0,14.5,0,30,0,F,20,A,A,D,E,C
1602,39820.0,9.0,0,0,0,M,20,A,A,D,E,C
1602,39821.0,22.5,0,0,0,M,20,A,A,D,E,C
1602,39822.0,10.9,0,0,0,M,20,A,A,D,E,D
1602,39823.0,18.2,0,20,0,M,20,A,A,D,E,D
1602,39824.0,15.0,0,25,0,M,20,A,A,D,E,D
1602,39825.0,21.4,0,0,0,M,20,A,B,E,E,D
1602,39826.0,9.0,0,0,0,M,20,A,B,E,E,D
1602,39827.0,19.0,0,0,0,M,20,A,B,E,F,D
1602,39828.0,15.9,10,30,10,M,20,A,D,E,F,E
1602,39829.0,21.2,0,0,0,M,20,A,D,E,F,E
1602,39830.0,10.5,25,15,15,M,20,A,D,E,F,E
1602,39831.0,9.1,0,0,0,M,20,A,D,E,F,E
1602,39832.0,7.5,0,0,50,M,20,A,D,E,F,F
1602,39833.0,22.5,40,0,40,M,20,A,D,F,F,F
1602,39834.0,22.5,0,0,0,M,20,A,F,F,F,F
1602,39835.0,13.9,0,0,0,M,20,A,F,F,F,G
5402,39836.0,17.2,0,20,0,F,20,A,A,A,B,A
5402,39837.0,10.5,30,0,0,F,20,A,A,C,D,B
5402,39838.0,18.8,0,0,0,F,20,A,A,C,D,C
5402,39839.0,13.3,35,20,10,F,20,A,A,C,D,C
5402,39840.0,12.7,50,0,20,F,20,A,A,D,D,C
5402,39841.0,1.0,0,0,0,F,20,A,A,D,D,C
5402,39842.0,30.0,30,0,0,F,20,A,A,D,D,C
5402,39843.0,10.1,15,0,0,F,20,A,A,D,D,C
5402,39844.0,14.5,0,30,0,F,20,A,A,E,D,C
5402,39845.0,1.0,0,0,0,F,20,A,A,E,E,C
5402,39846.0,15.0,0,0,0,F,20,A,B,E,E,D
5402,39847.0,18.7,0,25,0,F,20,A,B,E,E,D
5402,39848.0,5.4,0,0,0,F,20,A,B,E,F,D
5402,39849.0,10.0,15,0,0,F,20,A,B,F,F,E
5402,39850.0,9.9,25,0,0,F,20,C,D,F,F,E
5402,39851.0,7.2,0,0,0,F,20,E,D,F,F,F
5402,39852.0,17.3,10,0,30,M,20,,,,,
5402,39853.0,1.0,0,0,0,M,20,,,,,
2402,39854.0,11.5,15,45,20,F,20,A,A,B,A,A
2402,39855.0,8.5,10,15,0,F,20,A,A,B,B,A
2402,39856.0,9.1,0,0,0,F,20,A,A,B,B,A
2402,39857.0,1.0,0,0,0,F,20,A,A,B,B,A
2402,39858.0,16.3,0,15,0,F,20,A,A,B,B,A
2402,39859.0,16.0,30,0,20,F,20,A,A,B,B,A
2402,39860.0,16.0,0,50,0,F,20,A,A,B,B,A
2402,39861.0,22.5,30,50,0,F,20,A,A,B,B,A
2402,39862.0,22.0,0,5,5,F,20,A,A,C,C,B
2402,39863.0,6.4,30,0,10,F,20,A,A,C,C,B
2402,39864.0,12.1,35,30,10,F,20,A,A,C,C,B
2402,39865.0,7.5,0,0,0,F,20,A,A,C,C,B
2402,39866.0,22.8,0,0,0,F,20,A,A,C,C,B
2402,39867.0,2.4,15,40,15,F,20,A,A,C,C,B
2402,39868.0,7.5,0,25,0,F,20,A,A,C,C,B
2402,39869.0,7.5,0,0,0,F,20,A,A,C,D,B
2402,39870.0,24.2,75,0,0,F,20,A,A,D,D,B
2402,39871.0,1.6,0,0,0,F,20,A,A,D,D,B
2402,39872.0,2.6,60,0,10,F,20,A,A,D,D,B
2402,39873.0,7.5,0,0,0,F,20,A,A,D,D,B
2402,39874.0,7.5,0,0,0,F,20,A,A,D,D,B
2402,39875.0,5.6,80,50,65,F,20,A,A,D,D,B
2402,39876.0,5.8,0,0,0,F,20,A,A,D,D,B
2402,39877.0,9.5,0,0,0,F,20,A,A,D,D,B
2402,39878.0,7.5,0,0,0,F,20,A,A,D,D,B
2402,39879.0,7.5,0,0,0,F,20,A,A,D,D,B
2402,39880.0,7.5,0,0,0,F,20,A,A,D,D,B
2402,39881.0,9.5,20,0,0,F,20,A,A,D,D,B
2402,39882.0,1.4,0,0,0,F,20,A,A,D,D,B
2402,39883.0,5.6,0,0,0,M,20,A,A,D,D,C
2402,39884.0,7.5,0,0,0,M,20,A,A,D,D,C
2402,39885.0,19.2,0,0,0,M,20,A,A,D,D,C
2402,39886.0,22.5,0,35,30,M,20,A,A,D,D,C
2402,39887.0,12.3,20,10,25,M,20,A,A,D,D,C
2402,39888.0,20.6,10,0,10,M,20,A,A,D,D,C
2402,39889.0,17.0,0,0,15,M,20,A,A,D,D,C
2402,39890.0,0.0,0,0,10,M,20,A,A,D,D,C
2402,39891.0,9.5,0,0,0,M,20,A,A,D,E,C
2402,39892.0,7.5,0,0,0,M,20,A,A,E,E,C
2402,39893.0,23.0,0,0,0,M,20,A,A,E,E,C
2402,39894.0,8.6,35,35,30,M,20,A,A,E,E,C
2402,39895.0,24.2,70,0,0,M,20,A,B,E,E,C
2402,39896.0,7.5,0,0,0,M,20,A,B,E,E,D
2402,39897.0,11.3,0,0,0,M,20,A,B,E,E,D
2402,39898.0,7.5,0,0,0,M,20,A,B,E,E,D
2402,39899.0,27.5,50,0,0,M,20,A,B,E,E,D
2402,39900.0,19.2,0,0,0,M,20,A,B,E,E,D
2402,39901.0,9.4,0,0,0,M,20,A,C,E,F,D
2402,39902.0,14.1,0,40,10,M,20,A,D,E,F,D
2402,39903.0,30.0,0,25,0,M,20,A,D,E,F,E
2402,39904.0,11.9,30,60,0,M,20,A,D,E,F,E
2402,39905.0,19.4,0,0,0,M,20,A,D,E,F,E
2402,39906.0,11.1,0,0,0,M,20,A,D,E,F,E
2402,39907.0,7.5,5,15,15,M,20,A,D,E,F,E
2402,39908.0,14.9,35,0,0,M,20,A,D,E,F,E
2402,39909.0,7.5,0,0,0,M,20,A,D,E,F,E
2402,39910.0,7.5,0,0,0,M,20,A,D,E,F,E
2402,39911.0,19.0,0,0,25,M,20,A,D,F,F,E
2402,39912.0,9.5,0,0,0,M,20,A,D,F,F,E
2402,39913.0,7.5,0,0,0,M,20,B,D,F,F,F
2402,39914.0,7.5,0,0,0,M,20,C,D,F,F,F
2402,39915.0,7.5,0,0,0,M,20,E,D,F,F,F
2402,39916.0,7.5,0,0,0,M,20,,,,,
2402,39917.0,7.5,0,0,0,M,20,,,,,
2402,39918.0,19.1,0,0,0,M,20,,,,,
2402,39919.0,7.5,35,0,0,M,20,,,,,
2402,39920.0,17.0,0,15,30,M,20,,,,,
2402,39921.0,12.1,5,0,0,M,20,,,,,
2402,39922.0,14.9,15,25,20,M,20,,,,,
2402,39923.0,7.5,10,10,15,M,20,,,,,
2402,39924.0,17.0,15,30,0,M,20,,,,,
2402,39925.0,23.8,0,0,0,M,20,,,,,
2402,39926.0,0.0,0,10,0,M,20,,,,,
2402,39927.0,9.5,0,0,0,M,20,,,,,
2402,39928.0,5.6,0,0,0,M,20,,,,,
2402,39929.0,3.8,0,60,0,M,20,,,,,
2402,39930.0,9.5,0,0,0,M,20,,,,,
2402,39931.0,0.0,70,15,0,M,20,,,,,
2402,39932.0,10.1,40,45,5,M,20,,,,,
2402,39933.0,7.5,35,0,0,M,20,,,,,
2402,39934.0,17.0,20,0,25,M,20,,,,,
2402,39935.0,7.5,0,0,0,M,20,,,,,
2402,39936.0,13.3,40,30,0,M,20,,,,,
2402,39937.0,7.5,0,0,0,M,20,,,,,
4004,39938.0,19.2,0,0,0,M,20,A,A,D,D,B
4004,39939.0,5.8,30,45,15,M,20,A,A,D,D,B
4004,39940.0,7.5,0,0,0,M,20,A,A,D,D,B
4004,39941.0,9.5,35,30,0,M,20,A,A,D,D,B
4004,39942.0,0.0,0,10,0,M,20,A,A,D,D,C
4004,39943.0,0.0,30,15,40,M,20,A,A,D,E,C
4004,39944.0,7.5,0,0,0,M,20,A,A,D,E,C
4004,39945.0,9.5,0,0,0,M,20,A,A,E,E,C
4004,39946.0,21.0,25,0,0,M,20,A,A,E,E,C
4004,39947.0,31.0,0,10,0,M,20,A,A,E,E,D
4004,39948.0,23.3,0,45,15,M,20,A,A,E,E,D
4004,39949.0,15.1,80,20,15,M,20,A,A,E,E,D
4004,39950.0,19.4,0,0,0,M,20,A,A,E,E,D
4004,39951.0,7.5,0,0,0,M,20,A,A,E,E,D
4004,39952.0,4.8,0,30,0,M,20,A,A,E,E,D
4004,39953.0,0.0,10,0,0,M,20,A,A,E,E,D
4004,39954.0,11.8,50,0,30,M,20,A,A,E,E,E
4004,39955.0,0.0,0,0,10,M,20,A,C,E,E,E
4004,39956.0,7.5,15,0,20,M,20,A,D,E,F,E
4004,39957.0,18.4,15,0,20,M,20,A,D,E,F,F
4004,39958.0,21.6,0,0,0,M,20,A,D,E,F,F
4004,39959.0,14.5,55,0,0,M,20,A,F,F,F,F
4004,39960.0,11.9,0,0,5,M,20,A,F,F,F,F
4004,39961.0,28.3,20,5,20,M,20,,,,,
3202,39962.0,19.6,0,15,0,F,20,A,A,B,B,A
3202,39963.0,7.5,0,0,0,F,20,A,A,B,B,B
3202,39964.0,14.6,10,60,50,F,20,A,A,B,B,B
3202,39965.0,0.0,0,0,10,F,20,A,A,B,C,B
3202,39966.0,12.5,0,0,0,F,20,A,A,B,C,B
3202,39967.0,1.6,0,0,0,F,20,A,A,B,C,B
3202,39968.0,17.0,50,65,5,F,20,A,A,B,C,B
3202,39969.0,12.7,0,0,0,F,20,A,A,C,C,B
3202,39970.0,7.0,10,0,30,M,20,A,A,C,D,B
3202,39971.0,0.0,0,0,10,M,20,A,A,C,D,B
3202,39972.0,2.0,0,0,0,M,20,A,A,C,D,B
3202,39973.0,10.9,15,0,0,M,20,A,A,C,D,B
3202,39974.0,17.9,0,20,0,M,20,A,A,C,E,C
3202,39975.0,2.0,0,0,0,M,20,A,A,D,E,C
3202,39976.0,17.4,0,30,0,M,20,A,A,D,E,C
3202,39977.0,18.0,75,25,0,M,20,A,A,D,E,C
3202,39978.0,19.8,30,0,0,M,20,A,A,D,E,C
3202,39979.0,22.2,0,0,0,M,20,A,B,D,E,C
3202,39980.0,4.0,70,45,20,M,20,B,B,D,E,C
3202,39981.0,3.6,0,0,0,M,20,C,C,D,E,D
3202,39982.0,21.0,0,0,0,M,20,E,C,E,F,D
3202,39983.0,7.5,0,40,0,M,20,E,D,E,F,D
3202,39984.0,17.1,0,25,0,M,20,E,D,F,F,E
3202,39985.0,22.0,0,0,0,M,20,E,F,F,F,E
4301,39986.0,8.5,5,5,20,F,20,A,A,A,A,A
4301,39987.0,24.1,0,0,0,F,20,A,A,C,C,B
4301,39988.0,10.9,15,0,0,F,20,A,A,D,C,B
4301,39989.0,15.0,30,30,0,M,20,A,A,D,D,B
4301,39990.0,17.5,30,0,0,M,20,A,B,E,D,D
4301,39991.0,33.4,0,0,0,M,20,A,B,E,E,D
4301,39992.0,0.0,0,0,0,M,20,A,C,E,E,E
4301,39993.0,11.5,0,0,0,M,20,B,D,E,E,E
4301,39994.0,0.0,0,0,0,M,20,B,D,E,E,F
4301,39995.0,34.9,0,0,0,M,20,B,D,E,F,F
4301,39996.0,0.0,0,0,0,M,20,B,F,F,F,F
3202,39997.0,16.0,30,0,25,M,20,,,,,
2001,39998.0,27.3,0,50,0,F,20,A,A,A,A,A
2001,39999.0,7.5,0,30,50,F,20,A,A,A,B,A
2001,40000.0,20.8,0,0,0,F,20,A,A,D,D,D
2001,40001.0,0.0,0,0,0,F,20,A,A,D,D,D
2001,40002.0,30.9,30,0,0,F,20,A,A,D,D,D
2001,40003.0,18.6,20,15,0,F,20,A,A,D,D,D
2001,40004.0,7.5,70,30,10,F,20,A,A,D,D,D
2001,40005.0,6.4,20,15,10,F,20,A,A,D,D,D
2001,40006.0,15.5,55,30,30,F,20,A,A,D,D,D
2001,40007.0,15.0,0,30,0,F,20,A,A,D,D,D
2001,40008.0,5.0,35,10,10,F,20,A,A,D,D,D
2001,40009.0,12.8,50,90,10,F,20,A,A,D,D,D
2001,40010.0,7.5,20,15,5,F,20,A,A,D,D,D
2001,40011.0,19.4,25,0,0,F,20,A,A,D,D,D
2001,40012.0,7.5,20,0,20,F,20,A,A,D,D,D
2001,40013.0,18.6,0,25,0,F,20,A,A,D,D,D
2001,40014.0,13.1,0,0,0,F,20,A,A,D,E,D
2001,40015.0,0.0,0,0,0,F,20,A,A,D,E,D
2001,40016.0,16.0,30,5,20,F,20,A,A,D,E,D
2001,40017.0,8.5,30,0,0,F,20,A,A,D,E,D
2001,40018.0,20.7,20,0,5,F,20,A,A,D,E,E
2001,40019.0,8.1,10,0,0,F,20,A,A,D,E,E
2001,40020.0,9.9,0,0,0,F,20,B,A,D,E,E
2001,40021.0,8.0,20,10,5,F,20,B,A,D,E,E
2001,40022.0,16.0,10,45,0,F,20,B,A,D,E,E
2001,40023.0,2.0,40,30,5,F,20,B,B,E,F,E
2001,40024.0,7.5,0,40,0,F,20,B,B,E,F,E
2001,40025.0,10.5,40,50,0,F,20,B,B,E,F,E
2001,40026.0,22.5,0,0,10,F,20,B,C,E,F,E
2001,40027.0,11.5,40,45,0,F,20,B,C,E,F,E
2001,40028.0,8.4,0,20,10,F,20,B,D,E,F,E
2001,40029.0,2.0,0,0,0,F,20,B,D,E,F,E
2001,40030.0,7.5,0,0,0,F,20,B,D,E,F,E
2001,40031.0,6.4,0,0,0,F,20,B,D,E,F,E
2001,40032.0,22.5,0,0,0,F,20,B,D,E,F,F
2001,40033.0,18.7,25,0,0,F,20,B,D,E,F,F
2001,40034.0,4.6,20,0,40,F,20,B,D,F,F,F
2001,40035.0,9.4,30,45,25,F,20,D,F,F,F,F
2001,40036.0,13.5,50,15,10,M,20,E,F,F,F,F
3502,40037.0,22.5,0,0,0,F,20,A,A,A,B,A
3502,40038.0,22.5,0,0,0,F,20,A,A,B,B,A
3502,40039.0,32.8,0,0,20,F,20,A,A,B,B,B
3502,40040.0,7.5,50,0,65,F,20,A,A,B,B,B
3502,40041.0,5.4,30,0,25,F,20,A,A,B,C,B
3502,40042.0,15.0,0,0,0,F,20,A,A,B,C,B
3502,40043.0,22.5,0,0,0,F,20,A,A,B,C,B
3502,40044.0,5.6,0,20,10,F,20,A,A,C,C,B
3502,40045.0,16.5,20,35,0,M,20,A,A,C,C,B
3502,40046.0,22.5,0,0,0,M,20,A,A,C,D,B
3502,40047.0,7.5,50,0,65,M,20,A,A,C,D,B
3502,40048.0,8.5,0,0,0,M,20,A,A,C,D,B
3502,40049.0,2.2,0,0,0,M,20,A,A,C,D,B
3502,40050.0,22.5,0,0,0,M,20,A,A,C,D,B
3502,40051.0,22.5,0,0,0,M,20,A,A,C,D,B
3502,40052.0,22.5,0,0,0,M,20,A,B,D,D,C
3502,40053.0,22.5,0,0,0,M,20,A,D,D,D,C
3502,40054.0,22.5,0,0,0,M,20,A,D,D,D,C
3502,40055.0,10.1,0,0,0,M,20,,,,,
702,40056.0,17.2,20,20,10,F,20,A,A,A,A,B
702,40057.0,18.1,20,5,20,F,20,A,A,B,B,B
702,40058.0,15.0,0,0,0,F,20,A,A,B,B,B
702,40059.0,7.8,40,0,0,F,20,A,A,B,B,B
702,40060.0,15.0,0,0,0,F,20,A,A,B,B,B
702,40061.0,22.5,0,0,0,F,20,A,A,C,C,B
702,40062.0,22.5,0,0,0,F,20,A,A,C,C,C
702,40063.0,17.0,0,20,0,F,20,A,A,C,C,C
702,40064.0,30.9,0,25,0,F,20,A,A,C,C,C
702,40065.0,22.5,0,0,0,F,20,A,A,C,C,C
702,40066.0,8.5,10,0,25,M,20,A,A,D,C,C
702,40067.0,22.5,0,0,0,M,20,A,A,D,D,C
702,40068.0,8.2,100,80,5,M,20,A,A,D,D,D
702,40069.0,4.2,0,0,0,M,20,A,A,D,D,D
702,40070.0,15.0,0,0,0,M,20,A,A,D,E,D
702,40071.0,15.0,0,0,0,M,20,A,A,D,E,D
702,40072.0,20.0,0,0,0,M,20,A,A,D,E,D
702,40073.0,26.5,0,0,0,M,20,A,D,E,F,E
1601,40074.0,15.0,0,0,0,F,20,A,A,B,B,A
1601,40075.0,22.5,0,0,0,F,20,A,A,B,B,A
1601,40076.0,22.5,0,0,0,F,20,A,A,C,D,B
1601,40077.0,22.5,0,0,0,F,20,A,A,C,D,B
1601,40078.0,22.5,0,0,0,F,20,A,A,C,D,B
1601,40079.0,18.9,0,25,0,F,20,A,A,D,D,C
1601,40080.0,10.1,0,0,0,F,20,A,A,D,D,C
1601,40081.0,22.5,0,0,0,F,20,A,A,D,D,C
1601,40082.0,17.2,10,0,40,F,20,A,A,D,E,D
1601,40083.0,13.9,20,0,50,F,20,A,A,D,E,D
1601,40084.0,18.6,15,25,0,F,20,A,A,E,E,D
1601,40085.0,9.1,20,10,0,F,20,A,A,E,E,E
1601,40086.0,21.4,25,50,20,F,20,A,A,F,E,E
1601,40087.0,12.3,10,0,0,M,20,A,A,F,F,E
1601,40088.0,28.2,30,10,10,M,20,A,A,F,F,E
1601,40089.0,29.2,25,0,0,M,20,A,A,F,F,E
1601,40090.0,13.1,0,45,0,M,20,A,A,F,F,F
1601,40091.0,6.4,0,0,0,M,20,A,A,F,F,F
4004,40092.0,22.5,0,0,0,F,20,A,A,B,C,B
4004,40093.0,6.6,30,45,15,M,20,A,A,B,D,D
4004,40094.0,19.1,5,15,15,M,20,A,A,C,D,D
4004,40095.0,22.5,0,0,0,M,20,A,A,C,D,D
4004,40096.0,15.0,0,0,0,M,20,A,A,D,D,D
4004,40097.0,20.0,0,0,0,M,20,A,A,D,D,E
4004,40098.0,8.5,0,0,0,M,20,A,A,D,D,E
4004,40099.0,18.0,25,5,15,M,20,A,A,D,D,E
4004,40100.0,13.9,10,30,0,M,20,A,A,D,D,E
4004,40101.0,22.5,0,0,0,M,20,A,A,D,E,E
4004,40102.0,22.5,0,0,0,M,20,A,A,D,E,E
4004,40103.0,20.0,0,0,0,M,20,A,A,E,E,E
4004,40104.0,14.9,0,50,0,M,20,A,A,E,E,E
4004,40105.0,18.6,10,0,30,M,20,A,A,E,E,E
4004,40106.0,10.3,10,0,10,M,20,A,A,E,E,E
4004,40107.0,22.5,0,0,0,M,20,A,A,E,E,F
4004,40108.0,22.5,0,0,0,M,20,A,A,E,E,F
4004,40109.0,7.2,0,70,15,M,20,A,A,E,E,F
4004,40110.0,8.5,30,45,0,M,20,A,A,E,E,F
4004,40111.0,4.2,75,30,0,M,20,A,A,E,E,F
4004,40112.0,22.5,0,0,0,M,20,A,A,E,E,F
4004,40113.0,22.6,0,0,0,M,20,A,A,E,E,F
4004,40114.0,10.1,0,0,0,M,20,A,A,E,E,F
4004,40115.0,11.3,10,5,0,M,20,A,B,F,F,F
4004,40116.0,22.5,0,0,0,M,20,A,C,F,F,F
4004,40117.0,22.5,0,0,0,M,20,A,C,F,F,G
4004,40118.0,22.5,0,0,0,M,20,A,C,F,F,G
4004,40119.0,22.5,0,0,0,M,20,A,C,F,F,G
4004,40120.0,22.5,0,0,0,M,20,A,D,F,F,G
4004,40121.0,22.5,0,0,0,M,20,A,F,F,F,G
4004,40122.0,22.5,0,0,0,M,20,,,,,
4004,40123.0,10.3,20,0,0,M,20,,,,,
4004,40124.0,27.4,10,35,10,M,20,,,,,
4004,40125.0,16.0,0,0,30,M,20,,,,,
3202,40126.0,8.8,0,0,0,F,20,A,A,B,B,A
3202,40127.0,8.8,0,0,0,F,20,A,A,B,B,A
3202,40128.0,17.6,0,50,0,F,20,A,A,B,D,B
3202,40129.0,1.0,0,40,0,F,20,A,A,D,D,B
3202,40130.0,17.3,30,0,20,M,20,A,B,D,D,B
3202,40131.0,25.1,0,0,0,M,20,A,B,D,D,B
3202,40132.0,27.8,50,30,50,M,20,A,D,D,D,B
3202,40133.0,16.7,0,15,25,M,20,A,D,D,D,B
3202,40134.0,5.6,20,10,25,M,20,A,D,D,E,C
3202,40135.0,33.2,0,0,10,M,20,C,D,E,F,D
2001,40136.0,10.5,0,0,0,F,20,A,A,B,B,A
2001,40137.0,22.9,0,0,0,F,20,A,A,B,B,A
2001,40138.0,10.5,0,0,0,F,20,A,B,C,C,A
2001,40139.0,10.5,0,0,0,F,20,A,D,C,C,A
2001,40140.0,22.8,0,0,0,F,20,A,D,C,D,A
2001,40141.0,2.6,55,0,0,F,20,A,D,C,D,A
2001,40142.0,23.9,0,0,0,F,20,A,D,D,D,B
2001,40143.0,10.1,0,55,15,F,20,A,D,D,D,B
2001,40144.0,11.5,0,60,0,F,20,B,D,D,D,B
2001,40145.0,10.5,0,0,0,F,20,B,D,D,E,B
2001,40146.0,12.3,0,0,0,F,20,B,D,D,E,B
2001,40147.0,11.5,50,35,5,F,20,B,D,D,E,B
2001,40148.0,12.7,10,0,0,F,20,B,D,D,E,C
2001,40149.0,8.4,0,15,0,F,20,E,F,F,F,D
2001,40150.0,11.4,100,0,65,F,20,,,,,
2402,40151.0,20.4,0,0,0,F,20,A,A,A,B,A
2402,40152.0,35.7,0,0,0,F,20,A,A,B,B,A
2402,40153.0,14.7,55,0,0,F,20,A,A,B,B,A
2402,40154.0,22.7,0,0,0,F,20,A,A,B,B,A
2402,40155.0,12.7,10,0,0,F,20,A,A,B,B,A
2402,40156.0,2.6,0,0,0,F,20,A,A,B,B,A
2402,40157.0,19.4,20,0,15,F,20,A,A,B,B,A
2402,40158.0,23.0,0,15,0,F,20,A,A,B,C,A
2402,40159.0,24.9,0,0,0,F,20,A,A,B,C,A
2402,40160.0,20.4,50,35,20,F,20,A,A,B,C,A
2402,40161.0,17.6,50,0,0,F,20,A,A,B,C,A
2402,40162.0,12.3,40,45,0,F,20,A,A,B,C,A
2402,40163.0,7.0,0,0,0,F,20,A,A,B,C,A
2402,40164.0,18.5,55,30,15,F,20,A,A,C,C,A
2402,40165.0,24.3,55,15,0,F,20,A,A,C,D,A
2402,40166.0,17.0,15,35,5,F,20,A,A,C,D,A
2402,40167.0,2.0,0,5,0,F,20,A,A,C,D,A
2402,40168.0,10.6,60,45,65,F,20,A,A,C,D,A
2402,40169.0,12.9,30,30,20,F,20,A,A,C,D,A
2402,40170.0,16.7,20,15,20,F,20,A,A,C,D,B
2402,40171.0,10.6,0,0,0,F,20,A,A,C,D,B
2402,40172.0,30.8,0,15,10,F,20,A,A,C,D,B
2402,40173.0,25.2,10,30,15,F,20,A,A,C,D,B
2402,40174.0,18.8,15,10,15,F,20,A,A,C,D,B
2402,40175.0,26.5,15,30,20,F,20,A,A,C,D,B
2402,40176.0,22.5,20,35,35,F,20,A,A,C,D,B
2402,40177.0,2.6,0,30,0,F,20,A,A,C,D,B
2402,40178.0,15.0,0,35,0,F,20,A,B,C,D,B
2402,40179.0,22.8,0,0,0,M,20,A,B,C,D,B
2402,40180.0,19.0,0,10,0,M,20,A,B,D,D,B
2402,40181.0,7.5,10,65,0,M,20,A,B,D,D,B
2402,40182.0,15.0,0,65,0,M,20,A,B,D,D,B
2402,40183.0,19.9,20,0,0,M,20,A,B,D,D,B
2402,40184.0,7.2,10,10,25,M,20,A,B,D,D,B
2402,40185.0,8.9,20,0,15,M,20,A,B,D,D,B
2402,40186.0,28.6,20,30,0,M,20,A,B,D,D,B
2402,40187.0,14.9,10,35,20,M,20,A,B,D,D,B
2402,40188.0,9.5,15,5,10,M,20,A,B,D,D,B
2402,40189.0,13.3,0,5,0,M,20,A,C,D,D,B
2402,40190.0,10.6,35,60,0,M,20,A,D,D,D,B
2402,40191.0,15.0,30,5,30,M,20,A,D,D,D,B
2402,40192.0,25.0,0,25,40,M,20,A,D,D,E,B
2402,40193.0,7.5,0,0,0,M,20,A,D,D,E,B
2402,40194.0,7.5,0,0,0,M,20,A,D,D,E,C
2402,40195.0,7.5,0,0,0,M,20,A,D,E,E,C
2402,40196.0,7.5,0,0,0,M,20,A,D,E,E,C
2402,40197.0,7.5,0,0,0,M,20,A,D,E,E,C
2402,40198.0,19.8,15,5,15,M,20,A,D,E,E,D
2402,40199.0,30.3,40,0,0,M,20,A,D,E,E,D
2402,40200.0,7.5,0,0,0,M,20,A,D,E,E,D
2402,40201.0,7.5,0,0,0,M,20,A,D,E,E,D
2402,40202.0,6.0,0,20,0,M,20,A,D,E,E,E
2402,40203.0,7.5,0,0,0,M,20,B,D,E,F,E
702,40204.0,10.9,0,0,0,M,20,A,A,C,D,A
702,40205.0,7.5,0,0,0,M,20,A,A,C,D,A
702,40206.0,7.4,0,0,0,M,20,A,B,C,D,B
702,40207.0,7.5,0,0,0,M,20,A,B,D,D,B
702,40208.0,7.5,0,0,0,M,20,A,B,D,D,B
702,40209.0,7.5,0,0,0,M,20,A,B,D,D,B
702,40210.0,7.5,0,0,0,M,20,A,C,D,D,B
702,40211.0,7.5,0,0,0,M,20,A,D,D,D,B
702,40212.0,7.5,0,0,0,M,20,B,D,D,E,B
702,40213.0,18.4,0,15,0,M,20,B,D,D,E,B
702,40214.0,7.5,0,0,0,M,20,B,D,E,F,B
702,40215.0,7.5,0,0,0,M,20,B,D,E,F,C
702,40216.0,29.7,10,25,10,M,20,B,D,F,F,D
702,40217.0,9.1,0,25,0,M,20,C,D,F,F,E
702,40218.0,7.5,0,0,0,M,20,,,,,
702,40219.0,20.0,0,0,5,M,20,,,,,
702,40220.0,0.6,0,45,0,M,20,,,,,
702,40221.0,14.4,65,45,40,M,20,,,,,
702,40222.0,7.5,0,0,0,M,20,,,,,
1402,40223.0,7.5,0,0,0,F,20,A,A,B,B,B
1402,40224.0,34.0,0,0,0,F,20,A,A,B,B,B
1402,40225.0,7.5,0,0,0,F,20,A,D,C,D,C
1402,40226.0,11.1,0,0,0,F,20,A,D,D,D,C
1402,40227.0,0.0,20,0,0,M,20,A,D,D,E,C
1402,40228.0,19.4,10,25,5,M,20,A,D,D,E,C
1402,40229.0,7.5,0,0,0,M,20,A,D,D,E,E
1402,40230.0,15.6,0,0,0,M,20,A,F,F,F,E
1402,40231.0,37.5,0,0,0,M,20,A,F,F,F,E
1402,40232.0,15.9,0,40,0,M,20,,,,,
4004,40233.0,10.1,0,80,0,F,20,A,A,B,C,A
4004,40234.0,7.5,0,0,0,F,20,A,A,C,D,B
4004,40235.0,7.5,0,0,0,F,20,A,A,C,D,B
4004,40236.0,7.5,55,20,15,F,20,A,A,C,D,B
4004,40237.0,26.4,25,0,40,F,20,A,A,D,D,B
4004,40238.0,7.5,0,0,0,F,20,A,A,D,D,B
4004,40239.0,23.2,0,0,0,F,20,A,A,D,D,B
4004,40240.0,23.4,0,0,0,F,20,A,A,D,D,B
4004,40241.0,7.5,0,0,0,F,20,A,A,D,D,C
4004,40242.0,7.5,25,0,20,M,20,A,A,D,D,C
4004,40243.0,19.8,35,0,0,M,20,A,A,D,D,C
4004,40244.0,7.5,0,0,0,M,20,A,A,D,D,C
4004,40245.0,15.3,100,30,10,M,20,A,A,D,D,C
4004,40246.0,11.1,10,0,10,M,20,A,A,D,D,C
4004,40247.0,0.0,0,0,20,M,20,A,A,D,D,C
4004,40248.0,25.2,0,0,0,M,20,A,A,D,D,C
4004,40249.0,22.5,20,0,0,M,20,A,A,D,D,D
4004,40250.0,12.7,20,60,5,M,20,A,A,D,E,D
4004,40251.0,2.6,0,5,0,M,20,A,A,D,E,D
4004,40252.0,4.2,0,60,10,M,20,A,A,D,E,D
4004,40253.0,22.5,20,0,0,M,20,A,A,D,E,D
4004,40254.0,7.5,0,0,0,M,20,A,A,E,E,D
4004,40255.0,8.5,30,0,10,M,20,A,A,E,E,D
4004,40256.0,21.4,50,30,20,M,20,A,A,E,E,D
4004,40257.0,7.5,0,0,0,M,20,A,A,E,E,D
4004,40258.0,3.2,20,45,10,M,20,A,A,E,E,E
4004,40259.0,8.4,50,0,0,M,20,A,A,E,E,E
4004,40260.0,7.5,0,0,0,M,20,A,A,E,E,E
4004,40261.0,7.5,0,0,0,M,20,A,A,E,E,E
4004,40262.0,15.4,0,35,0,M,20,A,A,E,E,E
4004,40263.0,17.6,0,45,65,M,20,A,A,E,E,E
4004,40264.0,7.5,0,0,0,M,20,A,A,E,E,E
4004,40265.0,7.5,0,0,0,M,20,A,A,E,E,E
4004,40266.0,7.5,0,0,0,M,20,A,A,E,E,E
4004,40267.0,28.8,0,20,20,M,20,A,A,E,E,E
4004,40268.0,7.5,0,0,0,M,20,A,A,E,E,E
4004,40269.0,7.5,0,0,0,M,20,A,D,E,F,F
4004,40270.0,7.5,0,0,0,M,20,A,D,E,F,F
4004,40271.0,7.5,0,0,0,M,20,A,D,E,F,F
4004,40272.0,12.3,35,20,0,M,20,A,D,E,F,F
4004,40273.0,7.5,0,0,0,M,20,A,D,E,F,F
4004,40274.0,7.5,0,0,0,M,20,A,D,E,F,F
4004,40275.0,7.5,0,0,0,M,20,A,D,E,F,F
4004,40276.0,7.5,0,0,0,M,20,A,D,F,F,F
4004,40277.0,7.5,0,0,0,M,20,A,D,F,F,F
4004,40278.0,7.5,0,0,0,M,20,A,D,F,F,F
4004,40279.0,7.5,0,0,0,M,20,A,D,F,F,F
4004,40280.0,3.6,25,0,0,M,20,A,D,F,F,F
4004,40281.0,18.0,0,20,0,M,20,A,D,F,F,F
4004,40282.0,7.5,0,0,0,M,20,A,D,F,F,F
4004,40283.0,7.5,0,0,0,M,20,A,D,F,F,F
4004,40284.0,8.5,10,30,0,M,20,A,F,F,F,F
4004,40285.0,7.5,0,0,0,M,20,,,,,
1502,40286.0,7.5,0,0,0,F,20,A,A,C,C,B
1502,40287.0,34.0,0,0,0,F,20,A,A,C,C,B
1502,40288.0,7.5,0,0,0,F,20,A,A,D,D,B
1502,40289.0,7.5,0,0,0,F,20,A,B,D,D,B
1502,40290.0,17.7,15,15,20,F,20,A,D,D,D,B
1502,40291.0,7.5,20,25,0,F,20,A,D,D,D,B
1502,40292.0,11.3,0,0,20,M,20,A,D,D,D,B
1502,40293.0,7.8,25,0,20,M,20,A,D,D,D,C
1502,40294.0,7.5,0,0,0,M,20,A,D,D,D,C
1502,40295.0,7.5,0,0,0,M,20,A,D,D,D,C
1502,40296.0,7.5,0,0,0,M,20,A,D,E,E,C
1502,40297.0,7.5,0,0,0,M,20,B,D,E,F,E
1502,40298.0,7.5,0,0,0,M,20,B,D,F,F,E
1502,40299.0,7.5,0,0,0,M,20,B,D,F,F,F
1502,40300.0,7.5,0,0,0,M,20,,,,,
1602,40301.0,8.5,0,0,40,F,20,A,A,A,B,A
1602,40302.0,7.5,0,0,0,F,20,A,B,D,D,B
1602,40303.0,7.5,0,0,0,F,20,A,B,D,D,B
1602,40304.0,7.5,0,0,0,F,20,A,D,E,D,B
1602,40305.0,7.5,0,0,0,F,20,A,D,E,E,C
1602,40306.0,7.5,0,0,0,F,20,A,D,E,E,D
1602,40307.0,7.5,0,0,0,M,20,A,D,E,E,D
1602,40308.0,7.5,0,0,0,M,20,A,D,F,E,E
1602,40309.0,3.0,0,0,0,M,20,,,,,
1602,40310.0,17.0,0,0,0,M,20,,,,,
3001,40311.0,7.5,0,0,0,F,20,A,A,A,A,A
3001,40312.0,7.5,0,0,0,F,20,A,A,B,B,A
3001,40313.0,7.5,0,0,0,F,20,A,A,B,B,A
3001,40314.0,34.0,0,0,0,M,20,A,A,B,B,B
3001,40315.0,7.5,0,0,0,M,20,A,A,C,C,B
3001,40316.0,7.5,0,35,10,M,20,A,A,C,C,B
3001,40317.0,24.5,5,0,0,M,20,A,A,D,D,B
3001,40318.0,1.6,10,0,0,M,20,A,A,D,D,C
3001,40319.0,19.8,25,0,10,M,20,A,A,D,D,C
3001,40320.0,11.1,20,0,0,M,20,A,A,D,E,C
3001,40321.0,20.1,10,80,20,M,20,A,A,D,E,D
3001,40322.0,10.7,15,10,0,M,20,E,F,F,F,D
3001,40323.0,0.0,30,35,30,M,20,,,,,
2402,40324.0,3.6,0,0,0,F,20,A,A,B,B,A
2402,40325.0,1.0,0,0,0,F,20,A,A,B,B,A
2402,40326.0,22.5,0,0,0,F,20,A,A,B,B,B
2402,40327.0,22.5,0,0,0,F,20,A,A,B,B,B
2402,40328.0,13.2,40,0,45,F,20,A,A,B,B,B
2402,40329.0,5.8,0,10,0,M,20,A,A,B,C,B
2402,40330.0,17.2,0,0,0,M,20,A,A,C,D,B
2402,40331.0,22.5,0,0,0,M,20,A,A,C,D,B
2402,40332.0,22.5,0,0,0,M,20,A,B,C,D,B
2402,40333.0,14.5,0,0,0,M,20,A,D,D,D,C
2402,40334.0,11.2,0,0,0,M,20,A,D,D,D,C
2402,40335.0,31.9,0,20,0,M,20,A,D,D,E,E
702,40336.0,18.1,0,20,0,F,20,A,A,B,B,A
702,40337.0,23.5,0,0,0,F,20,A,A,B,B,B
702,40338.0,31.0,0,40,0,F,20,A,A,B,B,B
702,40339.0,32.7,0,25,0,M,20,B,A,C,C,B
702,40340.0,21.0,0,25,0,M,20,B,A,C,C,B
702,40341.0,16.7,60,0,0,M,20,B,A,C,C,B
702,40342.0,10.9,15,0,10,M,20,B,A,D,C,B
702,40343.0,6.4,75,25,0,M,20,B,B,D,D,B
702,40344.0,22.5,0,0,0,M,20,C,B,D,E,C
702,40345.0,12.4,0,15,50,M,20,D,F,E,E,C
904,40346.0,19.2,0,30,0,F,20,A,A,B,B,A
904,40347.0,5.2,75,30,0,F,20,A,A,B,B,A
904,40348.0,47.8,0,0,0,F,20,A,A,B,B,A
904,40349.0,0.0,15,55,30,F,20,A,A,B,B,A
904,40350.0,10.1,10,20,0,F,20,A,A,B,C,A
904,40351.0,3.6,0,0,0,F,20,A,A,C,C,A
904,40352.0,16.3,0,0,0,F,20,A,A,C,C,A
904,40353.0,23.8,0,0,0,F,20,A,A,C,C,B
904,40354.0,23.8,0,0,0,F,20,A,A,C,C,B
904,40355.0,45.7,0,15,0,F,20,A,A,C,D,B
904,40356.0,23.8,0,0,0,F,20,A,A,C,D,B
904,40357.0,11.5,0,0,0,F,20,A,A,D,D,B
904,40358.0,7.5,0,0,15,F,20,A,A,D,D,B
904,40359.0,33.9,10,0,10,F,20,A,A,D,D,B
904,40360.0,12.3,10,60,20,F,20,B,A,D,D,B
904,40361.0,19.6,25,5,10,F,20,B,A,D,D,C
904,40362.0,16.1,0,0,0,F,20,B,A,E,D,C
904,40363.0,10.3,0,0,30,M,20,B,A,E,D,C
904,40364.0,13.1,50,10,25,M,20,E,A,E,E,D
904,40365.0,14.7,30,45,0,M,20,E,B,E,E,D
904,40366.0,2.2,10,0,0,M,20,E,B,E,E,D
904,40367.0,15.4,20,45,5,M,20,E,D,E,E,D
904,40368.0,12.5,0,15,0,M,20,E,D,F,E,E
904,40369.0,11.1,20,5,0,M,20,,,,,
904,40370.0,22.5,0,0,0,M,20,,,,,
2501,40371.0,4.6,0,20,0,F,20,A,A,A,A,A
2501,40372.0,13.5,10,0,0,F,20,A,A,B,A,A
2501,40373.0,13.5,0,0,10,F,20,A,A,B,B,A
2501,40374.0,0.0,50,45,5,F,20,A,A,B,B,A
2501,40375.0,13.3,0,0,0,F,20,A,A,C,B,A
2501,40376.0,9.5,20,15,0,F,20,A,A,C,C,A
2501,40377.0,2.4,0,35,0,M,20,,,,,
905,40378.0,7.8,0,0,0,F,20,A,A,B,B,A
905,40379.0,9.5,0,0,0,F,20,A,A,B,B,A
905,40380.0,16.0,10,15,40,F,20,A,A,B,C,A
905,40381.0,11.3,0,0,0,M,20,B,D,F,F,E
905,40382.0,11.2,0,0,0,M,20,,,,,
906,40383.0,9.6,0,25,0,F,20,A,A,A,A,A
906,40384.0,23.0,0,60,15,F,20,A,A,A,B,A
906,40385.0,14.5,30,45,0,F,20,A,A,A,B,A
906,40386.0,21.8,90,0,10,F,20,A,A,B,B,A
906,40387.0,16.0,0,0,0,F,20,A,A,B,B,A
906,40388.0,21.4,90,0,15,F,20,A,A,B,B,B
906,40389.0,1.6,0,0,0,F,20,A,A,B,B,B
906,40390.0,11.5,0,0,0,M,20,B,A,D,D,C
906,40391.0,5.4,15,0,0,M,20,E,D,E,F,E
2402,40392.0,12.1,25,0,0,F,20,A,A,A,B,A
2402,40393.0,8.9,30,0,10,F,20,A,A,A,B,A
2402,40394.0,9.1,15,5,20,F,20,A,A,B,B,A
2402,40395.0,0.0,20,0,5,F,20,A,A,B,C,B
2402,40396.0,17.6,20,5,30,F,20,A,A,C,C,B
2402,40397.0,19.7,20,75,20,F,20,A,A,C,C,B
2402,40398.0,6.6,20,25,10,F,20,A,A,C,C,B
2402,40399.0,0.0,25,0,0,F,20,A,A,C,C,B
2402,40400.0,11.1,25,0,0,F,20,A,A,C,C,B
2402,40401.0,10.1,0,0,0,F,20,A,A,C,D,B
2402,40402.0,18.6,0,20,0,F,20,A,A,C,D,C
2402,40403.0,10.1,0,25,0,F,20,A,A,C,D,C
2402,40404.0,7.5,0,0,0,F,20,A,A,C,D,C
2402,40405.0,15.0,0,0,0,F,20,A,A,D,D,C
2402,40406.0,23.0,10,0,10,F,20,A,A,D,D,C
2402,40407.0,15.0,0,0,0,M,20,A,A,D,D,C
2402,40408.0,15.0,0,0,0,M,20,C,D,D,F,E
2402,40409.0,15.0,0,0,0,M,20,C,F,F,F,F
2402,40410.0,15.0,0,0,0,M,20,,,,,
1602,40411.0,11.7,0,0,0,F,20,A,A,B,B,A
1602,40412.0,15.0,0,0,0,F,20,A,A,B,B,A
1602,40413.0,15.0,0,0,0,F,20,A,A,B,B,A
1602,40414.0,15.0,0,0,0,F,20,A,A,C,B,A
1602,40415.0,13.5,10,10,0,F,20,A,A,C,B,B
1602,40416.0,16.5,0,0,0,F,20,A,A,C,B,B
1602,40417.0,16.1,20,45,0,F,20,A,A,C,B,B
1602,40418.0,7.5,0,0,0,F,20,A,A,C,C,B
1602,40419.0,9.5,0,15,0,F,20,A,A,C,C,B
1602,40420.0,32.0,0,20,0,F,20,A,A,C,D,B
1602,40421.0,3.8,0,0,0,F,20,A,A,C,D,B
1602,40422.0,15.0,0,0,0,F,20,A,A,C,D,B
1602,40423.0,15.0,0,0,0,F,20,A,A,D,D,D
1602,40424.0,11.7,0,0,0,F,20,A,A,D,E,D
1602,40425.0,13.6,0,0,0,F,20,A,A,D,E,D
1602,40426.0,15.0,0,0,0,F,20,A,B,D,E,D
1602,40427.0,14.7,35,10,0,M,20,A,D,D,E,D
1602,40428.0,8.4,20,15,10,M,20,B,D,E,F,E
1602,40429.0,8.2,0,0,0,M,20,E,F,E,F,F
1602,40430.0,14.7,0,45,0,M,20,,,,,
1602,40431.0,13.1,30,0,0,M,20,,,,,
1602,40432.0,13.5,0,0,0,M,20,,,,,
1602,40433.0,15.0,0,0,0,M,20,,,,,
1602,40434.0,15.0,0,0,0,M,20,,,,,
4004,40435.0,15.0,0,0,0,M,20,A,A,B,B,B
4004,40436.0,7.5,0,0,0,M,20,A,A,B,B,C
4004,40437.0,15.0,0,0,0,M,20,A,A,B,C,C
4004,40438.0,22.5,0,0,10,M,20,A,A,D,D,D
4004,40439.0,15.0,0,0,0,M,20,A,A,D,D,E
4004,40440.0,16.5,0,0,0,M,20,A,A,D,D,E
4004,40441.0,15.0,0,0,0,M,20,A,A,D,D,E
4004,40442.0,15.0,0,0,0,M,20,A,A,D,D,E
4004,40443.0,15.0,0,0,0,M,20,A,A,D,D,E
4004,40444.0,11.7,25,65,5,M,20,A,A,D,D,E
4004,40445.0,15.0,0,0,0,M,20,A,A,D,D,E
4004,40446.0,9.5,0,15,0,M,20,A,A,D,D,E
4004,40447.0,7.5,0,0,0,M,20,A,A,D,D,E
4004,40448.0,18.6,0,20,0,M,20,A,A,D,D,E
4004,40449.0,15.0,0,0,0,M,20,A,A,E,E,E
4004,40450.0,15.0,0,0,0,M,20,E,F,F,F,F
4004,40451.0,15.0,0,0,0,M,20,E,F,F,F,G
4004,40452.0,15.0,0,0,0,M,20,,,,,
4004,40453.0,15.0,0,0,0,M,20,,,,,
702,40454.0,7.5,0,50,0,F,20,A,A,B,B,B
702,40455.0,15.0,0,0,0,F,20,A,A,B,B,B
702,40456.0,15.0,0,0,0,M,20,,,,,
2402,40457.0,15.0,0,0,0,F,20,A,A,A,A,A
2402,40458.0,15.0,0,0,0,F,20,A,A,B,B,A
2402,40459.0,15.0,0,0,0,F,20,A,A,B,B,A
2402,40460.0,15.0,0,0,0,F,20,A,A,B,B,B
2402,40461.0,15.0,0,0,0,F,20,A,A,B,B,B
2402,40462.0,15.0,0,0,0,F,20,A,A,B,B,B
2402,40463.0,15.0,0,0,0,F,20,A,A,B,B,C
2402,40464.0,15.0,0,0,0,F,20,A,A,B,C,C
2402,40465.0,21.8,5,5,20,F,20,A,A,C,C,C
2402,40466.0,15.0,0,0,0,F,20,A,A,D,D,D
2402,40467.0,17.3,0,30,0,M,20,A,A,D,D,D
2402,40468.0,15.0,0,0,0,M,20,A,A,D,D,D
2402,40469.0,15.0,0,0,0,M,20,,,,,
2402,40470.0,15.0,0,0,0,M,20,,,,,
2402,40471.0,15.0,0,0,0,M,20,,,,,
2402,40472.0,7.5,15,35,0,M,20,,,,,
2402,40473.0,15.0,0,0,0,M,20,,,,,
3202,40474.0,11.9,0,0,0,F,20,A,A,B,C,B
3202,40475.0,7.5,0,0,0,F,20,A,A,B,C,B
3202,40476.0,15.0,0,0,0,F,20,A,A,B,C,B
3202,40477.0,11.9,0,0,0,F,20,A,A,B,C,B
5402,40478.0,15.0,0,0,0,F,20,A,A,A,D,B
5402,40479.0,15.0,0,0,0,F,20,A,A,C,D,B
5402,40480.0,15.0,0,0,0,M,20,A,A,D,E,B
5402,40481.0,18.6,40,0,10,M,20,A,A,D,E,C
3502,40482.0,15.0,0,0,0,F,20,A,A,A,A,A
3502,40483.0,15.0,0,0,0,F,20,A,A,B,B,A
3502,40484.0,15.0,0,0,0,F,20,A,A,B,B,A
3502,40485.0,15.0,0,0,0,F,20,A,A,B,B,B
3502,40486.0,11.1,20,60,20,F,20,A,A,B,B,B
3502,40487.0,15.0,0,0,0,F,20,A,A,B,B,B
3502,40488.0,15.0,0,0,0,F,20,A,A,B,B,B
3502,40489.0,15.0,0,0,0,F,20,A,A,C,C,B
3502,40490.0,11.9,0,0,0,F,20,A,A,C,C,B
3502,40491.0,15.0,0,0,0,F,20,A,A,C,C,B
3502,40492.0,9.8,0,0,0,F,20,A,A,C,C,B
3502,40493.0,25.1,0,0,0,F,20,A,A,C,D,B
3502,40494.0,17.9,30,0,25,F,20,A,A,C,D,C
3502,40495.0,15.0,0,0,0,F,20,A,A,C,D,C
3502,40496.0,15.0,0,0,0,F,20,A,A,C,D,C
3502,40497.0,15.0,0,0,0,F,20,A,A,C,D,C
3502,40498.0,15.0,0,0,0,F,20,A,A,C,D,C
3502,40499.0,15.0,0,0,0,F,20,A,A,D,D,C
3502,40500.0,7.2,60,10,0,F,20,A,A,D,D,C
3502,40501.0,15.0,0,0,0,F,20,A,A,D,D,C
3502,40502.0,15.0,0,0,0,F,20,A,A,D,D,C
3502,40503.0,15.0,0,0,0,F,20,B,A,D,D,C
3502,40504.0,4.0,0,0,0,M,20,B,A,D,D,C
3502,40505.0,15.0,0,0,0,M,20,E,D,F,F,E
3502,40506.0,15.0,0,0,0,M,20,,,,,
3502,40507.0,15.0,0,0,0,M,20,,,,,
3502,40508.0,15.0,0,0,0,M,20,,,,,
3502,40509.0,15.0,0,0,0,M,20,,,,,
3502,40510.0,8.5,0,45,0,M,20,,,,,
3502,40511.0,15.0,0,0,0,M,20,,,,,
3502,40512.0,9.0,50,45,20,M,20,,,,,
3502,40513.0,15.0,0,0,0,M,20,,,,,
3502,40514.0,21.6,30,0,0,M,20,,,,,
3502,40515.0,7.5,25,20,5,M,20,,,,,
3502,40516.0,17.0,30,20,10,M,20,,,,,
3502,40517.0,15.0,0,0,0,M,20,,,,,
3502,40518.0,15.0,0,0,0,M,20,,,,,
3502,40519.0,13.1,15,0,0,M,20,,,,,
3502,40520.0,15.0,0,0,0,M,20,,,,,
3502,40521.0,15.0,0,0,0,M,20,,,,,
3502,40522.0,2.6,10,0,0,M,20,,,,,
3502,40523.0,15.0,0,0,0,M,20,,,,,
3502,40524.0,15.0,0,0,0,M,20,,,,,
3502,40525.0,15.0,0,0,0,M,20,,,,,
3502,40526.0,15.0,0,0,0,M,20,,,,,
4006,40527.0,15.0,0,0,0,F,20,A,A,A,B,B
4006,40528.0,15.0,0,0,0,F,20,A,A,B,B,B
4006,40529.0,7.5,50,0,0,F,20,A,A,B,B,B
4006,40530.0,15.0,0,0,0,M,20,A,A,B,C,B
4006,40531.0,15.0,0,0,0,M,20,A,A,B,C,C
4006,40532.0,15.0,0,0,0,M,20,A,A,B,D,D
4006,40533.0,11.1,30,30,40,M,20,A,A,B,D,D
4006,40534.0,11.1,30,0,0,M,20,A,A,C,D,D
4006,40535.0,0.0,0,0,0,M,20,A,A,D,D,D
4006,40536.0,19.5,50,65,5,M,20,A,A,D,D,E
4006,40537.0,14.7,0,50,0,M,20,A,A,D,D,E
4006,40538.0,42.9,40,0,0,M,20,A,A,D,D,E
4006,40539.0,4.8,10,0,0,M,20,A,A,D,D,E
4006,40540.0,14.5,0,35,15,M,20,A,A,D,D,E
4006,40541.0,19.4,0,0,0,M,20,A,A,E,D,E
4006,40542.0,0.0,0,0,0,M,20,A,A,E,E,F
4006,40543.0,40.8,20,15,20,M,20,A,A,E,E,F
4006,40544.0,19.0,20,85,20,M,20,A,A,E,E,F
4006,40545.0,48.7,0,0,0,M,20,B,A,E,E,F
2001,40546.0,0.0,0,0,0,F,20,A,A,B,B,A
2001,40547.0,0.0,0,0,0,F,20,A,A,B,B,A
2001,40548.0,0.0,0,0,0,F,20,A,A,B,C,A
2001,40549.0,0.0,0,0,0,F,20,A,A,B,C,A
2001,40550.0,0.0,0,0,0,F,20,A,B,B,C,A
2001,40551.0,0.0,0,0,0,F,20,A,B,C,D,B
2001,40552.0,0.0,0,0,0,F,20,A,D,C,D,B
2001,40553.0,0.0,0,0,0,F,20,B,D,D,E,B
2001,40554.0,0.0,0,0,0,F,20,B,D,E,E,B
2001,40555.0,0.0,0,0,0,F,20,C,D,E,E,C
2001,40556.0,0.0,0,0,0,F,20,C,D,E,E,F
2001,40557.0,0.0,0,0,0,F,20,E,D,F,F,F
2001,40558.0,0.0,0,0,0,F,20,,,,,
2001,40559.0,0.0,0,0,0,M,20,,,,,
2001,40560.0,0.0,0,0,0,M,20,,,,,
2001,40561.0,0.0,0,0,0,M,20,,,,,
3502,40562.0,0.0,0,0,0,F,20,A,A,A,B,A
3502,40563.0,0.0,0,0,0,F,20,A,B,B,D,B
3502,40564.0,0.0,0,0,0,F,20,A,B,C,D,B
3502,40565.0,0.0,0,0,0,F,20,A,C,C,D,B
3502,40566.0,0.0,0,0,0,F,20,A,D,D,D,B
3502,40567.0,0.0,0,0,0,F,20,A,D,D,D,B
3502,40568.0,0.0,0,0,0,F,20,A,D,D,D,B
3502,40569.0,0.0,0,0,0,F,20,A,D,D,D,C
3502,40570.0,0.0,0,0,0,M,20,A,D,D,E,D
3502,40571.0,0.0,0,0,0,M,20,A,D,D,E,D
3502,40572.0,0.0,0,0,0,M,20,A,D,D,E,D
3502,40573.0,0.0,0,0,0,M,20,B,D,D,F,D
3502,40574.0,0.0,0,0,0,M,20,B,D,E,F,E
3502,40575.0,0.0,0,0,0,M,20,B,D,E,F,E
3502,40576.0,0.0,0,0,0,M,20,E,F,F,F,E
3502,40577.0,0.0,0,0,0,M,20,,,,,
3502,40578.0,0.0,0,0,0,M,20,,,,,
3502,40579.0,0.0,0,0,0,M,20,,,,,
3502,40580.0,0.0,0,0,0,M,20,,,,,
3502,40581.0,0.0,0,0,0,M,20,,,,,
3502,40582.0,0.0,0,0,0,M,20,,,,,
3502,40583.0,0.0,0,0,0,M,20,,,,,
3502,40584.0,0.0,0,0,0,M,20,,,,,
3502,40585.0,0.0,0,0,0,M,20,,,,,
2001,40586.0,0.0,0,0,0,F,20,A,A,A,A,A
2001,40587.0,0.0,0,0,0,F,20,A,A,A,B,A
2001,40588.0,0.0,0,0,0,F,20,A,A,A,B,A
2001,40589.0,0.0,0,0,0,F,20,A,A,B,B,A
2001,40590.0,0.0,0,0,0,F,20,A,B,B,B,B
2001,40591.0,0.0,0,0,0,F,20,A,B,B,C,B
2001,40592.0,0.0,0,0,0,F,20,A,D,B,D,B
2001,40593.0,0.0,0,0,0,F,20,A,D,B,D,B
2001,40594.0,0.0,0,0,0,F,20,A,D,B,D,B
2001,40595.0,0.0,0,0,0,F,20,A,D,B,D,B
2001,40596.0,0.0,0,0,0,F,20,B,D,B,D,B
2001,40597.0,0.0,0,0,0,F,20,B,D,B,D,B
2001,40598.0,0.0,0,0,0,F,20,B,D,B,D,B
2001,40599.0,0.0,0,0,0,F,20,C,D,C,E,B
2001,40600.0,0.0,0,0,0,F,20,C,D,C,E,B
2001,40601.0,0.0,0,0,0,F,20,C,D,C,E,B
2001,40602.0,0.0,0,0,0,F,20,C,D,D,E,B
2001,40603.0,0.0,0,0,0,F,20,E,F,D,F,C
2001,40604.0,0.0,0,0,0,F,20,,,,,
2001,40605.0,0.0,0,0,0,M,20,,,,,
2001,40606.0,0.0,0,0,0,M,20,,,,,
3002,40607.0,0.0,0,0,0,F,20,A,A,A,A,A
3002,40608.0,0.0,0,0,0,F,20,A,A,A,B,A
3002,40609.0,0.0,0,0,0,F,20,A,A,A,B,A
3002,40610.0,0.0,0,0,0,F,20,A,B,B,B,A
3002,40611.0,0.0,0,0,0,F,20,A,B,B,B,A
3002,40612.0,0.0,0,0,0,F,20,A,B,B,B,B
3002,40613.0,0.0,0,0,0,M,20,A,D,B,B,B
3002,40614.0,0.0,0,0,0,M,20,A,D,B,B,B
3002,40615.0,0.0,0,0,0,M,20,A,D,B,C,B
3002,40616.0,0.0,0,0,0,M,20,A,D,C,C,B
3002,40617.0,0.0,0,0,0,M,20,A,D,D,C,B
3002,40618.0,0.0,0,0,0,M,20,A,D,D,C,B
3002,40619.0,0.0,0,0,0,M,20,B,D,D,D,C
3002,40620.0,0.0,0,0,0,M,20,,,,,
3002,40621.0,0.0,0,0,0,M,20,,,,,
2402,40622.0,0.0,0,0,0,F,20,A,A,B,B,A
2402,40623.0,0.0,0,0,0,F,20,A,A,B,B,A
2402,40624.0,0.0,0,0,0,F,20,A,A,B,B,A
2402,40625.0,0.0,0,0,0,F,20,A,A,B,B,A
2402,40626.0,0.0,0,0,0,F,20,A,A,B,B,A
2402,40627.0,0.0,0,0,0,F,20,A,B,B,C,B
2402,40628.0,0.0,0,0,0,F,20,A,B,B,C,B
2402,40629.0,0.0,0,0,0,F,20,A,B,B,D,B
2402,40630.0,0.0,0,0,0,F,20,A,B,C,D,B
2402,40631.0,0.0,0,0,0,F,20,A,D,C,D,B
2402,40632.0,0.0,0,0,0,F,20,A,D,D,D,B
2402,40633.0,0.0,0,0,0,F,20,A,D,D,D,B
2402,40634.0,0.0,0,0,0,M,20,A,D,D,D,C
2402,40635.0,0.0,0,0,0,M,20,A,D,D,D,C
2402,40636.0,0.0,0,0,0,M,20,A,D,D,D,C
2402,40637.0,0.0,0,0,0,M,20,B,D,D,E,C
2402,40638.0,0.0,0,0,0,M,20,B,D,E,E,D
2402,40639.0,0.0,0,0,0,M,20,B,D,E,E,D
2402,40640.0,0.0,0,0,0,M,20,E,F,E,E,D
2402,40641.0,0.0,0,0,0,M,20,E,F,E,F,E
2402,40642.0,0.0,0,0,0,M,20,,,,,
2402,40643.0,0.0,0,0,0,M,20,,,,,
2402,40644.0,0.0,0,0,0,M,20,,,,,
2402,40645.0,0.0,0,0,0,M,20,,,,,
2402,40646.0,0.0,0,0,0,M,20,,,,,
702,40647.0,0.0,0,0,0,F,20,A,A,B,B,A
702,40648.0,0.0,0,0,0,M,20,A,D,C,C,B
702,40649.0,0.0,0,0,0,M,20,A,D,C,D,C
702,40650.0,0.0,0,0,0,M,20,A,D,C,D,D
702,40651.0,0.0,0,0,0,M,20,A,D,D,D,D
702,40652.0,0.0,0,0,0,M,20,B,D,D,D,D
702,40653.0,0.0,0,0,0,M,20,B,D,E,D,E
702,40654.0,0.0,0,0,0,M,20,E,F,E,F,F
1402,40655.0,0.0,0,0,0,F,20,A,A,A,B,A
1402,40656.0,0.0,0,0,0,F,20,A,A,B,C,A
1402,40657.0,0.0,0,0,0,F,20,A,B,B,D,A
1402,40658.0,0.0,0,0,0,F,20,A,B,C,D,B
1402,40659.0,0.0,0,0,0,M,20,A,D,E,E,E
1402,40660.0,0.0,0,0,0,M,20,B,D,F,E,F
1602,40661.0,0.0,0,0,0,F,20,A,A,B,B,A
1602,40662.0,0.0,0,0,0,F,20,A,A,B,C,A
1602,40663.0,0.0,0,0,0,F,20,A,A,B,C,A
1602,40664.0,0.0,0,0,0,F,20,A,A,B,D,A
1602,40665.0,0.0,0,0,0,F,20,A,A,B,D,A
1602,40666.0,0.0,0,0,0,F,20,A,A,C,D,A
1602,40667.0,0.0,0,0,0,F,20,A,A,C,D,A
1602,40668.0,0.0,0,0,0,F,20,A,A,C,D,A
1602,40669.0,0.0,0,0,0,F,20,A,A,D,D,A
1602,40670.0,0.0,0,0,0,F,20,A,A,D,D,A
1602,40671.0,0.0,0,0,0,F,20,A,A,D,D,A
1602,40672.0,0.0,0,0,0,F,20,A,B,D,D,A
1602,40673.0,0.0,0,0,0,F,20,A,B,D,D,A
1602,40674.0,0.0,0,0,0,M,20,A,C,D,D,A
1602,40675.0,0.0,0,0,0,M,20,A,D,D,D,B
1602,40676.0,0.0,0,0,0,M,20,A,D,D,D,B
1602,40677.0,0.0,0,0,0,M,20,A,D,D,E,B
1602,40678.0,0.0,0,0,0,M,20,A,D,D,E,B
1602,40679.0,0.0,0,0,0,M,20,A,D,D,E,B
1602,40680.0,0.0,0,0,0,M,20,A,D,D,E,B
1602,40681.0,0.0,0,0,0,M,20,A,D,D,E,C
1602,40682.0,0.0,0,0,0,M,20,A,D,D,E,C
1602,40683.0,0.0,0,0,0,M,20,A,D,E,F,D
1602,40684.0,0.0,0,0,0,M,20,A,D,E,F,D
1602,40685.0,0.0,0,0,0,M,20,A,D,E,F,E
1602,40686.0,0.0,0,0,0,M,20,A,D,E,F,E
1602,40687.0,0.0,0,0,0,M,20,B,F,F,F,F
1602,40688.0,0.0,0,0,0,F,20,A,A,A,A,A
1602,40689.0,0.0,0,0,0,F,20,A,A,B,B,A
1602,40690.0,0.0,0,0,0,F,20,A,A,B,D,A
1602,40691.0,0.0,0,0,0,F,20,A,A,B,D,A
1602,40692.0,0.0,0,0,0,F,20,A,A,B,D,B
1602,40693.0,0.0,0,0,0,F,20,A,B,C,D,B
1602,40694.0,0.0,0,0,0,F,20,A,B,C,E,B
1602,40695.0,0.0,0,0,0,F,20,A,D,D,E,B
1602,40696.0,0.0,0,0,0,F,20,A,D,D,E,B
1602,40697.0,0.0,0,0,0,F,20,,,,,
1602,40698.0,0.0,0,0,0,F,20,,,,,
1602,40699.0,0.0,0,0,0,M,20,,,,,
1602,40700.0,0.0,0,0,0,M,20,,,,,
1602,40701.0,0.0,0,0,0,M,20,,,,,
1602,40702.0,0.0,0,0,0,M,20,,,,,
1602,40703.0,0.0,0,0,0,M,20,,,,,
1602,40704.0,0.0,0,0,0,M,20,,,,,
702,40705.0,0.0,0,0,0,F,20,A,A,A,A,A
702,40706.0,0.0,0,0,0,F,20,A,A,A,A,A
702,40707.0,0.0,0,0,0,F,20,A,B,B,A,B
702,40708.0,0.0,0,0,0,F,20,A,B,B,B,B
702,40709.0,0.0,0,0,0,F,20,A,B,B,B,B
702,40710.0,0.0,0,0,0,F,20,A,C,B,B,B
702,40711.0,0.0,0,0,0,F,20,A,D,B,D,B
702,40712.0,0.0,0,0,0,F,20,A,D,C,D,B
702,40713.0,0.0,0,0,0,M,20,A,D,D,D,B
702,40714.0,0.0,0,0,0,M,20,A,D,D,D,B
702,40715.0,0.0,0,0,0,M,20,A,D,D,E,C
702,40716.0,0.0,0,0,0,M,20,A,D,D,E,C
702,40717.0,0.0,0,0,0,M,20,B,D,E,F,D
702,40718.0,0.0,0,0,0,M,20,B,D,E,F,E
4004,40719.0,0.0,0,0,0,F,20,A,A,A,B,A
4004,40720.0,0.0,0,0,0,F,20,A,A,B,B,A
4004,40721.0,0.0,0,0,0,F,20,A,A,B,C,B
4004,40722.0,0.0,0,0,0,M,20,A,A,B,C,B
4004,40723.0,0.0,0,0,0,M,20,A,A,B,D,B
4004,40724.0,0.0,0,0,0,M,20,A,A,C,D,C
4004,40725.0,0.0,0,0,0,M,20,A,A,D,D,C
4004,40726.0,0.0,0,0,0,M,20,A,A,D,D,C
4004,40727.0,0.0,0,0,0,M,20,A,A,D,D,C
4004,40728.0,0.0,0,0,0,M,20,A,A,D,D,C
4004,40729.0,0.0,0,0,0,M,20,A,A,D,D,C
4004,40730.0,0.0,0,0,0,M,20,A,B,D,D,D
4004,40731.0,0.0,0,0,0,M,20,A,B,D,D,D
4004,40732.0,0.0,0,0,0,M,20,A,B,D,D,D
4004,40733.0,0.0,0,0,0,M,20,A,B,D,E,D
4004,40734.0,0.0,0,0,0,M,20,A,C,D,E,E
4004,40735.0,0.0,0,0,0,M,20,A,C,E,E,E
4004,40736.0,0.0,0,0,0,M,20,A,D,E,E,E
4004,40737.0,0.0,0,0,0,M,20,A,D,E,E,E
4004,40738.0,0.0,0,0,0,M,20,A,D,E,E,E
4004,40739.0,0.0,0,0,0,M,20,A,D,E,E,E
4004,40740.0,0.0,0,0,0,M,20,A,D,E,E,E
4004,40741.0,0.0,0,0,0,M,20,A,D,E,E,E
4004,40742.0,0.0,20,0,0,M,20,A,D,F,F,E
4004,40743.0,3.6,0,0,0,M,20,A,D,F,F,E
4004,40744.0,1.0,0,20,0,M,20,A,D,F,F,F
4004,40745.0,1.4,0,15,0,M,20,A,D,F,F,F
4004,40746.0,5.2,0,0,0,M,20,A,D,F,F,F
4004,40747.0,5.2,0,0,0,M,20,A,F,F,F,F
4004,40748.0,3.2,0,15,0,M,20,A,F,F,F,F
4004,40749.0,4.0,0,0,10,M,20,A,F,F,F,G
4004,40750.0,5.4,0,0,0,M,20,,,,,
4004,40751.0,3.4,15,0,0,M,20,,,,,
4004,40752.0,6.8,0,0,0,M,20,,,,,
4004,40753.0,0.0,0,45,0,F,20,A,A,A,B,A
4004,40754.0,3.6,0,20,0,F,20,A,A,A,C,A
4004,40755.0,6.6,0,0,0,F,20,A,A,B,C,A
4004,40756.0,7.5,0,0,0,F,20,A,A,B,C,B
4004,40757.0,7.5,0,0,0,F,20,A,A,B,C,B
4004,40758.0,7.5,0,0,0,F,20,A,A,B,D,B
4004,40759.0,7.5,0,0,0,F,20,A,A,B,D,B
4004,40760.0,7.5,0,0,0,F,20,A,A,B,D,B
4004,40761.0,7.5,0,0,0,F,20,A,A,C,D,B
4004,40762.0,7.5,0,0,0,F,20,A,A,C,D,B
4004,40763.0,7.5,0,0,0,F,20,A,A,C,D,B
4004,40764.0,7.5,0,0,0,F,20,A,A,D,D,C
4004,40765.0,7.5,0,0,0,F,20,A,A,D,D,C
4004,40766.0,7.5,0,0,0,F,20,A,A,D,D,C
4004,40767.0,7.5,0,0,0,M,20,A,A,D,D,C
4004,40768.0,7.5,0,0,0,M,20,A,A,D,D,C
4004,40769.0,7.5,0,0,0,M,20,A,A,D,D,C
4004,40770.0,7.5,0,0,0,M,20,A,A,D,D,C
4004,40771.0,7.5,0,0,0,M,20,A,A,D,D,C
4004,40772.0,7.5,0,0,0,M,20,A,A,D,D,C
4004,40773.0,7.5,0,0,0,M,20,A,A,D,D,C
4004,40774.0,7.4,0,0,0,M,20,A,A,D,D,C
4004,40775.0,7.5,0,0,0,M,20,A,A,D,D,C
4004,40776.0,7.5,0,0,0,M,20,A,A,D,D,D
4004,40777.0,7.5,0,0,0,M,20,A,A,D,D,D
4004,40778.0,7.5,0,0,0,M,20,A,A,D,D,D
4004,40779.0,7.6,0,0,0,M,20,A,A,D,D,D
4004,40780.0,7.8,0,0,0,M,20,A,A,D,D,D
4004,40781.0,7.8,0,0,0,M,20,A,A,D,D,D
4004,40782.0,2.0,30,10,0,M,20,A,A,D,D,D
4004,40783.0,6.4,10,0,0,M,20,A,A,D,E,D
4004,40784.0,8.4,0,0,0,M,20,A,A,D,E,D
4004,40785.0,8.4,0,0,0,M,20,A,A,D,E,E
4004,40786.0,9.2,0,0,0,M,20,A,A,E,E,E
4004,40787.0,0.0,0,0,0,M,20,A,A,E,E,E
4004,40788.0,9.4,0,0,0,M,20,A,A,E,E,E
4004,40789.0,7.5,0,15,0,M,20,A,A,E,E,E
4004,40790.0,10.1,0,0,0,M,20,A,A,E,E,E
4004,40791.0,0.0,20,45,0,M,20,A,A,E,E,E
4004,40792.0,0.0,40,10,20,M,20,A,B,E,E,E
4004,40793.0,10.6,0,0,0,M,20,A,B,E,E,E
4004,40794.0,10.6,0,0,0,M,20,A,B,E,E,E
4004,40795.0,0.0,0,0,0,M,20,A,B,E,E,E
4004,40796.0,11.1,0,0,0,M,20,A,B,E,E,F
4004,40797.0,0.0,0,0,0,M,20,A,B,E,E,F
4004,40798.0,11.1,0,0,0,M,20,A,B,E,E,F
4004,40799.0,9.5,0,0,10,M,20,A,C,E,E,F
4004,40800.0,2.2,60,0,0,M,20,A,C,E,E,F
4004,40801.0,0.0,0,0,0,M,20,A,C,E,E,F
4004,40802.0,0.0,0,0,0,M,20,A,D,E,E,F
4004,40803.0,0.0,0,0,0,M,20,A,D,E,E,F
4004,40804.0,0.0,0,0,0,M,20,A,D,E,E,F
4004,40805.0,0.0,0,0,0,M,20,A,D,E,F,F
4004,40806.0,11.5,0,0,0,M,20,A,D,E,F,F
4004,40807.0,6.2,30,5,0,M,20,A,D,E,F,F
4004,40808.0,4.6,0,50,0,M,20,A,D,E,F,F
4004,40809.0,12.1,0,0,0,M,20,A,D,E,F,F
4004,40810.0,11.9,0,0,0,M,20,A,D,E,F,F
4004,40811.0,0.0,0,0,0,M,20,A,D,E,F,F
4004,40812.0,2.0,0,0,0,M,20,A,D,E,F,F
4004,40813.0,0.0,0,0,0,M,20,A,D,E,F,F
4004,40814.0,9.2,0,20,0,M,20,A,D,E,F,F
4004,40815.0,12.5,0,0,0,M,20,A,D,E,F,F
4004,40816.0,1.6,0,0,0,M,20,A,D,F,F,F
4004,40817.0,0.0,0,0,0,M,20,A,D,F,F,F
4004,40818.0,12.9,0,0,0,M,20,A,D,F,F,F
4004,40819.0,9.4,25,0,0,M,20,A,D,F,F,F
4004,40820.0,8.5,0,15,15,M,20,A,D,F,F,F
4004,40821.0,0.0,0,0,0,M,20,A,D,F,F,F
4004,40822.0,0.0,0,0,0,M,20,A,D,F,F,F
4004,40823.0,0.0,0,0,0,M,20,A,D,F,F,F
4004,40824.0,6.2,20,0,30,M,20,A,D,F,F,F
4004,40825.0,0.0,0,0,0,M,20,A,D,F,F,G
4004,40826.0,11.0,0,15,0,M,20,A,D,F,F,G
4004,40827.0,0.0,0,0,0,M,20,A,D,F,F,G
4004,40828.0,0.0,0,0,0,M,20,A,D,F,F,G
4004,40829.0,0.0,0,0,0,M,20,A,D,F,F,G
4004,40830.0,0.0,0,0,0,M,20,B,F,F,F,G
4004,40831.0,2.6,0,0,0,M,20,B,F,F,F,G
4004,40832.0,0.0,0,0,0,M,20,B,F,F,F,G
4004,40833.0,0.0,0,0,0,M,20,E,F,F,,G
4004,40834.0,6.6,25,15,5,M,20,,,,,
4004,40835.0,0.0,0,0,0,M,20,,,,,
4004,40836.0,2.2,0,0,0,M,20,,,,,
4004,40837.0,14.4,0,0,0,M,20,,,,,
4004,40838.0,2.0,0,0,0,M,20,,,,,
4004,40839.0,14.3,0,0,0,M,20,,,,,
4004,40840.0,11.0,0,0,25,M,20,,,,,
4004,40841.0,4.2,20,0,50,M,20,,,,,
4301,40842.0,15.0,0,0,0,F,20,A,A,B,D,B
4301,40843.0,15.0,0,0,0,F,20,A,A,B,D,C
4301,40844.0,7.6,30,20,0,F,20,A,A,B,D,C
4301,40845.0,15.0,0,0,0,F,20,A,A,C,D,C
4301,40846.0,15.0,0,0,0,F,20,A,A,D,D,C
4301,40847.0,15.0,0,0,0,F,20,A,A,D,E,D
4301,40848.0,15.0,0,0,0,F,20,A,A,D,E,D
4301,40849.0,15.0,0,0,0,F,20,A,A,D,E,D
4301,40850.0,15.0,0,0,0,F,20,A,A,D,E,D
4301,40851.0,15.0,0,0,0,F,20,A,B,E,E,E
4301,40852.0,15.0,0,0,0,M,20,A,B,E,E,E
4301,40853.0,15.0,0,0,0,M,20,A,B,E,E,E
4301,40854.0,15.0,0,0,0,M,20,A,B,E,E,E
4301,40855.0,6.4,10,0,50,M,20,A,D,E,E,E
4301,40856.0,4.4,0,0,0,M,20,A,D,E,E,E
4301,40857.0,9.5,0,40,0,M,20,A,D,E,E,E
4301,40858.0,15.9,0,0,0,M,20,A,D,E,F,E
4301,40859.0,4.0,70,0,10,M,20,A,D,E,F,F
4301,40860.0,2.6,0,0,0,M,20,A,D,E,F,F
4301,40861.0,16.2,0,0,0,M,20,B,D,F,F,F
4301,40862.0,16.3,0,0,0,M,20,B,D,F,F,F
4301,40863.0,8.4,0,35,20,M,20,B,D,F,F,F
4301,40864.0,5.2,0,0,0,M,20,B,F,F,F,F
4301,40865.0,5.2,0,0,0,M,20,B,F,F,F,G
4301,40866.0,16.3,0,0,0,M,20,,,,,
4301,40867.0,16.3,0,0,0,M,20,,,,,
4301,40868.0,10.8,40,0,0,M,20,,,,,
4301,40869.0,7.5,0,0,0,M,20,,,,,
4301,40870.0,3.6,0,0,0,M,20,,,,,
4301,40871.0,15.6,0,0,10,M,20,,,,,
4301,40872.0,5.8,10,15,50,M,20,,,,,
3502,40873.0,17.0,0,0,0,F,20,A,A,A,B,A
3502,40874.0,6.8,25,45,0,F,20,A,A,A,B,A
3502,40875.0,17.6,0,0,0,F,20,A,A,B,C,A
3502,40876.0,2.4,0,0,15,F,20,A,A,B,C,A
3502,40877.0,17.6,0,0,0,F,20,A,A,B,C,A
3502,40878.0,15.0,0,0,20,F,20,A,A,B,C,A
3502,40879.0,17.9,0,0,0,F,20,A,A,B,C,A
3502,40880.0,18.0,0,0,0,F,20,A,A,B,C,A
3502,40881.0,17.8,0,0,0,F,20,A,A,B,C,A
3502,40882.0,7.5,0,0,0,F,20,A,A,C,C,A
3502,40883.0,3.2,20,70,10,F,20,A,A,C,C,A
3502,40884.0,18.4,0,0,0,F,20,A,A,C,C,B
3502,40885.0,10.9,50,0,0,F,20,A,A,C,D,B
3502,40886.0,0.0,50,0,0,F,20,A,A,C,D,B
3502,40887.0,2.6,25,5,0,F,20,A,A,C,D,B
3502,40888.0,10.5,10,30,15,F,20,A,A,C,D,B
3502,40889.0,7.5,0,0,0,F,20,A,A,C,D,B
3502,40890.0,7.4,75,0,0,F,20,A,A,C,D,B
3502,40891.0,18.9,0,0,0,F,20,A,A,C,D,B
3502,40892.0,7.5,0,0,0,F,20,A,A,C,D,B
3502,40893.0,7.5,0,0,0,F,20,A,A,C,D,B
3502,40894.0,7.5,0,0,0,F,20,A,A,C,D,B
3502,40895.0,7.5,0,0,0,F,20,A,A,C,D,B
3502,40896.0,7.5,0,0,0,F,20,A,A,D,D,B
3502,40897.0,7.5,0,0,0,F,20,A,A,D,D,B
3502,40898.0,7.5,0,0,0,F,20,A,A,D,D,B
3502,40899.0,15.0,0,25,0,F,20,A,A,D,D,B
3502,40900.0,7.5,0,0,0,F,20,A,A,D,D,B
3502,40901.0,7.5,0,0,0,F,20,A,A,D,D,B
3502,40902.0,7.5,0,0,0,F,20,A,A,D,D,B
3502,40903.0,7.5,0,0,0,F,20,A,A,D,D,C
3502,40904.0,7.5,0,0,0,F,20,A,A,D,D,C
3502,40905.0,7.5,0,0,0,F,20,A,A,D,D,C
3502,40906.0,7.5,0,0,0,F,20,A,A,D,D,C
3502,40907.0,18.6,0,0,0,F,20,A,A,D,D,C
3502,40908.0,7.5,0,0,0,F,20,A,A,D,D,C
3502,40909.0,7.5,0,0,0,M,20,A,B,D,D,C
3502,40910.0,7.5,0,0,0,M,20,A,B,D,D,C
3502,40911.0,7.5,0,0,0,M,20,A,B,D,D,D
3502,40912.0,7.5,0,0,0,M,20,A,B,D,D,D
3502,40913.0,7.5,0,0,0,M,20,A,B,D,D,D
3502,40914.0,7.5,0,0,0,M,20,A,B,D,D,D
3502,40915.0,19.2,0,0,0,M,20,A,D,E,E,E
3502,40916.0,19.4,0,0,0,M,20,A,D,E,E,E
3502,40917.0,7.4,0,0,0,M,20,A,D,E,E,E
3502,40918.0,7.8,0,30,50,M,20,A,D,E,E,E
3502,40919.0,7.5,0,0,0,M,20,A,D,E,E,E
3502,40920.0,16.3,25,0,0,M,20,A,D,E,E,E
3502,40921.0,7.5,0,0,0,M,20,A,D,E,E,E
3502,40922.0,7.5,0,0,0,M,20,A,D,E,E,E
3502,40923.0,3.4,10,10,0,M,20,A,D,E,E,E
3502,40924.0,7.5,0,0,0,M,20,A,D,E,E,E
3502,40925.0,7.5,10,0,0,M,20,A,D,E,E,E
3502,40926.0,8.4,60,20,0,M,20,A,D,E,E,E
3502,40927.0,7.5,0,0,0,M,20,A,D,E,E,E
3502,40928.0,9.1,0,0,0,M,20,A,D,E,E,E
3502,40929.0,7.0,0,0,0,M,20,A,D,E,F,E
3502,40930.0,7.5,0,0,0,M,20,A,D,E,F,E
3502,40931.0,7.5,0,0,0,M,20,A,D,E,F,E
3502,40932.0,13.6,0,45,0,M,20,A,D,E,F,E
3502,40933.0,8.1,0,0,0,M,20,A,D,E,F,E
3502,40934.0,18.9,10,0,0,M,20,A,D,F,F,E
3502,40935.0,9.5,0,0,0,M,20,A,D,F,F,F
3502,40936.0,20.2,0,0,0,M,20,A,D,F,F,F
3502,40937.0,10.2,70,0,0,M,20,A,D,F,F,F
3502,40938.0,9.7,0,0,0,M,20,A,D,F,F,F
3502,40939.0,6.8,20,0,0,M,20,A,D,F,F,F
2001,40940.0,18.6,20,0,0,F,20,A,A,A,B,A
2001,40941.0,21.4,0,0,0,F,20,A,A,B,B,A
2001,40942.0,9.4,0,0,0,F,20,A,A,B,B,A
2001,40943.0,8.8,0,0,0,F,20,A,A,B,B,A
2001,40944.0,9.1,0,0,0,F,20,A,A,B,B,A
2001,40945.0,1.0,15,30,20,F,20,A,A,B,B,A
2001,40946.0,18.5,0,20,0,F,20,A,A,B,B,A
2001,40947.0,13.6,55,0,0,F,20,A,A,B,B,A
2001,40948.0,3.8,15,30,0,F,20,A,A,B,B,A
2001,40949.0,9.5,0,0,0,F,20,A,A,B,B,A
2001,40950.0,21.8,0,0,0,F,20,A,A,B,B,A
2001,40951.0,22.0,0,0,0,F,20,A,A,B,B,A
2001,40952.0,8.4,0,0,0,F,20,A,A,B,B,A
2001,40953.0,9.5,0,10,0,F,20,A,A,B,B,A
2001,40954.0,8.6,50,30,10,F,20,A,A,B,B,A
2001,40955.0,12.2,30,35,0,F,20,A,A,B,B,A
2001,40956.0,11.1,0,0,0,F,20,A,A,B,C,A
2001,40957.0,8.5,0,0,0,F,20,A,A,B,C,A
2001,40958.0,4.0,70,50,0,F,20,A,A,B,C,A
2001,40959.0,22.5,0,0,0,F,20,A,A,B,C,B
2001,40960.0,0.0,0,0,0,F,20,A,A,B,C,B
2001,40961.0,0.0,0,0,0,F,20,A,A,B,C,B
2001,40962.0,0.0,0,0,0,F,20,A,A,B,C,B
2001,40963.0,22.5,0,0,0,F,20,A,A,B,C,B
2001,40964.0,11.3,0,0,0,F,20,A,A,B,C,B
2001,40965.0,0.0,0,0,0,F,20,A,A,C,C,B
2001,40966.0,22.5,0,0,0,F,20,A,A,C,C,B
2001,40967.0,0.0,0,0,0,F,20,A,A,C,C,B
2001,40968.0,0.0,0,0,0,F,20,A,A,C,D,B
2001,40969.0,8.9,0,0,0,F,20,A,A,C,D,B
2001,40970.0,7.5,0,15,10,F,20,A,A,C,D,B
2001,40971.0,3.4,0,50,0,F,20,A,A,C,D,B
2001,40972.0,0.0,0,0,0,F,20,A,A,C,D,B
2001,40973.0,0.0,0,0,0,F,20,A,A,C,D,B
2001,40974.0,0.0,0,0,0,F,20,A,A,C,D,B
2001,40975.0,22.5,0,0,0,F,20,A,A,C,D,B
2001,40976.0,11.5,0,0,0,F,20,A,A,C,D,B
2001,40977.0,10.2,40,40,0,F,20,A,A,D,D,B
2001,40978.0,22.5,0,0,0,F,20,A,A,D,D,B
2001,40979.0,10.1,0,0,0,F,20,A,A,D,D,B
2001,40980.0,0.0,0,0,0,F,20,A,B,D,D,B
2001,40981.0,0.0,0,0,0,F,20,A,B,D,D,B
2001,40982.0,22.3,0,0,0,F,20,A,B,D,D,B
2001,40983.0,11.3,0,0,0,F,20,A,B,D,D,B
2001,40984.0,0.0,0,0,0,F,20,A,B,D,D,B
2001,40985.0,7.5,25,0,0,F,20,A,B,D,D,B
2001,40986.0,22.5,0,0,0,F,20,A,B,D,D,B
2001,40987.0,0.0,0,0,0,F,20,A,B,D,D,B
2001,40988.0,0.0,0,0,0,F,20,A,B,D,D,B
2001,40989.0,0.0,0,0,0,F,20,A,C,D,D,C
2001,40990.0,22.5,0,0,0,F,20,A,D,D,D,C
2001,40991.0,0.0,0,0,0,F,20,A,D,D,D,C
2001,40992.0,0.0,0,0,0,F,20,A,D,D,D,C
2001,40993.0,0.0,0,0,0,F,20,A,D,D,D,C
2001,40994.0,0.0,0,0,0,F,20,A,D,D,D,C
2001,40995.0,19.0,25,0,0,F,20,A,D,D,D,C
2001,40996.0,8.5,10,0,0,F,20,A,D,D,D,C
2001,40997.0,10.1,10,0,0,F,20,A,D,D,D,C
2001,40998.0,10.1,10,0,0,F,20,A,D,D,D,D
2001,40999.0,4.0,45,50,30,F,20,A,D,D,D,D
2001,41000.0,11.7,0,0,0,F,20,A,D,D,D,D
2001,41001.0,5.2,50,0,0,F,20,A,D,D,D,D
2001,41002.0,11.5,0,0,0,F,20,A,D,D,D,D
2001,41003.0,0.0,0,0,0,F,20,A,D,D,D,D
2001,41004.0,7.5,20,0,10,F,20,A,D,D,E,D
2001,41005.0,9.5,0,0,0,F,20,A,D,D,E,D
2001,41006.0,0.0,0,0,0,F,20,A,D,D,E,D
2001,41007.0,9.5,0,0,0,F,20,A,D,D,E,D
2001,41008.0,23.0,0,0,0,F,20,A,D,E,E,D
2001,41009.0,8.0,0,10,0,F,20,A,D,E,E,E
2001,41010.0,9.5,0,10,0,F,20,A,D,E,E,E
2001,41011.0,10.4,10,60,15,F,20,A,D,E,E,E
2001,41012.0,0.0,0,0,0,F,20,A,D,E,E,E
2001,41013.0,1.0,0,0,0,F,20,A,D,E,E,E
2001,41014.0,7.5,0,0,30,F,20,A,D,E,E,E
2001,41015.0,0.0,0,0,10,F,20,B,D,E,E,E
2001,41016.0,11.1,0,0,0,F,20,B,D,E,E,E
2001,41017.0,23.4,0,0,0,F,20,B,D,E,E,E
2001,41018.0,0.0,10,0,0,F,20,B,D,E,E,E
2001,41019.0,10.0,0,0,0,F,20,B,D,E,E,E
2001,41020.0,6.6,10,15,0,F,20,B,D,F,F,F
2001,41021.0,7.6,0,20,0,F,20,B,D,F,F,F
2001,41022.0,9.6,70,15,10,F,20,B,D,F,F,F
2001,41023.0,16.6,20,0,30,F,20,B,D,F,F,F
2001,41024.0,9.1,10,15,0,F,20,B,D,F,F,F
2001,41025.0,8.2,30,0,0,F,20,B,D,F,F,F
2001,41026.0,23.8,0,0,0,F,20,B,D,F,F,F
2001,41027.0,11.3,10,0,0,F,20,B,D,F,F,F
2001,41028.0,12.7,0,0,0,F,20,C,D,F,F,F
2001,41029.0,3.4,0,45,0,F,20,E,F,F,F,F
2001,41030.0,1.6,0,0,0,F,20,E,F,F,F,G
2001,41031.0,10.0,20,0,0,F,20,E,F,F,F,G
2001,41032.0,15.0,10,0,50,F,20,,,,,
2001,41033.0,7.5,0,20,0,M,20,,,,,
2001,41034.0,7.6,50,20,40,M,20,,,,,
2001,41035.0,1.6,0,0,0,M,20,,,,,
2001,41036.0,10.7,0,0,0,M,20,,,,,
2001,41037.0,12.1,0,0,0,M,20,,,,,
2001,41038.0,0.0,0,0,0,M,20,,,,,
2001,41039.0,0.0,0,0,0,M,20,,,,,
2001,41040.0,11.9,0,0,0,M,20,,,,,
2001,41041.0,8.2,20,5,10,M,20,,,,,
2001,41042.0,20.0,20,0,0,M,20,,,,,
2001,41043.0,11.9,0,0,0,M,20,,,,,
2501,41044.0,0.0,15,70,0,F,20,A,A,B,B,A
2501,41045.0,0.0,0,0,0,F,20,A,A,B,B,A
2501,41046.0,0.0,0,0,0,F,20,A,A,C,D,A
2501,41047.0,0.0,0,0,0,F,20,A,A,C,D,A
2501,41048.0,0.0,0,0,0,F,20,A,A,C,D,A
2501,41049.0,0.0,0,0,0,F,20,A,A,C,D,A
2501,41050.0,0.0,0,0,15,F,20,A,A,C,D,A
2501,41051.0,0.0,0,10,5,F,20,A,A,D,D,B
2501,41052.0,10.1,0,0,20,F,20,A,A,D,D,B
2501,41053.0,19.0,20,5,10,F,20,A,A,D,D,B
2501,41054.0,0.0,0,0,0,F,20,A,A,D,D,B
2501,41055.0,9.6,35,45,20,F,20,A,A,D,D,C
2501,41056.0,7.5,0,25,0,F,20,A,A,D,D,C
2501,41057.0,2.6,0,0,0,F,20,A,A,D,D,C
2501,41058.0,11.3,0,0,0,F,20,A,A,E,E,C
2501,41059.0,8.9,0,15,0,F,20,A,A,E,E,D
2501,41060.0,9.9,25,0,0,F,20,A,A,E,E,D
2501,41061.0,1.0,0,0,10,F,20,A,A,E,E,D
2501,41062.0,3.6,0,0,0,F,20,A,A,E,E,D
2501,41063.0,17.7,0,15,30,F,20,A,A,E,E,D
2501,41064.0,11.2,60,10,20,F,20,A,A,E,E,D
2501,41065.0,22.5,0,5,10,F,20,A,A,E,E,D
2501,41066.0,11.3,0,0,0,F,20,A,B,E,E,D
2501,41067.0,9.7,0,0,15,F,20,A,B,E,E,D
2501,41068.0,1.6,0,0,0,F,20,A,B,E,E,E
2501,41069.0,11.8,0,0,0,F,20,A,C,E,F,E
2501,41070.0,2.2,80,0,0,M,20,B,F,F,F,F
2501,41071.0,7.4,40,5,0,M,20,C,F,F,F,F
2501,41072.0,25.2,0,0,0,M,20,C,F,F,F,F
2501,41073.0,9.5,20,10,0,M,20,E,F,F,F,G
2501,41074.0,9.5,25,0,0,M,20,,,,,
2501,41075.0,0.0,0,0,0,M,20,,,,,
2501,41076.0,0.0,0,0,0,M,20,,,,,
2501,41077.0,0.0,0,0,0,M,20,,,,,
2501,41078.0,13.1,0,0,0,M,20,,,,,
2501,41079.0,11.3,20,0,0,M,20,,,,,
2501,41080.0,3.8,25,30,0,M,20,,,,,
2501,41081.0,0.0,0,0,0,M,20,,,,,
2501,41082.0,6.0,10,30,0,M,20,,,,,
1402,41083.0,11.3,20,0,0,F,20,A,A,A,A,A
1402,41084.0,7.5,0,30,0,F,20,A,A,B,A,A
1402,41085.0,11.1,0,15,0,F,20,A,A,B,A,A
1402,41086.0,15.0,0,0,0,M,20,A,A,D,D,B
1402,41087.0,15.0,0,0,0,M,20,A,A,D,D,B
1402,41088.0,15.0,0,0,0,M,20,A,A,D,D,B
1402,41089.0,15.0,0,0,0,M,20,A,A,D,D,B
1402,41090.0,13.8,0,0,0,M,20,A,A,D,D,C
1402,41091.0,12.9,0,0,0,M,20,A,B,D,E,C
1402,41092.0,15.0,0,0,0,M,20,A,B,D,E,C
1402,41093.0,15.0,0,0,0,M,20,A,C,D,E,D
1402,41094.0,15.0,0,0,0,M,20,A,D,D,E,D
1402,41095.0,16.0,30,20,15,M,20,A,D,E,E,D
1402,41096.0,15.0,0,0,0,M,20,A,D,E,E,D
1402,41097.0,15.0,0,0,0,M,20,A,D,E,E,E
1402,41098.0,8.5,30,0,0,M,20,A,D,E,F,E
1402,41099.0,15.0,0,0,0,M,20,A,D,E,F,E
1402,41100.0,15.0,0,0,0,M,20,A,D,E,F,E
1402,41101.0,15.0,0,0,0,M,20,A,D,E,F,E
1402,41102.0,15.0,0,0,0,M,20,B,D,E,F,F
1402,41103.0,15.0,0,0,0,M,20,B,D,E,F,F
1502,41104.0,3.8,0,0,0,F,20,A,A,B,B,A
1502,41105.0,15.0,0,0,0,F,20,A,A,C,B,A
1502,41106.0,2.4,10,0,0,F,20,A,A,C,B,B
1502,41107.0,15.0,0,0,0,F,20,A,A,C,C,B
1502,41108.0,0.6,10,0,10,F,20,A,A,C,C,B
1502,41109.0,15.0,0,0,0,F,20,A,A,C,C,B
1502,41110.0,15.0,0,0,0,F,20,A,A,C,D,B
1502,41111.0,26.4,0,0,0,F,20,A,A,C,D,B
1502,41112.0,13.3,0,0,0,F,20,A,A,C,D,B
1502,41113.0,5.8,0,30,15,F,20,A,A,C,D,B
1502,41114.0,8.9,10,15,0,F,20,A,A,C,D,B
1502,41115.0,15.0,0,0,0,F,20,A,A,D,D,B
1502,41116.0,12.7,0,0,0,F,20,A,A,D,D,C
1502,41117.0,15.0,0,0,0,F,20,A,A,D,D,C
1502,41118.0,15.0,0,0,0,F,20,A,A,D,D,C
1502,41119.0,7.5,0,35,0,F,20,A,A,D,D,C
1502,41120.0,22.6,0,25,0,F,20,A,B,D,D,D
1502,41121.0,26.2,0,0,0,F,20,A,B,D,D,D
1502,41122.0,15.0,0,0,0,M,20,A,B,D,D,D
1502,41123.0,26.9,0,0,0,M,20,A,B,D,D,D
1502,41124.0,13.1,30,20,40,M,20,A,B,E,D,D
1502,41125.0,13.5,10,0,0,M,20,A,B,E,E,D
1502,41126.0,0.0,0,0,0,M,20,A,C,E,E,D
1502,41127.0,1.6,5,15,0,M,20,A,D,E,E,D
1502,41128.0,0.0,0,0,0,M,20,A,D,E,E,D
1502,41129.0,0.0,0,0,0,M,20,A,D,E,E,D
1502,41130.0,0.0,0,0,0,M,20,A,D,E,E,D
1502,41131.0,0.0,0,0,0,M,20,A,D,E,E,E
1502,41132.0,0.0,0,30,0,M,20,A,D,E,F,E
1502,41133.0,2.0,30,85,50,M,20,A,D,E,F,E
1502,41134.0,26.9,0,0,0,M,20,A,D,E,F,E
1502,41135.0,8.1,50,0,0,M,20,A,D,E,F,E
1502,41136.0,0.0,0,0,0,M,20,A,D,E,F,E
1502,41137.0,5.2,10,20,40,M,20,B,D,F,F,F
1502,41138.0,0.0,0,0,0,M,20,,,,,
1502,41139.0,0.0,0,0,0,M,20,,,,,
1502,41140.0,0.0,0,0,0,M,20,,,,,
1502,41141.0,0.0,0,0,0,M,20,,,,,
1502,41142.0,0.0,0,0,0,M,20,,,,,
1502,41143.0,0.0,0,0,0,M,20,,,,,
1602,41144.0,7.5,10,45,0,F,20,A,A,A,B,A
1602,41145.0,0.0,25,5,0,F,20,A,A,A,B,A
1602,41146.0,22.5,20,10,0,F,20,A,A,A,B,A
1602,41147.0,15.0,0,0,0,F,20,A,A,A,B,A
1602,41148.0,15.0,0,0,0,F,20,A,A,B,B,A
1602,41149.0,15.0,0,0,0,F,20,A,A,B,B,A
1602,41150.0,15.0,0,0,0,F,20,A,A,B,B,A
1602,41151.0,0.0,0,25,0,F,20,A,A,B,B,A
1602,41152.0,5.0,0,0,0,F,20,A,A,B,C,A
1602,41153.0,17.1,0,65,0,F,20,A,A,B,C,A
1602,41154.0,14.7,0,0,0,F,20,A,A,B,C,A
1602,41155.0,15.0,0,0,0,F,20,A,A,B,C,A
1602,41156.0,15.0,0,0,0,F,20,A,A,B,C,A
1602,41157.0,27.3,0,0,0,F,20,A,A,B,C,A
1602,41158.0,6.0,0,0,0,F,20,A,A,C,C,A
1602,41159.0,2.0,0,0,20,F,20,A,A,C,C,A
1602,41160.0,3.6,5,0,5,F,20,A,A,C,C,A
1602,41161.0,3.4,0,0,10,F,20,A,A,C,C,A
1602,41162.0,15.0,0,0,0,F,20,A,A,C,C,B
1602,41163.0,2.2,10,35,30,F,20,A,A,C,C,B
1602,41164.0,15.0,0,0,0,F,20,A,A,C,C,B
1602,41165.0,15.0,0,0,0,F,20,A,A,C,C,B
1602,41166.0,22.8,20,0,10,F,20,A,A,C,D,B
1602,41167.0,27.1,0,0,0,F,20,A,A,C,D,B
1602,41168.0,15.5,10,0,0,F,20,A,A,C,D,B
1602,41169.0,16.0,0,0,0,F,20,A,A,C,D,B
1602,41170.0,15.0,0,0,0,F,20,A,A,C,D,B
1602,41171.0,15.0,0,0,0,F,20,A,A,C,D,B
1602,41172.0,15.0,0,0,0,F,20,A,A,C,D,B
1602,41173.0,22.5,30,0,0,F,20,A,A,C,D,B
1602,41174.0,15.0,10,0,0,F,20,A,A,C,D,B
1602,41175.0,12.5,0,10,0,F,20,A,A,C,D,B
1602,41176.0,1.0,0,0,0,F,20,A,A,C,D,B
1602,41177.0,23.8,0,25,0,F,20,A,A,C,D,B
1602,41178.0,0.0,20,15,0,F,20,A,A,C,D,B
1602,41179.0,7.5,25,15,20,F,20,A,A,D,D,B
1602,41180.0,15.0,0,0,0,F,20,A,A,D,D,C
1602,41181.0,15.0,0,0,0,F,20,A,A,D,D,C
1602,41182.0,15.0,0,0,0,F,20,A,A,D,D,C
1602,41183.0,16.0,0,0,0,F,20,A,A,D,D,C
1602,41184.0,15.0,0,0,0,F,20,A,A,D,D,C
1602,41185.0,15.0,0,0,0,F,20,A,A,D,D,C
1602,41186.0,15.0,0,0,0,F,20,A,A,D,D,C
1602,41187.0,18.0,0,70,0,F,20,A,A,D,E,C
1602,41188.0,28.4,0,0,0,F,20,A,A,D,E,C
1602,41189.0,14.9,0,0,0,F,20,A,A,D,E,C
1602,41190.0,15.0,0,0,0,F,20,A,A,D,E,C
1602,41191.0,4.8,80,0,5,F,20,A,A,D,E,D
1602,41192.0,28.5,0,0,0,F,20,A,A,D,E,D
1602,41193.0,15.0,0,0,0,F,20,A,A,D,E,D
1602,41194.0,13.7,10,15,0,F,20,A,A,D,E,D
1602,41195.0,1.6,0,0,0,F,20,A,A,D,E,D
1602,41196.0,9.9,35,15,0,F,20,A,B,E,E,D
1602,41197.0,15.0,0,0,0,F,20,A,B,E,E,D
1602,41198.0,6.4,10,0,0,F,20,A,B,E,E,D
1602,41199.0,15.0,0,0,0,F,20,A,B,E,E,D
1602,41200.0,12.9,15,0,15,F,20,A,B,E,E,D
1602,41201.0,10.3,0,30,0,F,20,A,B,E,E,E
1602,41202.0,15.0,0,0,0,F,20,A,B,E,E,E
1602,41203.0,15.0,0,0,0,F,20,A,B,E,E,E
1602,41204.0,15.0,0,0,0,F,20,A,B,E,E,E
1602,41205.0,15.0,0,0,0,M,20,A,B,E,E,E
1602,41206.0,15.0,0,0,0,M,20,A,B,E,E,E
1602,41207.0,4.8,10,45,100,M,20,A,B,E,E,E
1602,41208.0,15.0,0,0,0,M,20,A,B,E,E,E
1602,41209.0,15.0,0,0,0,M,20,A,B,E,E,E
1602,41210.0,15.0,0,0,0,M,20,A,C,E,E,E
1602,41211.0,1.6,0,0,10,M,20,A,D,E,E,E
1602,41212.0,18.1,0,0,0,M,20,A,D,E,E,E
1602,41213.0,0.0,0,45,0,M,20,A,D,E,E,E
1602,41214.0,7.5,0,0,0,M,20,A,D,E,E,E
1602,41215.0,6.4,0,0,0,M,20,A,D,E,E,E
1602,41216.0,2.0,0,0,0,M,20,A,D,E,E,E
1602,41217.0,4.4,0,0,0,M,20,A,D,E,E,E
1602,41218.0,12.1,0,10,15,M,20,A,D,E,E,E
1602,41219.0,0.0,50,0,0,M,20,A,D,E,E,E
1602,41220.0,2.0,0,0,0,M,20,A,D,E,E,E
1602,41221.0,2.0,0,0,0,M,20,A,D,E,E,E
1602,41222.0,15.0,0,10,0,M,20,A,D,E,E,E
1602,41223.0,2.0,0,0,0,M,20,A,D,E,E,E
1602,41224.0,28.9,0,0,0,M,20,A,D,E,E,E
1602,41225.0,9.7,0,35,0,M,20,A,D,E,E,E
1602,41226.0,18.0,0,0,0,M,20,A,D,E,E,E
1602,41227.0,8.2,0,0,0,M,20,A,D,E,E,E
1602,41228.0,21.2,35,5,10,M,20,A,D,E,E,E
1602,41229.0,2.0,0,0,0,M,20,A,D,E,E,E
1602,41230.0,15.0,0,0,10,M,20,A,D,E,E,E
1602,41231.0,17.8,0,0,0,M,20,A,D,E,E,E
1602,41232.0,17.0,0,0,0,M,20,A,D,E,E,E
1602,41233.0,17.0,0,0,0,M,20,A,D,E,E,F
1602,41234.0,3.6,0,0,0,M,20,A,D,E,E,F
1602,41235.0,2.4,0,0,0,M,20,A,D,E,E,F
1602,41236.0,0.0,0,15,0,M,20,A,D,E,E,F
1602,41237.0,11.9,25,0,0,M,20,A,D,E,F,F
1602,41238.0,14.1,25,75,0,M,20,A,D,E,F,F
1602,41239.0,13.5,10,5,15,M,20,A,D,E,F,F
1602,41240.0,2.6,0,30,0,M,20,A,D,E,F,F
1602,41241.0,16.5,10,0,0,M,20,A,D,E,F,F
1602,41242.0,3.8,0,0,0,M,20,A,D,F,F,F
1602,41243.0,10.2,40,65,20,M,20,A,D,F,F,F
1602,41244.0,1.0,35,5,0,M,20,A,D,F,F,F
1602,41245.0,13.5,0,30,0,M,20,A,D,F,F,F
1602,41246.0,7.5,10,45,20,M,20,A,D,F,F,F
1602,41247.0,7.5,0,0,0,M,20,A,D,F,F,F
1602,41248.0,7.5,0,0,0,M,20,A,D,F,F,F
1602,41249.0,7.5,0,0,0,M,20,A,D,F,F,F
1602,41250.0,7.5,0,0,0,M,20,A,D,F,F,F
1602,41251.0,7.5,0,0,0,M,20,A,D,F,F,F
1602,41252.0,7.5,0,0,0,M,20,A,D,F,F,F
1602,41253.0,7.5,0,0,0,M,20,B,D,F,F,F
1602,41254.0,7.5,0,0,0,M,20,E,F,F,F,G
1602,41255.0,7.5,0,0,0,M,20,E,F,F,F,G
1602,41256.0,7.5,0,0,0,M,20,,,,,
1602,41257.0,7.5,0,0,0,M,20,,,,,
1602,41258.0,0.0,50,0,0,M,20,,,,,
1602,41259.0,7.5,0,0,0,M,20,,,,,
1602,41260.0,7.5,0,0,0,M,20,,,,,
1602,41261.0,7.5,0,0,0,M,20,,,,,
1602,41262.0,7.5,0,0,0,M,20,,,,,
1602,41263.0,7.5,0,0,0,M,20,,,,,
1602,41264.0,8.5,10,40,0,M,20,,,,,
1602,41265.0,7.5,0,0,0,M,20,,,,,
1602,41266.0,7.5,0,0,0,M,20,,,,,
1602,41267.0,7.5,0,0,0,M,20,,,,,
1602,41268.0,7.5,0,0,0,M,20,,,,,
1602,41269.0,7.5,0,0,0,M,20,,,,,
1602,41270.0,7.5,0,0,0,M,20,,,,,
1602,41271.0,7.5,0,0,0,M,20,,,,,
1602,41272.0,7.5,0,0,0,M,20,,,,,
1602,41273.0,7.5,0,0,0,M,20,,,,,
1602,41274.0,11.8,40,0,5,M,20,,,,,
702,41275.0,7.5,0,0,0,F,20,A,A,B,B,A
702,41276.0,0.0,0,20,0,F,20,A,A,B,C,A
702,41277.0,12.9,0,20,0,F,20,A,A,B,C,A
702,41278.0,7.5,0,0,0,F,20,A,A,C,C,A
702,41279.0,7.5,0,0,0,F,20,A,A,C,D,B
702,41280.0,4.0,0,0,0,M,20,A,A,D,D,B
702,41281.0,7.5,0,0,0,M,20,A,A,D,D,B
702,41282.0,7.5,0,0,0,M,20,A,A,D,D,C
702,41283.0,7.5,0,0,0,M,20,A,A,D,D,C
702,41284.0,7.5,0,0,0,M,20,A,B,D,D,C
702,41285.0,7.5,0,0,0,M,20,A,B,D,D,C
702,41286.0,0.0,10,10,0,M,20,,,,,
904,41287.0,7.5,0,0,0,F,20,A,A,A,A,A
904,41288.0,7.5,0,0,0,F,20,A,A,A,B,A
904,41289.0,7.5,0,0,0,F,20,A,A,A,B,A
904,41290.0,7.5,0,0,0,F,20,A,A,B,B,A
904,41291.0,7.5,0,0,0,F,20,A,A,B,B,A
904,41292.0,4.4,10,0,10,F,20,A,A,B,B,A
904,41293.0,7.5,0,0,0,F,20,A,A,B,B,A
904,41294.0,4.0,0,25,0,F,20,A,A,C,D,B
904,41295.0,16.7,20,0,0,F,20,A,B,C,D,B
904,41296.0,27.1,20,0,0,F,20,A,B,C,D,B
904,41297.0,17.8,0,0,0,F,20,A,B,D,D,B
904,41298.0,29.9,0,0,0,F,20,A,B,D,D,B
904,41299.0,17.2,0,0,10,F,20,A,B,D,D,B
904,41300.0,8.0,25,30,0,F,20,A,B,D,D,C
904,41301.0,7.5,0,50,100,F,20,A,B,D,D,C
904,41302.0,14.5,0,20,0,F,20,A,B,D,D,C
904,41303.0,26.5,0,25,0,F,20,A,B,D,D,C
904,41304.0,16.5,0,0,0,F,20,A,C,D,D,C
904,41305.0,18.6,0,0,0,F,20,A,D,D,D,C
904,41306.0,1.0,0,15,0,F,20,A,D,D,D,C
904,41307.0,23.4,0,45,0,F,20,A,D,D,D,C
904,41308.0,19.0,0,0,0,F,20,A,D,D,D,C
904,41309.0,15.3,0,10,0,F,20,A,D,D,D,D
904,41310.0,2.0,15,5,20,F,20,A,D,D,D,D
904,41311.0,30.4,0,0,0,F,20,A,D,E,D,D
904,41312.0,18.1,0,0,0,F,20,A,D,E,D,D
904,41313.0,2.0,0,0,20,F,20,A,D,E,D,D
904,41314.0,18.9,0,0,0,F,20,A,D,E,E,D
904,41315.0,10.1,0,0,0,F,20,A,D,E,E,D
904,41316.0,6.8,0,10,0,F,20,A,D,E,E,E
904,41317.0,17.0,0,0,0,F,20,A,D,E,E,E
904,41318.0,3.6,0,0,0,F,20,A,D,E,E,E
904,41319.0,6.0,0,0,0,F,20,A,D,E,E,E
904,41320.0,15.1,0,25,0,F,20,B,D,E,E,E
904,41321.0,3.6,0,0,0,F,20,B,D,E,E,E
904,41322.0,19.1,0,0,0,F,20,B,D,E,E,E
904,41323.0,11.1,20,25,10,F,20,B,D,E,E,E
904,41324.0,19.4,0,0,0,F,20,B,D,E,E,E
904,41325.0,15.8,45,45,10,F,20,B,D,F,E,E
904,41326.0,17.2,0,0,0,F,20,B,D,F,F,E
904,41327.0,8.5,0,0,0,F,20,B,D,F,F,E
904,41328.0,12.3,30,10,0,F,20,B,D,F,F,F
904,41329.0,7.5,0,0,0,F,20,B,D,F,F,F
904,41330.0,6.6,0,0,0,F,20,C,E,F,F,F
904,41331.0,3.6,0,0,10,M,20,E,F,F,F,F
904,41332.0,7.6,0,0,0,M,20,E,F,F,F,F
904,41333.0,13.5,40,45,30,M,20,E,F,F,F,F
904,41334.0,7.5,0,0,0,M,20,,,,,
904,41335.0,14.9,0,0,15,M,20,,,,,
904,41336.0,6.4,0,0,0,M,20,,,,,
904,41337.0,0.0,10,10,50,M,20,,,,,
904,41338.0,15.0,0,15,15,M,20,,,,,
904,41339.0,7.5,0,0,5,M,20,,,,,
904,41340.0,8.5,0,0,0,M,20,,,,,
904,41341.0,2.6,10,0,0,M,20,,,,,
904,41342.0,0.0,0,0,0,M,20,,,,,
904,41343.0,15.0,20,0,0,M,20,,,,,
904,41344.0,7.5,20,30,30,M,20,,,,,
904,41345.0,15.9,10,15,0,M,20,,,,,
904,41346.0,17.4,0,0,0,M,20,,,,,
904,41347.0,1.0,35,5,10,M,20,,,,,
904,41348.0,7.6,0,0,0,M,20,,,,,
904,41349.0,7.5,0,0,10,M,20,,,,,
904,41350.0,14.7,0,20,0,M,20,,,,,
904,41351.0,11.9,25,15,15,M,20,,,,,
904,41352.0,12.1,0,35,0,M,20,,,,,
904,41353.0,4.0,0,20,0,M,20,,,,,
904,41354.0,7.5,10,0,0,M,20,,,,,
904,41355.0,7.5,10,0,0,M,20,,,,,
904,41356.0,7.5,0,0,10,M,20,,,,,
904,41357.0,12.1,25,25,0,M,20,,,,,
904,41358.0,7.5,0,0,10,M,20,,,,,
2001,41359.0,9.1,0,0,0,F,20,A,A,A,A,A
2001,41360.0,18.0,0,0,0,F,20,A,A,B,C,B
2001,41361.0,14.5,20,0,20,F,20,A,A,B,C,B
2001,41362.0,14.1,0,25,0,F,20,A,A,C,C,B
2001,41363.0,30.0,10,0,0,F,20,A,A,C,C,B
2001,41364.0,21.6,55,0,10,F,20,A,A,C,C,B
2001,41365.0,1.0,0,25,0,F,20,A,B,C,C,B
2001,41366.0,7.5,0,0,0,F,20,A,D,D,D,C
2001,41367.0,7.5,0,0,0,F,20,A,D,D,D,C
2001,41368.0,20.6,0,0,0,F,20,A,D,D,D,C
2001,41369.0,0.0,20,45,0,F,20,A,D,D,D,D
2001,41370.0,19.8,0,0,0,F,20,A,D,D,D,D
2001,41371.0,7.5,0,0,0,F,20,A,D,D,D,D
2001,41372.0,11.1,0,20,30,F,20,A,D,D,D,D
2001,41373.0,7.5,0,0,0,F,20,A,D,D,D,D
2001,41374.0,19.8,0,0,0,F,20,A,D,D,D,D
2001,41375.0,7.5,0,0,0,F,20,A,D,D,D,E
2001,41376.0,7.5,0,0,0,F,20,A,D,D,E,E
2001,41377.0,10.5,30,15,20,F,20,A,D,D,E,E
2001,41378.0,9.5,0,60,0,F,20,A,D,D,E,E
2001,41379.0,7.5,0,0,0,F,20,A,D,D,E,E
2001,41380.0,16.2,55,0,50,F,20,A,D,D,E,E
2001,41381.0,7.8,0,0,0,F,20,A,D,E,E,E
2001,41382.0,7.5,0,0,0,F,20,B,D,E,E,E
2001,41383.0,7.5,0,0,0,F,20,B,D,E,E,E
2001,41384.0,19.5,0,0,0,F,20,B,D,E,E,E
2001,41385.0,0.0,0,10,0,F,20,B,D,E,E,E
2001,41386.0,9.7,0,0,0,F,20,B,D,E,E,E
2001,41387.0,0.0,0,45,20,F,20,B,D,E,E,E
2001,41388.0,7.5,0,0,0,M,20,B,D,E,F,F
2001,41389.0,7.5,0,0,0,M,20,B,D,E,F,F
2001,41390.0,7.5,0,0,0,M,20,B,D,F,F,F
2001,41391.0,7.5,0,0,0,M,20,B,D,F,F,F
2001,41392.0,0.0,0,0,0,M,20,B,D,F,F,F
2001,41393.0,0.0,0,0,0,M,20,B,D,F,F,F
2001,41394.0,0.0,0,0,0,M,20,B,D,F,F,F
2001,41395.0,15.0,0,20,20,M,20,B,F,F,F,G
2001,41396.0,0.0,0,0,0,M,20,,,,,
2001,41397.0,8.2,0,0,10,M,20,,,,,
2001,41398.0,11.0,60,60,20,M,20,,,,,
2001,41399.0,15.4,0,20,0,M,20,,,,,
2001,41400.0,7.5,0,0,0,M,20,,,,,
2001,41401.0,7.5,0,0,0,M,20,,,,,
2001,41402.0,0.0,0,35,0,M,20,,,,,
2001,41403.0,7.5,0,0,0,M,20,,,,,
2001,41404.0,20.9,0,0,0,M,20,,,,,
2001,41405.0,21.0,0,0,0,M,20,,,,,
2001,41406.0,7.5,0,0,0,M,20,,,,,
2001,41407.0,7.5,0,0,0,M,20,,,,,
702,41408.0,7.5,0,0,0,F,20,A,A,A,A,A
702,41409.0,18.9,0,0,0,F,20,A,A,A,A,A
702,41410.0,7.5,0,0,0,F,20,A,A,A,A,A
702,41411.0,7.5,0,0,0,F,20,A,A,A,B,A
702,41412.0,28.2,25,0,0,F,20,A,A,A,B,A
702,41413.0,7.5,0,0,0,F,20,A,A,A,B,A
702,41414.0,0.0,0,0,0,F,20,A,A,B,B,A
702,41415.0,31.9,0,0,0,F,20,A,A,B,B,A
702,41416.0,5.2,0,0,0,F,20,A,A,B,B,A
702,41417.0,7.5,0,0,0,F,20,A,A,B,B,A
702,41418.0,11.5,0,45,0,F,20,A,A,B,B,A
702,41419.0,7.5,0,0,0,F,20,A,A,B,B,A
702,41420.0,7.5,0,0,0,F,20,A,A,B,B,A
702,41421.0,18.0,0,0,20,F,20,A,A,B,B,A
702,41422.0,11.7,15,15,30,F,20,A,A,B,B,A
702,41423.0,3.0,0,35,10,F,20,A,A,B,B,A
702,41424.0,12.9,25,0,30,F,20,A,B,B,B,A
702,41425.0,7.5,0,0,0,F,20,A,B,B,B,A
702,41426.0,10.1,0,0,0,F,20,A,B,B,B,A
702,41427.0,20.3,50,0,30,F,20,A,B,B,B,A
702,41428.0,20.0,0,0,0,F,20,A,B,B,B,A
702,41429.0,8.5,0,20,50,F,20,A,B,B,B,A
702,41430.0,14.5,50,0,0,F,20,A,B,B,B,A
702,41431.0,19.4,0,0,0,F,20,A,B,B,B,A
702,41432.0,18.8,0,0,0,F,20,A,B,B,B,A
702,41433.0,10.1,0,0,0,F,20,A,B,B,B,A
702,41434.0,20.0,0,0,0,F,20,A,B,B,B,A
702,41435.0,8.0,0,0,0,F,20,A,B,B,B,A
702,41436.0,2.6,0,45,5,F,20,A,B,B,B,A
702,41437.0,10.1,0,0,0,F,20,A,B,B,B,A
702,41438.0,7.6,50,40,0,F,20,A,B,B,B,A
702,41439.0,10.7,50,0,20,F,20,A,B,B,B,A
702,41440.0,3.4,25,0,0,F,20,A,B,B,B,A
702,41441.0,10.1,0,0,0,F,20,A,D,B,C,A
702,41442.0,9.9,50,0,15,F,20,A,D,B,C,A
702,41443.0,3.4,0,15,0,F,20,A,D,B,C,A
702,41444.0,7.5,25,0,0,F,20,A,D,B,C,A
702,41445.0,20.2,0,0,0,F,20,A,D,B,C,A
702,41446.0,10.1,0,0,0,F,20,A,D,B,C,A
702,41447.0,18.6,0,10,0,F,20,A,D,C,C,A
702,41448.0,10.1,0,0,0,M,20,A,D,C,C,A
702,41449.0,11.8,0,45,0,M,20,A,D,C,C,A
702,41450.0,23.2,15,45,0,M,20,A,D,C,C,A
702,41451.0,4.0,50,0,0,M,20,A,D,C,C,A
702,41452.0,8.5,0,0,15,M,20,A,D,C,C,A
702,41453.0,19.8,0,0,0,M,20,A,D,C,C,B
702,41454.0,8.5,0,0,0,M,20,A,D,C,C,B
702,41455.0,8.5,0,0,0,M,20,A,D,C,C,B
702,41456.0,32.9,0,0,0,M,20,A,D,C,C,B
702,41457.0,8.5,0,0,0,M,20,A,D,C,C,B
702,41458.0,2.0,0,0,0,M,20,A,D,C,C,B
702,41459.0,21.2,0,0,0,M,20,A,D,C,C,B
702,41460.0,11.5,0,0,0,M,20,A,D,C,C,B
702,41461.0,11.8,0,35,15,M,20,A,D,C,D,B
702,41462.0,8.5,0,0,0,M,20,A,D,D,D,B
702,41463.0,20.6,0,0,0,M,20,A,D,D,D,B
702,41464.0,20.0,0,0,0,M,20,A,D,D,D,B
702,41465.0,8.5,0,0,0,M,20,A,D,D,D,B
702,41466.0,9.5,5,0,0,M,20,A,D,D,D,B
702,41467.0,7.5,20,0,0,M,20,A,D,D,D,B
702,41468.0,9.5,0,0,5,M,20,A,D,D,D,B
702,41469.0,19.4,0,0,0,M,20,A,D,D,D,B
702,41470.0,3.0,15,0,35,M,20,A,D,D,D,B
702,41471.0,1.0,0,0,0,M,20,A,D,D,D,B
702,41472.0,17.6,0,20,0,M,20,A,D,D,D,B
702,41473.0,29.7,20,0,0,M,20,A,D,D,D,B
702,41474.0,14.9,0,30,0,M,20,A,D,D,D,B
2402,41475.0,0.0,0,0,0,F,20,A,D,D,D,B
2402,41476.0,7.5,0,0,0,F,20,A,D,D,D,B
2402,41477.0,0.0,0,0,0,F,20,A,D,D,D,B
2402,41478.0,12.9,0,40,20,M,20,A,D,D,D,B
2402,41479.0,2.0,0,25,35,M,20,A,D,D,D,B
2402,41480.0,0.0,0,0,0,M,20,A,D,D,D,C
2402,41481.0,0.0,0,0,0,M,20,A,D,D,D,C
2402,41482.0,0.0,0,0,0,M,20,A,D,D,D,C
2402,41483.0,7.5,0,0,0,M,20,A,D,D,D,C
2402,41484.0,7.5,0,0,0,M,20,A,D,D,D,C
2402,41485.0,29.7,0,25,0,M,20,A,D,D,D,C
2402,41486.0,0.0,0,0,0,M,20,A,D,E,D,D
2402,41487.0,0.0,0,0,0,M,20,A,D,E,E,D
2402,41488.0,7.5,0,0,0,M,20,A,D,E,E,D
2402,41489.0,10.9,60,15,0,M,20,A,D,E,E,D
2402,41490.0,33.3,0,0,0,M,20,A,D,E,E,D
2402,41491.0,9.9,0,0,0,M,20,B,D,E,F,D
2402,41492.0,16.5,0,30,0,M,20,B,F,E,F,D
2402,41493.0,0.0,0,0,0,M,20,C,F,F,F,E
2402,41494.0,0.0,0,0,0,M,20,C,F,F,F,E
2402,41495.0,11.9,0,0,0,M,20,E,F,F,F,F
2402,41496.0,0.0,0,0,0,M,20,,,,,
2402,41497.0,22.5,0,0,0,M,20,,,,,
2402,41498.0,0.0,0,0,0,M,20,,,,,
2402,41499.0,0.0,0,0,0,M,20,,,,,
2402,41500.0,0.0,0,0,0,M,20,,,,,
2402,41501.0,7.5,0,0,0,M,20,,,,,
2402,41502.0,0.0,0,0,0,M,20,,,,,
2402,41503.0,7.5,0,0,0,M,20,,,,,
2402,41504.0,0.0,0,0,0,M,20,,,,,
2402,41505.0,23.4,30,0,35,M,20,,,,,
2402,41506.0,7.5,0,0,0,M,20,,,,,
2402,41507.0,9.5,10,0,0,M,20,,,,,
2402,41508.0,0.0,0,0,0,M,20,,,,,
2402,41509.0,0.0,0,0,0,M,20,,,,,
2402,41510.0,0.0,0,0,0,M,20,,,,,
2402,41511.0,0.0,0,0,0,M,20,,,,,
2402,41512.0,0.0,0,0,0,M,20,,,,,
2402,41513.0,0.0,0,0,0,M,20,,,,,
2402,41514.0,0.0,0,0,0,M,20,,,,,
2402,41515.0,0.0,0,0,0,M,20,,,,,
2402,41516.0,0.0,0,0,0,M,20,,,,,
2001,41517.0,0.0,0,0,0,F,20,A,A,A,A,A
2001,41518.0,0.0,0,0,0,F,20,A,A,A,A,A
2001,41519.0,0.0,0,0,0,F,20,A,A,A,A,A
2001,41520.0,0.0,0,0,0,F,20,A,A,A,A,A
2001,41521.0,7.5,0,25,0,F,20,A,A,A,B,A
2001,41522.0,0.0,0,0,0,F,20,A,A,A,B,A
2001,41523.0,0.0,0,0,0,F,20,A,A,A,B,A
2001,41524.0,11.1,0,0,0,F,20,A,A,A,B,A
2001,41525.0,9.5,10,0,0,F,20,A,A,A,B,A
2001,41526.0,0.0,0,0,0,F,20,A,A,A,B,A
2001,41527.0,0.0,0,45,0,F,20,A,A,A,B,A
2001,41528.0,22.5,0,0,0,F,20,A,A,A,B,A
2001,41529.0,0.0,0,45,0,F,20,A,A,B,B,A
2001,41530.0,21.2,0,0,0,F,20,A,A,B,B,A
2001,41531.0,2.4,25,25,10,F,20,A,B,B,B,A
2001,41532.0,21.4,0,0,0,F,20,A,B,B,B,A
2001,41533.0,22.5,0,0,0,F,20,A,B,B,B,A
2001,41534.0,21.0,50,15,20,F,20,A,B,B,B,A
2001,41535.0,15.3,50,0,0,F,20,A,B,B,B,A
2001,41536.0,22.5,0,0,0,F,20,A,B,B,B,A
2001,41537.0,33.6,0,0,0,F,20,A,B,B,B,A
2001,41538.0,6.8,0,0,0,F,20,A,B,B,B,A
2001,41539.0,9.1,0,0,0,F,20,A,B,B,B,A
2001,41540.0,22.5,0,0,0,F,20,A,D,B,B,A
2001,41541.0,22.5,0,0,0,F,20,A,D,B,B,A
2001,41542.0,6.8,0,0,0,F,20,A,D,B,B,A
2001,41543.0,10.1,10,55,0,F,20,A,D,B,C,A
2001,41544.0,16.0,15,20,10,F,20,A,D,B,C,A
2001,41545.0,11.5,0,0,0,F,20,A,D,B,C,A
2001,41546.0,22.4,0,0,0,F,20,A,D,B,C,A
2001,41547.0,7.5,50,45,5,F,20,A,D,B,C,A
2001,41548.0,9.9,10,0,0,F,20,A,D,B,C,A
2001,41549.0,30.6,0,20,0,F,20,A,D,B,C,A
2001,41550.0,1.4,0,35,0,F,20,A,D,B,C,A
2001,41551.0,19.0,0,15,0,F,20,A,D,B,C,A
2001,41552.0,12.1,0,0,0,F,20,A,D,B,D,A
2001,41553.0,4.6,10,35,0,F,20,A,D,B,D,A
2001,41554.0,22.5,0,0,0,F,20,A,D,B,D,A
2001,41555.0,22.5,0,0,0,F,20,A,D,B,D,A
2001,41556.0,22.5,0,0,0,F,20,A,D,B,D,A
2001,41557.0,22.5,0,0,0,F,20,A,D,B,D,A
2001,41558.0,22.5,0,0,0,F,20,A,D,C,D,A
2001,41559.0,22.5,0,0,0,F,20,A,D,C,D,B
2001,41560.0,22.5,0,0,0,F,20,A,D,C,D,B
2001,41561.0,11.2,0,0,0,F,20,A,D,C,D,B
2001,41562.0,2.4,0,0,30,F,20,A,D,C,D,B
2001,41563.0,22.5,0,0,0,F,20,A,D,C,D,B
2001,41564.0,22.5,0,0,0,F,20,A,D,C,D,B
2001,41565.0,22.5,0,0,0,F,20,A,D,D,D,B
2001,41566.0,5.8,25,0,10,F,20,A,D,D,D,B
2001,41567.0,15.1,20,0,30,F,20,A,D,D,D,B
2001,41568.0,7.0,20,0,10,F,20,A,D,D,D,B
2001,41569.0,0.0,0,45,0,F,20,A,D,D,D,B
2001,41570.0,10.1,0,10,0,F,20,A,D,D,D,B
2001,41571.0,15.1,0,0,0,F,20,A,D,D,D,B
2001,41572.0,2.6,40,75,20,F,20,A,D,D,D,B
2001,41573.0,23.0,0,0,0,F,20,A,D,D,D,B
2001,41574.0,2.0,40,15,10,F,20,A,D,D,D,B
2001,41575.0,9.5,0,0,0,F,20,A,D,D,D,B
2001,41576.0,20.4,0,0,0,F,20,A,D,D,D,B
2001,41577.0,2.0,10,0,0,F,20,B,D,D,D,B
2001,41578.0,22.5,0,0,0,F,20,B,D,D,D,B
2001,41579.0,25.0,0,0,60,F,20,B,D,D,D,B
2001,41580.0,30.8,10,10,0,F,20,B,D,D,D,B
2001,41581.0,9.5,0,0,0,F,20,B,D,D,D,B
2001,41582.0,15.0,0,50,0,F,20,B,D,D,D,B
2001,41583.0,23.2,0,0,0,F,20,B,D,D,D,C
2001,41584.0,17.6,0,20,0,F,20,B,D,D,E,C
2001,41585.0,16.0,10,0,25,F,20,B,D,D,E,C
2001,41586.0,21.6,0,0,0,F,20,B,D,D,E,C
2001,41587.0,15.0,45,0,0,F,20,C,D,D,E,D
2001,41588.0,7.2,0,0,0,F,20,C,D,E,E,D
2001,41589.0,33.8,0,0,0,F,20,C,F,E,E,D
2001,41590.0,17.0,0,40,0,F,20,E,F,E,F,D
2001,41591.0,20.4,0,0,0,F,20,E,F,E,F,E
2001,41592.0,4.4,10,10,30,F,20,,,,,
2001,41593.0,8.6,10,0,10,F,20,,,,,
2001,41594.0,10.8,0,0,0,F,20,,,,,
2001,41595.0,2.6,30,0,0,F,20,,,,,
2001,41596.0,14.3,80,20,30,F,20,,,,,
2001,41597.0,20.4,0,0,0,F,20,,,,,
2001,41598.0,9.5,0,0,0,F,20,,,,,
2001,41599.0,18.0,0,0,15,F,20,,,,,
2001,41600.0,22.5,0,0,0,M,20,,,,,
2001,41601.0,3.2,0,50,0,M,20,,,,,
2001,41602.0,22.4,0,0,0,M,20,,,,,
2001,41603.0,18.8,20,40,40,M,20,,,,,
2001,41604.0,11.9,0,0,0,M,20,,,,,
4004,41605.0,7.5,0,0,0,F,20,A,A,A,A,A
4004,41606.0,7.5,30,0,0,F,20,A,A,A,B,A
4004,41607.0,7.5,0,0,0,F,20,A,A,A,B,A
4004,41608.0,0.0,0,5,5,F,20,A,A,A,B,A
4004,41609.0,19.6,0,0,25,F,20,A,A,A,B,A
4004,41610.0,7.5,0,0,0,F,20,A,A,B,B,A
4004,41611.0,7.5,0,0,0,F,20,A,A,B,B,A
4004,41612.0,7.5,0,0,0,F,20,A,A,B,B,A
4004,41613.0,7.5,0,0,0,F,20,A,A,B,B,A
4004,41614.0,7.5,0,20,10,F,20,A,A,B,B,B
4004,41615.0,12.1,0,0,0,F,20,A,A,B,B,B
4004,41616.0,17.4,40,0,0,F,20,A,A,B,C,B
4004,41617.0,7.5,0,0,0,M,20,A,A,B,C,B
4004,41618.0,22.2,0,0,0,M,20,A,A,B,C,B
4004,41619.0,10.0,0,0,0,M,20,A,A,B,C,B
4004,41620.0,7.5,20,10,0,M,20,A,A,B,C,B
4004,41621.0,7.5,0,0,0,M,20,A,A,B,C,B
4004,41622.0,7.5,0,0,0,M,20,A,A,C,C,B
4004,41623.0,7.5,0,0,0,M,20,A,A,C,C,B
4004,41624.0,10.1,0,0,0,M,20,A,A,C,C,B
4004,41625.0,10.0,0,0,0,M,20,A,A,C,C,B
4004,41626.0,0.0,0,0,10,M,20,A,A,C,C,B
4004,41627.0,7.5,0,25,0,M,20,A,A,C,C,C
4004,41628.0,0.0,0,0,10,M,20,A,A,C,C,C
4004,41629.0,9.5,0,5,0,M,20,A,A,C,D,C
4004,41630.0,7.5,0,0,0,M,20,A,B,C,D,C
4004,41631.0,7.5,0,0,0,M,20,A,B,C,D,C
4004,41632.0,7.5,0,0,0,M,20,A,B,D,D,C
4004,41633.0,1.0,0,0,0,M,20,A,B,D,D,C
4004,41634.0,10.1,0,0,0,M,20,A,B,D,D,C
4004,41635.0,7.5,0,0,0,M,20,A,B,D,D,C
4004,41636.0,7.5,0,0,0,M,20,A,B,D,D,C
4004,41637.0,7.5,0,0,0,M,20,A,B,D,D,C
4004,41638.0,7.5,0,0,0,M,20,A,B,D,D,D
4004,41639.0,7.5,0,0,0,M,20,A,C,D,D,D
4004,41640.0,7.5,0,0,0,M,20,A,C,D,D,D
4004,41641.0,22.5,0,5,0,M,20,A,D,D,D,D
4004,41642.0,7.5,0,0,0,M,20,A,D,D,D,D
4004,41643.0,7.5,0,0,0,M,20,A,D,D,D,D
4004,41644.0,21.9,0,0,0,M,20,A,D,D,D,D
4004,41645.0,7.5,0,0,0,M,20,A,D,D,D,D
4004,41646.0,7.5,0,0,0,M,20,A,D,D,D,D
4004,41647.0,7.5,0,0,0,M,20,A,D,D,D,D
4004,41648.0,7.5,0,0,0,M,20,A,D,D,D,D
4004,41649.0,8.4,30,60,10,M,20,A,D,D,D,D
4004,41650.0,29.1,0,25,10,M,20,A,D,D,D,D
4004,41651.0,7.5,0,0,0,M,20,A,D,D,D,D
4004,41652.0,0.0,0,0,10,M,20,A,D,D,D,D
4004,41653.0,0.0,0,0,10,M,20,A,D,D,D,D
4004,41654.0,7.5,0,0,0,M,20,A,D,D,D,D
4004,41655.0,7.5,0,0,0,M,20,A,D,D,D,E
4004,41656.0,7.5,0,0,0,M,20,A,D,D,D,E
4004,41657.0,7.5,0,0,0,M,20,A,D,D,D,E
4004,41658.0,7.5,0,0,0,M,20,A,D,D,D,E
4004,41659.0,7.8,0,0,0,M,20,A,D,D,D,E
4004,41660.0,7.5,0,0,0,M,20,A,D,D,E,E
4004,41661.0,7.5,0,0,0,M,20,A,D,D,E,E
4004,41662.0,7.5,0,0,0,M,20,A,D,D,E,E
4004,41663.0,7.5,0,0,0,M,20,A,D,D,E,E
4004,41664.0,10.5,0,65,20,M,20,A,D,D,E,E
4004,41665.0,7.5,0,0,0,M,20,A,D,D,E,E
4004,41666.0,7.5,0,0,0,M,20,A,D,D,E,E
4004,41667.0,7.5,0,0,0,M,20,A,D,D,E,E
4004,41668.0,7.4,30,45,15,M,20,A,D,E,E,E
4004,41669.0,7.5,0,0,0,M,20,A,D,E,E,E
4004,41670.0,7.5,0,0,0,M,20,A,D,E,E,E
4004,41671.0,16.3,0,30,0,M,20,A,D,E,E,E
4004,41672.0,1.0,0,0,0,M,20,A,D,E,E,E
4004,41673.0,7.5,0,0,0,M,20,A,D,E,E,E
4004,41674.0,7.5,0,0,0,M,20,A,D,E,E,E
4004,41675.0,7.5,0,0,0,M,20,A,D,E,E,E
4004,41676.0,7.5,0,0,0,M,20,A,D,E,E,E
4004,41677.0,7.5,0,0,0,M,20,A,D,E,E,E
4004,41678.0,7.5,0,0,0,M,20,A,D,E,F,E
4004,41679.0,7.5,0,0,0,M,20,A,D,E,F,F
4004,41680.0,7.5,0,0,0,M,20,A,D,E,F,F
4004,41681.0,6.0,0,10,0,M,20,A,D,E,F,F
4004,41682.0,7.5,0,0,0,M,20,A,D,E,F,F
4004,41683.0,8.2,60,20,20,M,20,A,D,E,F,F
4004,41684.0,7.5,0,0,0,M,20,B,F,E,F,F
4004,41685.0,21.0,0,0,0,M,20,B,F,F,F,F
4004,41686.0,7.5,0,0,0,M,20,B,F,F,F,F
4004,41687.0,7.5,0,0,0,M,20,B,F,F,F,F
4004,41688.0,7.5,0,0,0,M,20,C,F,F,F,F
4004,41689.0,7.5,0,0,0,M,20,E,F,F,F,F
4004,41690.0,7.5,0,0,0,M,20,,,,,
4004,41691.0,16.4,0,30,0,M,20,,,,,
4004,41692.0,7.5,0,0,0,M,20,,,,,
4004,41693.0,7.5,0,0,0,M,20,,,,,
4004,41694.0,30.0,0,30,0,M,20,,,,,
4004,41695.0,10.1,0,0,0,M,20,,,,,
4004,41696.0,23.0,0,0,0,M,20,,,,,
4004,41697.0,7.5,0,0,0,M,20,,,,,
4004,41698.0,7.5,0,0,0,M,20,,,,,
4004,41699.0,7.5,0,0,0,M,20,,,,,
4004,41700.0,3.6,0,0,0,M,20,,,,,
4004,41701.0,7.5,0,0,0,M,20,,,,,
4004,41702.0,7.5,0,0,0,M,20,,,,,
4004,41703.0,1.8,10,30,0,M,20,,,,,
5401,41704.0,10.1,0,0,0,F,20,A,A,A,A,A
5401,41705.0,0.0,0,0,25,F,20,A,A,B,B,A
5401,41706.0,7.5,0,0,0,F,20,A,A,B,B,A
5401,41707.0,7.5,0,0,0,F,20,A,A,B,B,A
5401,41708.0,22.5,5,0,0,F,20,A,A,B,B,A
5401,41709.0,22.6,0,5,0,F,20,A,A,B,B,A
5401,41710.0,1.0,35,40,0,F,20,A,A,B,B,A
5401,41711.0,21.0,0,0,15,F,20,A,A,B,B,A
5401,41712.0,22.5,0,0,0,F,20,A,A,B,B,A
5401,41713.0,22.5,0,0,0,F,20,A,A,B,C,A
5401,41714.0,22.5,0,0,0,F,20,A,A,B,C,A
5401,41715.0,10.5,0,0,0,F,20,A,A,B,C,A
5401,41716.0,27.7,35,0,10,F,20,A,A,B,C,A
5401,41717.0,10.6,0,0,0,F,20,A,A,B,C,A
5401,41718.0,22.5,0,0,0,F,20,A,A,C,C,A
5401,41719.0,16.0,35,0,0,F,20,A,A,C,D,A
5401,41720.0,0.0,0,75,10,F,20,A,B,C,D,A
5401,41721.0,22.5,0,0,0,F,20,A,B,C,D,A
5401,41722.0,21.9,0,0,0,F,20,A,B,D,D,A
5401,41723.0,22.5,0,0,0,F,20,A,B,D,D,A
5401,41724.0,22.5,0,0,0,F,20,A,B,D,D,A
5401,41725.0,22.5,0,0,0,F,20,A,B,D,D,A
5401,41726.0,2.4,85,35,20,F,20,A,B,D,D,A
5401,41727.0,21.2,0,0,0,F,20,A,B,D,D,A
5401,41728.0,6.6,0,10,0,F,20,A,B,D,D,B
5401,41729.0,22.5,0,0,0,F,20,A,B,D,D,B
5401,41730.0,22.5,0,0,0,F,20,A,B,D,D,B
5401,41731.0,22.4,0,0,0,F,20,A,B,D,D,B
5401,41732.0,2.6,0,35,0,F,20,A,D,D,D,B
5401,41733.0,4.8,90,80,30,F,20,A,D,D,D,B
5401,41734.0,23.5,0,0,0,F,20,A,D,D,D,C
5401,41735.0,16.9,0,30,0,F,20,A,D,D,D,C
5401,41736.0,12.7,50,15,10,F,20,A,D,D,D,C
5401,41737.0,0.0,0,0,0,F,20,A,D,D,D,C
5401,41738.0,2.6,10,30,25,F,20,A,D,D,E,C
5401,41739.0,20.8,0,0,10,F,20,A,D,E,E,C
5401,41740.0,29.3,0,35,0,M,20,A,D,E,E,C
5401,41741.0,9.5,20,0,0,M,20,B,D,E,E,C
5401,41742.0,21.2,0,0,0,M,20,B,D,E,E,D
5401,41743.0,22.4,0,0,0,M,20,B,D,E,E,D
5401,41744.0,22.5,0,0,0,M,20,C,D,E,E,E
5401,41745.0,22.5,0,0,0,M,20,C,D,E,E,E
5401,41746.0,22.5,0,0,0,M,20,E,D,E,F,E
5401,41747.0,0.0,0,0,0,M,20,E,D,F,F,E
5401,41748.0,22.5,0,0,0,M,20,E,D,F,F,E
5401,41749.0,0.0,0,0,0,M,20,E,D,F,F,F
5401,41750.0,21.8,0,0,0,M,20,E,F,F,F,F
5401,41751.0,6.4,55,45,0,M,20,,,,,
5401,41752.0,22.5,0,0,0,M,20,,,,,
5401,41753.0,11.1,10,55,20,M,20,,,,,
5401,41754.0,20.2,35,50,10,M,20,,,,,
5401,41755.0,12.9,0,0,0,M,20,,,,,
5401,41756.0,13.9,0,0,0,M,20,,,,,
5401,41757.0,3.4,0,0,0,M,20,,,,,
5401,41758.0,5.0,0,20,10,M,20,,,,,
5401,41759.0,5.4,40,10,0,M,20,,,,,
5401,41760.0,10.9,0,0,0,M,20,,,,,
1501,41761.0,10.8,0,0,0,F,20,A,A,B,A,A
1501,41762.0,21.0,20,0,0,F,20,A,A,B,A,A
1501,41763.0,10.3,25,0,0,F,20,A,A,B,B,A
1501,41764.0,8.4,30,0,0,F,20,A,A,B,B,A
1501,41765.0,12.9,0,0,0,F,20,A,A,B,B,A
1501,41766.0,30.6,10,0,20,F,20,A,A,B,B,A
1501,41767.0,14.0,35,0,25,F,20,A,A,C,C,B
1501,41768.0,12.9,0,0,0,F,20,A,B,C,C,B
1501,41769.0,9.5,10,0,25,F,20,A,B,C,D,B
1501,41770.0,22.0,0,15,0,F,20,A,B,D,D,B
1501,41771.0,16.5,30,0,20,F,20,A,B,D,D,B
1501,41772.0,4.8,35,20,0,F,20,A,B,D,D,B
1501,41773.0,5.6,0,20,0,F,20,A,D,D,D,B
1501,41774.0,22.4,0,0,0,F,20,A,D,D,D,B
1501,41775.0,10.1,20,0,0,F,20,A,D,D,D,B
1501,41776.0,3.2,10,25,0,F,20,A,D,D,D,B
1501,41777.0,35.0,0,0,0,F,20,A,D,D,D,B
1501,41778.0,7.5,70,10,30,M,20,A,D,D,D,B
1501,41779.0,8.5,0,0,0,M,20,A,D,D,D,B
1501,41780.0,20.1,0,100,0,M,20,A,D,D,D,C
1501,41781.0,9.5,0,0,0,M,20,B,D,D,D,C
1501,41782.0,8.5,0,0,0,M,20,B,D,D,E,E
1501,41783.0,8.5,0,0,0,M,20,B,D,D,E,E
1501,41784.0,0.0,70,60,30,M,20,E,F,D,F,E
1501,41785.0,2.0,0,0,0,M,20,,,,,
3202,41786.0,19.4,10,15,5,F,20,A,A,A,B,A
3202,41787.0,35.2,0,0,0,F,20,A,A,A,B,A
3202,41788.0,10.4,30,45,0,F,20,A,A,B,B,A
3202,41789.0,19.4,30,0,0,F,20,A,A,B,B,A
3202,41790.0,7.5,35,0,0,F,20,A,A,B,C,A
3202,41791.0,8.5,0,0,0,F,20,A,B,B,C,A
3202,41792.0,11.7,25,40,0,F,20,A,D,C,C,A
3202,41793.0,7.0,0,10,0,F,20,A,D,C,D,A
3202,41794.0,12.5,10,0,50,F,20,A,D,C,D,B
3202,41795.0,2.0,0,0,0,M,20,A,D,D,D,B
3202,41796.0,7.5,0,35,0,M,20,A,D,D,D,B
3202,41797.0,11.3,10,0,0,M,20,A,D,D,D,B
3202,41798.0,7.5,0,25,10,M,20,A,D,D,D,B
3202,41799.0,12.9,0,0,0,M,20,B,D,D,E,B
3202,41800.0,13.7,30,35,5,M,20,B,D,D,E,C
3202,41801.0,9.5,10,15,0,M,20,B,D,E,E,C
3202,41802.0,22.5,0,0,0,M,20,C,F,F,F,E
1602,41803.0,23.2,0,0,0,F,20,A,A,A,A,A
1602,41804.0,22.5,0,0,0,F,20,A,A,A,A,A
1602,41805.0,9.0,40,0,0,F,20,A,A,A,A,A
1602,41806.0,11.1,0,0,0,F,20,A,A,A,A,A
1602,41807.0,0.0,15,0,0,F,20,A,A,A,A,A
1602,41808.0,11.1,0,0,0,F,20,A,A,B,B,A
1602,41809.0,4.2,30,15,15,F,20,A,A,B,B,A
1602,41810.0,16.6,25,25,0,F,20,A,A,B,B,A
1602,41811.0,11.3,0,0,0,F,20,A,A,B,B,A
1602,41812.0,0.0,0,15,0,F,20,A,A,B,B,A
1602,41813.0,7.5,0,15,0,F,20,A,A,B,B,A
1602,41814.0,22.5,0,0,0,F,20,A,A,B,B,A
1602,41815.0,4.2,0,30,0,F,20,A,A,B,B,A
1602,41816.0,2.0,0,45,0,F,20,A,A,B,B,A
1602,41817.0,2.0,0,45,0,F,20,A,A,B,B,A
1602,41818.0,21.4,20,0,0,F,20,A,A,B,B,A
1602,41819.0,18.6,30,0,10,F,20,A,A,B,B,A
1602,41820.0,22.7,0,0,0,F,20,A,A,B,B,A
1602,41821.0,11.1,0,0,0,F,20,A,A,B,B,A
1602,41822.0,22.5,0,0,0,F,20,A,A,B,B,A
1602,41823.0,7.5,0,0,40,F,20,A,A,B,B,A
1602,41824.0,10.1,0,0,0,F,20,A,B,B,B,A
1602,41825.0,7.5,0,10,0,F,20,A,B,B,B,A
1602,41826.0,0.0,50,0,40,F,20,A,B,B,B,A
1602,41827.0,19.9,25,5,0,F,20,A,B,B,B,A
1602,41828.0,10.1,0,0,0,F,20,A,B,B,C,A
1602,41829.0,4.2,30,0,0,F,20,A,B,B,C,A
1602,41830.0,8.9,0,0,0,F,20,A,B,B,C,A
1602,41831.0,8.9,0,0,0,F,20,A,B,B,C,A
1602,41832.0,2.0,30,15,0,F,20,A,B,B,C,A
1602,41833.0,23.4,0,0,0,F,20,A,B,B,C,A
1602,41834.0,20.5,55,45,0,F,20,A,B,C,C,A
1602,41835.0,15.0,0,0,0,F,20,A,B,C,C,A
1602,41836.0,23.4,0,0,0,F,20,A,B,C,C,A
1602,41837.0,22.5,0,0,0,F,20,A,B,C,C,A
1602,41838.0,23.5,50,30,0,F,20,A,B,C,C,A
1602,41839.0,22.5,0,0,0,F,20,A,B,C,C,A
1602,41840.0,10.3,20,45,30,F,20,A,B,C,D,A
1602,41841.0,15.0,25,0,40,F,20,A,B,C,D,A
1602,41842.0,22.5,0,0,0,F,20,A,B,C,D,A
1602,41843.0,18.6,20,20,0,F,20,A,B,C,D,A
1602,41844.0,11.1,0,0,0,F,20,A,B,C,D,A
1602,41845.0,0.0,25,0,0,F,20,A,B,C,D,A
1602,41846.0,7.5,0,0,10,F,20,A,B,C,D,A
1602,41847.0,8.8,10,15,5,F,20,A,B,C,D,B
1602,41848.0,0.0,5,0,10,F,20,A,D,D,D,B
1602,41849.0,0.0,0,10,5,F,20,A,D,D,D,B
1602,41850.0,7.8,20,45,45,F,20,A,D,D,D,B
1602,41851.0,1.0,5,5,0,F,20,A,D,D,D,B
1602,41852.0,15.7,15,30,15,M,20,A,D,D,D,B
1602,41853.0,22.5,0,0,0,M,20,A,D,D,D,B
1602,41854.0,6.2,20,0,30,M,20,A,D,D,D,B
1602,41855.0,20.6,0,20,0,M,20,A,D,D,D,B
1602,41856.0,22.5,0,0,0,M,20,A,D,D,D,B
1602,41857.0,9.5,55,30,0,M,20,A,D,D,D,B
1602,41858.0,22.5,0,0,0,M,20,A,D,D,D,B
1602,41859.0,22.5,0,0,0,M,20,A,D,D,D,B
1602,41860.0,22.5,0,0,0,M,20,A,D,D,D,B
1602,41861.0,22.5,0,0,0,M,20,A,D,D,D,B
1602,41862.0,22.5,0,0,0,M,20,A,D,D,D,B
1602,41863.0,24.7,0,0,0,M,20,A,D,D,D,B
1602,41864.0,22.5,0,0,0,M,20,A,D,D,D,B
1602,41865.0,11.5,0,0,0,M,20,A,D,D,D,B
1602,41866.0,12.9,0,0,0,M,20,A,D,D,D,B
1602,41867.0,22.5,0,0,0,M,20,A,D,D,D,B
1602,41868.0,7.5,0,20,0,M,20,A,D,D,D,B
1602,41869.0,32.8,20,0,0,M,20,A,D,D,D,B
1602,41870.0,15.1,55,0,10,M,20,A,D,D,D,B
1602,41871.0,13.7,0,0,0,M,20,A,D,D,D,B
1602,41872.0,15.7,10,50,0,M,20,A,D,D,D,B
1602,41873.0,22.5,0,0,0,M,20,A,D,D,D,C
1602,41874.0,14.5,30,35,5,M,20,A,D,D,D,C
1602,41875.0,9.5,0,15,0,M,20,A,D,D,D,C
1602,41876.0,22.5,0,0,0,M,20,A,D,D,E,C
1602,41877.0,22.5,0,0,0,M,20,A,D,D,E,C
1602,41878.0,22.5,0,0,0,M,20,A,D,D,E,C
1602,41879.0,22.5,0,0,0,M,20,A,D,D,E,C
1602,41880.0,22.4,0,0,0,M,20,A,D,D,E,C
1602,41881.0,22.5,0,0,0,M,20,A,D,E,E,D
1602,41882.0,17.0,0,35,0,M,20,A,D,E,E,D
1602,41883.0,22.5,0,0,0,M,20,A,D,E,E,D
1602,41884.0,9.1,0,0,0,M,20,B,F,E,E,D
1602,41885.0,10.3,0,0,0,M,20,B,F,E,F,D
1602,41886.0,22.5,0,0,0,M,20,B,F,E,F,E
1602,41887.0,2.6,50,0,30,M,20,B,F,E,F,E
1602,41888.0,23.6,0,0,0,M,20,E,F,F,F,E
1602,41889.0,22.5,0,0,0,M,20,,,,,
1602,41890.0,22.5,0,0,0,M,20,,,,,
1602,41891.0,15.1,10,45,10,M,20,,,,,
1602,41892.0,21.0,0,15,0,M,20,,,,,
1602,41893.0,16.6,10,30,0,M,20,,,,,
1602,41894.0,9.1,0,0,0,M,20,,,,,
1602,41895.0,30.0,0,40,0,M,20,,,,,
1602,41896.0,15.0,50,0,0,M,20,,,,,
3002,41897.0,16.6,25,20,10,F,20,A,A,A,B,A
3002,41898.0,7.6,50,0,70,F,20,A,A,B,B,A
3002,41899.0,8.9,20,15,0,F,20,A,A,B,B,A
3002,41900.0,15.0,0,0,0,M,20,A,A,B,B,A
3002,41901.0,15.9,0,45,0,M,20,A,A,B,B,A
3002,41902.0,12.1,0,0,0,M,20,A,B,B,B,A
3002,41903.0,12.1,0,0,0,M,20,A,B,B,B,A
3002,41904.0,10.7,0,0,0,M,20,A,B,B,B,A
3002,41905.0,15.0,0,0,0,M,20,A,B,B,C,A
3002,41906.0,12.1,0,0,0,M,20,A,B,B,C,B
3002,41907.0,4.4,40,90,10,M,20,A,D,B,C,B
3002,41908.0,7.5,80,0,30,M,20,A,D,B,D,B
3002,41909.0,2.0,10,50,20,M,20,A,D,C,D,B
3002,41910.0,4.4,0,35,0,M,20,A,D,C,D,B
3002,41911.0,25.1,0,45,30,M,20,A,D,C,D,B
3002,41912.0,8.9,20,0,0,M,20,A,D,C,D,B
3002,41913.0,23.9,0,0,0,M,20,A,D,D,D,B
3002,41914.0,12.1,0,0,0,M,20,B,D,D,D,B
3002,41915.0,9.5,0,0,0,M,20,B,D,D,D,C
3002,41916.0,13.3,0,0,5,M,20,B,D,D,D,C
702,41917.0,14.7,0,0,0,F,20,A,D,B,C,A
702,41918.0,17.4,25,15,0,F,20,A,D,B,C,A
702,41919.0,5.4,15,45,0,F,20,A,D,B,D,B
702,41920.0,0.0,0,0,0,F,20,A,D,B,D,B
702,41921.0,3.2,0,45,0,F,20,A,D,C,D,B
702,41922.0,11.1,0,0,10,F,20,A,D,C,D,B
702,41923.0,0.0,0,0,0,F,20,A,D,C,D,B
702,41924.0,0.0,0,0,0,F,20,A,D,C,D,B
702,41925.0,12.5,0,0,0,F,20,A,D,C,D,B
702,41926.0,10.1,0,0,0,M,20,A,D,C,D,B
702,41927.0,10.1,0,0,0,M,20,A,D,C,D,B
702,41928.0,2.4,10,0,0,M,20,A,D,C,D,B
702,41929.0,10.5,0,35,50,M,20,A,D,C,D,B
702,41930.0,3.6,0,0,0,M,20,A,D,C,D,B
702,41931.0,21.4,25,0,0,M,20,A,D,C,D,B
702,41932.0,0.0,15,0,0,M,20,A,D,C,D,B
702,41933.0,7.5,0,10,15,M,20,A,D,D,D,C
702,41934.0,7.5,0,15,0,M,20,B,D,D,D,C
702,41935.0,4.8,0,0,0,M,20,B,D,D,D,C
702,41936.0,7.5,0,20,15,M,20,B,D,D,D,C
702,41937.0,0.0,0,0,0,M,20,B,D,D,D,C
702,41938.0,15.0,0,60,0,M,20,B,D,D,D,D
702,41939.0,11.7,25,0,0,M,20,B,D,D,D,D
702,41940.0,0.0,0,0,0,M,20,B,D,D,D,D
702,41941.0,20.4,0,20,0,M,20,B,D,D,E,D
702,41942.0,29.2,50,0,0,M,20,B,D,D,E,D
702,41943.0,7.0,30,20,0,M,20,B,D,E,E,D
702,41944.0,5.0,0,0,0,M,20,B,D,E,E,E
702,41945.0,13.1,10,0,0,M,20,B,D,E,F,E
702,41946.0,0.0,0,0,0,M,20,,,,,
702,41947.0,4.2,25,35,10,M,20,,,,,
3202,41948.0,11.7,40,15,40,F,20,A,A,A,B,A
3202,41949.0,18.0,0,50,0,F,20,A,A,A,B,A
3202,41950.0,14.5,0,0,0,F,20,A,A,A,B,A
3202,41951.0,23.4,0,0,0,F,20,A,A,A,B,A
3202,41952.0,0.0,0,25,0,F,20,A,A,B,B,A
3202,41953.0,11.3,0,0,0,F,20,A,A,B,B,A
3202,41954.0,7.5,0,15,0,F,20,A,A,B,C,A
3202,41955.0,8.5,10,0,0,F,20,A,B,B,C,A
3202,41956.0,26.1,0,0,0,F,20,A,C,B,C,A
3202,41957.0,25.8,0,0,0,F,20,A,D,B,C,A
3202,41958.0,0.0,0,0,0,F,20,A,D,B,D,A
3202,41959.0,10.4,25,75,0,F,20,A,D,C,D,A
3202,41960.0,0.0,0,0,0,F,20,A,D,C,D,A
3202,41961.0,10.1,10,0,20,F,20,A,D,C,D,B
3202,41962.0,12.4,0,0,0,F,20,A,D,C,D,B
3202,41963.0,7.0,10,0,40,F,20,A,D,D,D,B
3202,41964.0,10.0,0,0,0,F,20,A,D,D,D,B
3202,41965.0,10.1,0,0,0,F,20,A,D,D,D,B
3202,41966.0,0.0,0,0,0,M,20,A,D,D,D,B
3202,41967.0,15.0,20,0,50,M,20,A,D,D,D,B
3202,41968.0,11.1,10,15,0,M,20,A,D,D,D,B
3202,41969.0,0.0,0,0,0,M,20,B,D,D,D,B
3202,41970.0,24.6,0,0,0,M,20,B,D,D,D,B
3202,41971.0,7.0,30,0,20,M,20,B,D,D,D,B
3202,41972.0,15.0,0,0,0,M,20,B,D,D,D,B
3202,41973.0,3.4,0,30,15,M,20,B,D,D,E,C
3202,41974.0,23.2,10,0,0,M,20,D,D,E,E,D
3202,41975.0,15.0,0,0,0,M,20,E,D,F,E,D
3202,41976.0,15.0,0,0,0,M,20,,,,,
3202,41977.0,10.3,30,0,0,M,20,,,,,
3202,41978.0,15.0,0,0,0,M,20,,,,,
3202,41979.0,18.7,30,0,20,M,20,,,,,
3202,41980.0,15.0,0,0,0,M,20,,,,,
3202,41981.0,15.0,0,0,0,M,20,,,,,
3202,41982.0,15.0,0,0,0,M,20,,,,,
2001,41983.0,15.0,0,0,0,F,20,A,D,D,D,B
2001,41984.0,15.1,0,0,0,F,20,A,D,D,D,B
2001,41985.0,23.6,0,0,0,F,20,A,D,D,D,B
2001,41986.0,18.4,20,15,15,F,20,A,D,D,D,B
2001,41987.0,15.0,0,0,0,F,20,A,D,D,D,B
2001,41988.0,15.0,0,0,0,F,20,A,D,D,D,B
2001,41989.0,15.0,0,0,0,F,20,A,D,D,D,B
2001,41990.0,15.0,0,0,0,F,20,A,D,D,D,B
2001,41991.0,15.0,0,0,0,F,20,A,D,D,D,B
2001,41992.0,15.0,0,0,0,F,20,A,D,D,D,B
2001,41993.0,15.0,0,0,0,F,20,A,D,D,D,B
2001,41994.0,16.0,0,0,0,F,20,A,D,D,D,B
2001,41995.0,15.0,25,25,25,F,20,A,D,D,D,B
2001,41996.0,15.0,0,0,0,F,20,A,D,D,D,B
2001,41997.0,15.0,0,0,0,F,20,A,D,D,D,B
2001,41998.0,15.0,0,0,0,F,20,A,D,D,D,B
2001,41999.0,10.3,15,5,10,F,20,A,D,D,D,B
2001,42000.0,9.5,0,0,5,F,20,A,D,D,D,B
2001,42001.0,2.6,0,0,10,F,20,A,D,D,D,B
2001,42002.0,24.4,40,25,20,F,20,A,D,D,D,B
2001,42003.0,15.0,0,0,0,F,20,A,D,D,D,B
2001,42004.0,15.0,0,0,0,F,20,A,D,D,D,B
2001,42005.0,11.9,20,0,0,F,20,A,D,D,D,B
2001,42006.0,1.4,40,50,0,F,20,B,D,D,D,B
2001,42007.0,15.0,0,0,0,F,20,B,D,D,D,C
2001,42008.0,15.0,0,0,0,M,20,B,D,D,D,C
2001,42009.0,15.0,0,0,0,M,20,B,D,E,D,C
2001,42010.0,15.0,0,0,0,M,20,B,D,E,D,C
2001,42011.0,10.0,0,25,0,M,20,B,D,E,D,C
2001,42012.0,15.0,0,0,0,M,20,B,D,E,D,D
2001,42013.0,15.0,0,0,0,M,20,B,D,E,D,D
2001,42014.0,15.0,30,45,0,M,20,B,D,E,E,D
2001,42015.0,15.0,0,0,0,M,20,C,D,E,E,D
2001,42016.0,15.0,0,0,0,M,20,E,D,E,E,D
2001,42017.0,10.5,30,0,0,M,20,E,D,E,E,D
2001,42018.0,15.0,0,0,0,M,20,E,E,F,E,E
2001,42019.0,22.5,0,25,0,M,20,E,F,F,F,F
2001,42020.0,13.9,15,30,35,M,20,,,,,
2001,42021.0,13.3,65,0,20,M,20,,,,,
2001,42022.0,15.0,0,0,0,M,20,,,,,
2001,42023.0,15.0,0,0,0,M,20,,,,,
2001,42024.0,15.0,0,0,0,M,20,,,,,
2001,42025.0,15.0,0,0,0,M,20,,,,,
2001,42026.0,15.0,0,0,0,M,20,,,,,
2001,42027.0,15.0,0,0,0,M,20,,,,,
1502,42028.0,15.0,0,0,0,F,20,A,A,A,B,A
1502,42029.0,15.0,0,0,0,F,20,A,A,A,B,A
1502,42030.0,15.0,0,0,0,F,20,A,A,B,B,A
1502,42031.0,15.0,0,0,0,F,20,A,A,B,B,A
1502,42032.0,15.0,0,0,0,F,20,A,B,B,B,A
1502,42033.0,15.0,0,0,0,F,20,A,B,B,C,A
1502,42034.0,11.7,0,0,25,F,20,A,B,C,C,A
1502,42035.0,12.5,75,0,0,F,20,A,C,C,C,B
1502,42036.0,24.5,0,0,0,F,20,A,C,C,C,B
1502,42037.0,37.4,0,0,0,F,20,A,D,C,C,B
1502,42038.0,5.6,0,0,0,F,20,A,D,C,C,B
1502,42039.0,37.5,0,0,0,F,20,A,D,C,D,B
1502,42040.0,20.4,55,60,0,F,20,A,D,D,D,B
1502,42041.0,2.0,0,0,15,F,20,A,D,D,D,B
1502,42042.0,25.4,0,0,0,F,20,A,D,D,D,B
1502,42043.0,37.5,0,0,0,F,20,A,D,D,D,B
1502,42044.0,37.5,0,0,0,F,20,A,D,D,D,B
1502,42045.0,13.3,0,0,0,M,20,A,D,D,D,B
1502,42046.0,8.5,0,0,15,M,20,A,D,D,D,B
1502,42047.0,9.1,55,45,0,M,20,A,D,D,D,B
1502,42048.0,17.0,0,0,0,M,20,A,D,D,E,C
1502,42049.0,12.5,50,35,10,M,20,A,D,D,E,C
1502,42050.0,10.7,0,0,0,M,20,A,D,D,E,C
1502,42051.0,11.9,0,0,0,M,20,A,D,D,E,C
1502,42052.0,11.0,0,0,0,M,20,B,D,D,E,C
1502,42053.0,10.9,0,0,0,M,20,B,D,D,E,C
1502,42054.0,18.3,30,0,25,M,20,B,D,D,E,D
1502,42055.0,4.8,50,0,20,M,20,B,D,E,E,E
1502,42056.0,33.2,30,0,0,M,20,B,D,E,F,E
1502,42057.0,3.0,10,0,0,M,20,B,D,E,F,F
1502,42058.0,11.0,25,70,10,M,20,D,F,F,F,G
3502,42059.0,22.0,0,25,5,F,20,A,A,A,A,A
3502,42060.0,4.4,0,0,0,F,20,A,A,A,B,A
3502,42061.0,12.2,20,0,0,F,20,A,A,A,B,A
3502,42062.0,32.9,0,30,0,F,20,A,A,B,B,A
3502,42063.0,25.1,0,0,0,F,20,A,A,B,B,A
3502,42064.0,22.7,90,10,0,F,20,A,A,B,B,A
3502,42065.0,8.9,20,25,0,F,20,A,A,B,B,A
3502,42066.0,15.5,0,0,0,F,20,A,A,B,B,A
3502,42067.0,12.7,25,35,15,F,20,A,A,B,B,A
3502,42068.0,15.9,25,5,40,F,20,A,A,B,B,A
3502,42069.0,12.0,0,0,0,F,20,A,A,B,B,A
3502,42070.0,10.9,0,0,0,F,20,A,A,B,C,A
3502,42071.0,24.2,0,0,0,F,20,A,A,C,C,A
3502,42072.0,9.5,0,10,0,F,20,A,A,C,C,A
3502,42073.0,4.2,0,0,0,F,20,A,A,C,C,A
3502,42074.0,5.6,0,0,0,F,20,A,B,C,C,A
3502,42075.0,10.9,0,0,0,F,20,A,B,C,D,A
3502,42076.0,22.4,0,10,0,F,20,A,B,C,D,A
3502,42077.0,9.2,35,5,0,F,20,A,B,C,D,B
3502,42078.0,21.5,0,15,0,F,20,A,C,C,D,B
3502,42079.0,10.9,0,0,0,F,20,A,C,C,D,B
3502,42080.0,4.4,30,30,0,F,20,A,D,C,D,B
3502,42081.0,11.9,0,0,0,F,20,A,D,C,D,B
3502,42082.0,15.2,0,0,0,M,20,A,D,C,D,B
3502,42083.0,20.5,30,0,10,M,20,A,D,C,D,B
3502,42084.0,3.0,10,0,0,M,20,A,D,D,D,B
3502,42085.0,14.5,40,0,40,M,20,A,D,D,D,B
3502,42086.0,15.0,0,0,0,M,20,A,D,D,D,B
3502,42087.0,22.0,0,15,0,M,20,A,D,D,D,B
3502,42088.0,11.1,10,0,0,M,20,A,D,D,D,B
3502,42089.0,7.5,0,45,10,M,20,A,D,D,D,B
3502,42090.0,4.8,0,0,0,M,20,A,D,D,D,B
3502,42091.0,15.0,0,0,0,M,20,A,D,D,D,B
3502,42092.0,16.5,25,0,45,M,20,A,D,D,D,B
3502,42093.0,15.6,0,0,0,M,20,A,D,D,D,B
3502,42094.0,11.1,0,0,0,M,20,A,D,D,D,B
3502,42095.0,7.5,0,0,0,M,20,A,D,D,D,B
3502,42096.0,7.5,0,0,0,M,20,A,D,D,D,C
3502,42097.0,15.0,0,0,0,M,20,A,D,D,D,C
3502,42098.0,15.3,30,90,30,M,20,A,D,D,D,C
3502,42099.0,15.9,0,0,0,M,20,A,D,D,D,C
3502,42100.0,13.5,0,0,0,M,20,B,D,D,E,C
3502,42101.0,13.7,0,0,0,M,20,B,D,D,E,C
3502,42102.0,0.0,0,0,0,M,20,B,D,E,E,C
3502,42103.0,3.0,0,0,0,M,20,B,D,E,E,D
3502,42104.0,15.0,0,0,0,M,20,B,D,E,E,D
3502,42105.0,5.8,25,10,0,M,20,B,D,E,E,D
3502,42106.0,7.5,40,0,0,M,20,B,D,E,E,D
3502,42107.0,15.0,0,5,0,M,20,B,D,E,F,D
3502,42108.0,3.4,10,0,0,M,20,B,D,E,F,D
3502,42109.0,15.9,0,0,0,M,20,B,D,E,F,E
3502,42110.0,2.6,5,0,10,M,20,B,D,E,F,E
3502,42111.0,15.0,0,0,0,M,20,C,D,E,F,E
3502,42112.0,16.5,20,20,30,M,20,E,D,F,F,F
3502,42113.0,10.9,0,25,0,M,20,E,F,F,F,F
3502,42114.0,21.0,0,0,40,M,20,,,,,
3502,42115.0,0.0,30,0,0,M,20,,,,,
3502,42116.0,13.5,0,0,0,M,20,,,,,
3502,42117.0,15.0,0,0,0,M,20,,,,,
1402,42118.0,7.5,0,0,0,F,20,A,A,A,B,A
1402,42119.0,19.8,10,20,0,F,20,A,A,A,B,A
1402,42120.0,12.7,50,0,50,F,20,A,A,B,B,A
1402,42121.0,15.0,0,0,0,F,20,A,D,B,C,A
1402,42122.0,11.1,0,0,0,F,20,A,D,B,C,A
1402,42123.0,3.6,20,50,10,F,20,A,D,C,C,B
1402,42124.0,12.9,20,70,5,F,20,A,D,C,C,B
1402,42125.0,0.0,30,45,0,F,20,A,D,C,C,B
1402,42126.0,15.0,0,0,0,F,20,A,D,C,C,B
1402,42127.0,2.4,0,60,0,F,20,A,D,C,D,B
1402,42128.0,11.3,0,0,0,F,20,A,D,C,D,B
1402,42129.0,26.4,20,0,55,M,20,A,D,D,D,B
1402,42130.0,15.0,60,15,5,M,20,A,D,D,D,B
1402,42131.0,10.5,10,15,10,M,20,A,D,D,D,B
1402,42132.0,21.0,0,30,10,M,20,A,D,D,D,B
1402,42133.0,2.4,15,0,0,M,20,B,D,D,D,B
1402,42134.0,17.7,50,0,10,M,20,B,D,D,D,D
1402,42135.0,15.0,0,5,0,M,20,B,D,D,D,D
1402,42136.0,15.0,0,0,0,M,20,B,D,E,D,E
1402,42137.0,16.0,0,45,15,M,20,B,D,E,E,E
1402,42138.0,14.1,0,0,0,M,20,B,F,E,E,E
1402,42139.0,0.0,0,0,0,M,20,B,F,E,F,F
1602,42140.0,0.0,0,0,0,F,20,A,A,A,B,A
1602,42141.0,10.6,10,10,15,F,20,A,A,B,B,A
1602,42142.0,11.1,20,0,0,F,20,A,A,B,B,A
1602,42143.0,26.2,0,0,0,F,20,A,A,B,B,A
1602,42144.0,27.1,0,0,0,F,20,A,A,B,B,A
1602,42145.0,13.5,25,0,0,F,20,A,A,C,B,A
1602,42146.0,2.0,10,0,10,F,20,A,A,C,B,A
1602,42147.0,30.8,0,50,0,F,20,A,A,C,C,A
1602,42148.0,4.0,10,0,0,F,20,A,A,D,D,A
1602,42149.0,11.5,0,0,0,F,20,A,A,D,D,A
1602,42150.0,8.8,0,20,0,F,20,A,A,D,D,A
1602,42151.0,5.0,0,0,0,F,20,A,A,D,D,A
1602,42152.0,0.0,0,0,0,F,20,A,B,D,D,B
1602,42153.0,25.1,0,15,0,F,20,A,B,D,D,B
1602,42154.0,0.0,0,15,20,F,20,A,D,D,D,B
1602,42155.0,25.0,40,0,50,F,20,A,D,D,D,B
1602,42156.0,1.0,0,5,0,F,20,A,D,D,D,B
1602,42157.0,21.8,0,20,0,F,20,A,D,D,D,B
1602,42158.0,10.3,30,0,10,F,20,A,D,D,D,B
1602,42159.0,26.2,0,0,0,F,20,A,D,D,D,B
1602,42160.0,16.0,0,0,0,F,20,A,D,D,D,B
1602,42161.0,0.0,0,0,0,F,20,A,D,D,D,B
1602,42162.0,4.6,0,45,0,F,20,A,D,D,D,B
1602,42163.0,16.0,0,0,0,F,20,A,D,D,D,B
1602,42164.0,0.0,0,0,0,F,20,A,D,D,D,C
1602,42165.0,0.0,0,0,0,F,20,A,D,D,E,C
1602,42166.0,23.8,30,0,0,F,20,A,D,E,E,C
1602,42167.0,11.5,0,0,0,F,20,A,D,E,E,C
1602,42168.0,2.8,0,45,15,F,20,A,D,E,E,C
1602,42169.0,18.1,50,0,10,F,20,A,D,E,F,D
1602,42170.0,15.4,50,15,10,M,20,B,D,F,F,D
1602,42171.0,16.0,0,0,0,M,20,B,D,F,F,D
1602,42172.0,9.2,0,15,0,M,20,B,D,F,F,E
1602,42173.0,16.0,0,0,0,M,20,E,E,F,F,E
2402,42174.0,4.0,0,50,0,F,20,A,A,A,B,A
2402,42175.0,0.0,0,0,0,F,20,A,A,A,B,A
2402,42176.0,3.6,10,60,15,F,20,A,A,A,B,A
2402,42177.0,20.4,50,60,10,F,20,A,A,A,B,A
2402,42178.0,4.2,40,35,5,F,20,A,A,A,B,A
2402,42179.0,16.1,0,0,0,F,20,A,A,B,B,A
2402,42180.0,0.0,35,0,0,F,20,A,A,B,B,A
2402,42181.0,11.1,5,0,0,F,20,A,A,B,B,A
2402,42182.0,16.9,30,25,0,F,20,A,A,B,B,A
2402,42183.0,14.9,10,0,0,F,20,A,A,B,B,A
2402,42184.0,26.3,0,0,20,F,20,A,A,B,B,A
2402,42185.0,16.6,20,30,25,F,20,A,A,B,C,A
2402,42186.0,16.4,0,0,0,F,20,A,A,B,C,A
2402,42187.0,7.5,0,30,0,F,20,A,A,B,C,A
2402,42188.0,35.0,0,0,25,F,20,A,A,B,C,A
2402,42189.0,34.3,0,30,0,F,20,A,A,B,C,A
2402,42190.0,21.4,0,25,10,F,20,A,A,B,C,A
2402,42191.0,14.5,0,0,0,F,20,A,A,B,C,A
2402,42192.0,26.4,0,0,0,F,20,A,A,B,C,A
2402,42193.0,11.9,0,0,0,F,20,A,A,C,C,A
2402,42194.0,11.9,0,0,0,F,20,A,A,C,C,A
2402,42195.0,11.9,0,0,0,F,20,A,A,C,C,A
2402,42196.0,16.4,30,45,0,F,20,A,A,C,D,A
2402,42197.0,23.6,0,25,0,F,20,A,B,C,D,A
2402,42198.0,14.3,0,0,0,F,20,A,B,C,D,A
2402,42199.0,22.6,40,0,0,F,20,A,B,C,D,A
2402,42200.0,2.4,20,0,0,F,20,A,B,D,D,B
2402,42201.0,3.0,0,60,0,F,20,A,B,D,D,B
2402,42202.0,24.5,5,15,0,F,20,A,D,D,D,B
2402,42203.0,10.5,10,0,0,F,20,A,D,D,D,B
2402,42204.0,15.0,0,0,10,F,20,A,D,D,D,B
2402,42205.0,12.1,15,0,15,F,20,A,D,D,D,B
2402,42206.0,16.6,0,0,0,F,20,A,D,D,D,B
2402,42207.0,4.4,30,50,0,F,20,A,D,D,D,B
2402,42208.0,16.1,50,0,30,F,20,A,D,D,D,B
2402,42209.0,7.5,45,15,0,F,20,A,D,D,D,B
2402,42210.0,13.3,0,0,0,F,20,A,D,D,D,B
2402,42211.0,7.5,0,30,0,F,20,A,D,D,D,B
2402,42212.0,2.0,0,0,0,F,20,A,D,D,D,B
2402,42213.0,7.5,0,30,0,F,20,A,D,D,D,B
2402,42214.0,14.5,0,0,0,M,20,A,D,D,D,B
2402,42215.0,7.5,0,30,0,M,20,A,D,D,D,B
2402,42216.0,9.5,0,25,0,M,20,A,D,D,D,B
2402,42217.0,9.5,0,25,0,M,20,A,D,D,D,B
2402,42218.0,16.7,30,40,5,M,20,A,D,D,D,B
2402,42219.0,17.5,0,0,0,M,20,A,D,D,D,B
2402,42220.0,15.2,20,0,0,M,20,A,D,D,D,B
2402,42221.0,25.4,0,0,0,M,20,A,D,D,D,B
2402,42222.0,12.1,0,30,0,M,20,A,D,D,D,B
2402,42223.0,25.2,0,0,0,M,20,A,D,D,D,C
2402,42224.0,15.0,10,0,0,M,20,A,D,D,D,C
2402,42225.0,15.0,0,0,10,M,20,A,D,D,D,C
2402,42226.0,8.5,0,45,10,M,20,A,D,D,E,C
2402,42227.0,15.0,0,0,0,M,20,A,D,D,E,C
2402,42228.0,7.5,0,0,0,M,20,A,D,D,E,C
2402,42229.0,15.0,0,0,0,M,20,A,D,D,E,C
2402,42230.0,23.1,0,10,10,M,20,A,D,D,E,C
2402,42231.0,7.5,0,0,0,M,20,A,D,E,E,C
2402,42232.0,14.9,0,0,0,M,20,A,D,E,E,C
2402,42233.0,7.5,0,0,0,M,20,A,D,E,E,C
2402,42234.0,15.0,0,0,0,M,20,A,D,E,E,D
2402,42235.0,15.0,0,0,0,M,20,A,D,E,E,D
2402,42236.0,15.0,0,0,0,M,20,A,D,E,F,D
2402,42237.0,14.7,0,0,0,M,20,A,D,E,F,D
2402,42238.0,15.0,0,0,0,M,20,A,D,E,F,D
2402,42239.0,15.0,0,0,0,M,20,A,D,E,F,D
2402,42240.0,15.0,0,0,0,M,20,B,D,E,F,D
2402,42241.0,15.0,0,0,15,M,20,B,D,E,F,E
2402,42242.0,15.0,0,0,0,M,20,B,D,E,F,E
2402,42243.0,15.0,0,0,0,M,20,B,D,E,F,E
2402,42244.0,15.0,0,0,0,M,20,B,D,E,F,E
2402,42245.0,15.0,0,0,0,M,20,B,E,E,F,E
2402,42246.0,15.0,0,0,0,M,20,C,E,F,F,E
2402,42247.0,16.9,30,35,10,M,20,E,E,F,F,E
2402,42248.0,14.7,0,0,0,M,20,E,E,F,F,E
2402,42249.0,7.5,0,0,0,M,20,E,F,F,F,F
2402,42250.0,18.0,0,0,0,M,20,E,F,F,F,F
2402,42251.0,15.0,0,0,0,M,20,E,F,F,F,F
2402,42252.0,9.5,20,30,0,M,20,,,,,
2402,42253.0,28.1,0,0,0,M,20,,,,,
3002,42254.0,15.0,0,0,0,F,20,A,A,A,A,A
3002,42255.0,7.0,70,65,5,F,20,A,A,A,A,A
3002,42256.0,7.5,0,0,0,F,20,A,A,A,B,A
3002,42257.0,7.5,0,0,0,F,20,A,A,A,B,A
3002,42258.0,15.0,0,0,0,F,20,A,A,A,B,A
3002,42259.0,16.0,0,0,0,F,20,A,A,B,B,A
3002,42260.0,0.0,30,0,10,F,20,A,A,B,B,A
3002,42261.0,4.8,80,0,0,F,20,A,A,B,B,A
3002,42262.0,0.0,15,25,0,F,20,A,A,B,C,A
3002,42263.0,11.1,0,25,0,F,20,A,B,B,C,A
3002,42264.0,31.2,45,0,10,F,20,A,B,B,C,A
3002,42265.0,7.0,30,35,0,F,20,A,B,B,C,A
3002,42266.0,2.6,50,15,0,F,20,A,B,B,C,A
3002,42267.0,13.2,0,10,15,F,20,A,B,B,C,A
3002,42268.0,15.0,0,0,0,F,20,A,C,C,C,A
3002,42269.0,15.0,0,0,0,M,20,A,C,C,C,A
3002,42270.0,15.0,0,0,0,M,20,A,D,C,C,A
3002,42271.0,16.0,0,0,0,M,20,A,D,C,C,A
3002,42272.0,26.4,0,0,10,M,20,A,D,C,D,A
3002,42273.0,14.9,0,0,0,M,20,A,D,C,D,B
3002,42274.0,15.0,0,0,0,M,20,A,D,C,D,B
3002,42275.0,10.9,30,5,5,M,20,A,D,C,D,B
3002,42276.0,15.0,0,0,0,M,20,A,D,C,D,B
3002,42277.0,39.2,0,0,0,M,20,A,D,D,D,B
3002,42278.0,7.2,20,15,30,M,20,A,D,D,D,B
3002,42279.0,14.7,0,0,0,M,20,A,D,D,D,B
3002,42280.0,26.9,0,0,0,M,20,A,D,D,D,B
3002,42281.0,15.0,0,0,0,M,20,A,D,D,D,B
3002,42282.0,0.0,50,0,0,M,20,A,D,D,D,B
3002,42283.0,16.0,0,0,0,M,20,A,D,D,D,B
3002,42284.0,15.0,0,0,0,M,20,A,D,D,D,B
3002,42285.0,11.1,15,15,10,M,20,A,D,D,E,B
3002,42286.0,15.0,0,10,5,M,20,A,D,D,E,B
3002,42287.0,6.4,15,45,10,M,20,A,D,D,E,C
3002,42288.0,10.5,50,0,0,M,20,B,D,D,E,C
3002,42289.0,5.4,0,45,0,M,20,B,D,D,E,C
3002,42290.0,2.6,0,0,0,M,20,B,D,D,E,D
3002,42291.0,9.6,0,45,5,M,20,B,D,D,E,D
3002,42292.0,7.5,0,0,0,M,20,B,D,D,E,D
3002,42293.0,15.0,0,0,0,M,20,B,D,D,F,E
3002,42294.0,13.5,10,0,0,M,20,B,D,E,F,E
3002,42295.0,17.0,0,0,0,M,20,C,E,F,F,E
3002,42296.0,9.5,10,30,10,M,20,E,E,F,F,F
3002,42297.0,2.6,0,0,0,M,20,,,,,
5401,42298.0,15.0,0,0,0,F,20,A,A,A,A,A
5401,42299.0,15.0,0,0,0,F,20,A,A,A,A,A
5401,42300.0,15.0,0,0,0,F,20,A,A,B,B,A
5401,42301.0,15.0,0,0,0,F,20,A,A,B,B,A
5401,42302.0,15.0,0,0,0,F,20,A,A,B,B,A
5401,42303.0,14.4,80,10,0,F,20,A,A,B,C,A
5401,42304.0,6.6,40,20,10,F,20,A,A,C,C,A
5401,42305.0,1.4,5,25,0,F,20,A,B,C,C,B
5401,42306.0,15.0,0,15,0,F,20,A,B,D,C,B
5401,42307.0,7.5,0,0,0,F,20,A,B,D,D,B
5401,42308.0,14.9,0,0,0,F,20,A,B,D,D,B
5401,42309.0,27.1,0,0,0,F,20,A,D,D,D,B
5401,42310.0,16.6,0,0,0,F,20,A,D,D,D,B
5401,42311.0,12.7,0,0,0,F,20,A,D,D,D,B
5401,42312.0,9.9,20,20,10,F,20,A,D,D,D,B
5401,42313.0,7.5,0,0,65,F,20,A,D,D,D,B
5401,42314.0,15.1,0,0,0,M,20,A,D,D,D,B
5401,42315.0,6.4,0,0,0,M,20,A,D,D,D,B
5401,42316.0,27.0,10,0,0,M,20,A,D,D,D,C
5401,42317.0,15.1,0,0,0,M,20,B,D,E,D,D
5401,42318.0,6.0,0,45,0,M,20,B,D,E,E,D
5401,42319.0,20.2,0,25,15,M,20,B,D,E,E,D
5401,42320.0,8.5,25,0,40,M,20,B,D,E,E,D
5401,42321.0,12.9,0,0,0,M,20,B,D,E,E,E
5401,42322.0,7.5,0,35,0,M,20,B,F,F,F,E
5401,42323.0,1.0,0,0,0,M,20,D,F,F,F,E
5401,42324.0,20.8,40,10,0,M,20,E,F,F,F,F
3502,42325.0,13.9,20,0,5,F,20,A,A,B,B,A
3502,42326.0,25.1,25,0,0,F,20,A,A,B,B,A
3502,42327.0,7.5,0,35,0,F,20,A,A,B,B,A
3502,42328.0,14.1,0,0,0,F,20,A,A,B,B,A
3502,42329.0,6.4,50,20,5,F,20,A,A,B,C,A
3502,42330.0,16.0,0,0,10,F,20,A,A,B,C,A
3502,42331.0,26.1,0,0,0,F,20,A,A,B,C,A
3502,42332.0,32.5,30,15,0,F,20,A,A,B,C,A
3502,42333.0,10.7,30,5,10,F,20,A,A,B,C,A
3502,42334.0,22.5,30,10,0,F,20,A,B,B,C,A
3502,42335.0,1.0,25,0,10,F,20,A,B,C,C,A
3502,42336.0,14.1,0,0,0,F,20,A,B,C,C,A
3502,42337.0,4.0,90,35,40,F,20,A,B,C,C,A
3502,42338.0,15.3,0,0,0,F,20,A,B,C,C,A
3502,42339.0,14.9,30,20,40,F,20,A,B,C,C,A
3502,42340.0,0.0,0,0,10,F,20,A,B,C,D,A
3502,42341.0,8.2,30,30,0,F,20,A,B,C,D,A
3502,42342.0,11.9,20,15,0,F,20,A,B,C,D,A
3502,42343.0,1.6,20,0,10,F,20,A,B,C,D,A
3502,42344.0,10.9,35,0,10,M,20,A,C,C,D,A
3502,42345.0,6.8,55,80,10,M,20,A,C,C,D,A
3502,42346.0,6.8,40,10,20,M,20,A,D,C,D,B
3502,42347.0,16.0,30,45,10,M,20,A,D,C,D,B
3502,42348.0,4.0,0,5,10,M,20,A,D,C,D,B
3502,42349.0,24.9,10,15,0,M,20,A,D,C,D,B
3502,42350.0,11.5,0,40,0,M,20,A,D,C,D,B
3502,42351.0,15.5,15,60,15,M,20,A,D,D,D,B
3502,42352.0,13.1,10,0,20,M,20,A,D,D,D,B
3502,42353.0,4.6,0,5,10,M,20,A,D,D,D,B
3502,42354.0,1.6,0,0,0,M,20,A,D,D,D,B
3502,42355.0,5.0,0,0,0,M,20,A,D,D,D,B
3502,42356.0,14.0,0,10,0,M,20,A,D,D,D,B
3502,42357.0,25.4,30,15,50,M,20,A,D,D,D,B
3502,42358.0,5.8,40,35,80,M,20,A,D,D,E,C
3502,42359.0,8.2,0,0,0,M,20,A,D,D,E,C
3502,42360.0,18.2,65,0,0,M,20,A,D,D,E,C
3502,42361.0,11.7,0,0,10,M,20,A,D,D,E,C
3502,42362.0,11.9,25,5,10,M,20,A,D,D,E,C
3502,42363.0,16.2,80,5,0,M,20,A,D,D,E,C
3502,42364.0,25.2,0,25,0,M,20,A,D,D,E,C
3502,42365.0,14.9,15,0,5,M,20,A,D,D,E,C
3502,42366.0,10.3,20,30,0,M,20,A,D,D,E,C
3502,42367.0,13.7,0,15,0,M,20,A,D,D,E,C
3502,42368.0,26.5,0,0,0,M,20,A,D,D,E,C
3502,42369.0,11.7,40,0,0,M,20,A,D,D,E,C
3502,42370.0,13.9,30,30,40,M,20,A,D,E,E,C
3502,42371.0,21.2,0,40,10,M,20,B,D,E,E,C
3502,42372.0,14.7,40,15,40,M,20,B,D,E,E,C
3502,42373.0,5.8,50,5,25,M,20,B,D,E,E,C
3502,42374.0,7.5,75,0,0,M,20,B,D,E,F,D
3502,42375.0,12.1,0,15,0,M,20,C,D,E,F,D
3502,42376.0,14.3,10,0,15,M,20,E,D,E,F,D
3502,42377.0,8.9,0,30,0,M,20,E,F,F,F,E
3502,42378.0,27.1,0,0,0,M,20,E,F,F,F,E
3502,42379.0,23.4,0,20,0,M,20,,,,,
3502,42380.0,6.6,0,0,0,M,20,,,,,
3502,42381.0,3.4,0,0,0,M,20,,,,,
3502,42382.0,16.7,0,0,0,M,20,,,,,
3502,42383.0,0.0,0,0,0,M,20,,,,,
3502,42384.0,8.6,0,0,0,M,20,,,,,
3502,42385.0,10.2,30,30,0,M,20,,,,,
3502,42386.0,15.0,0,0,0,M,20,,,,,
3502,42387.0,0.0,0,0,0,M,20,,,,,
3502,42388.0,0.0,0,0,0,M,20,,,,,
3502,42389.0,15.0,0,0,0,M,20,,,,,
3502,42390.0,15.0,50,0,45,M,20,,,,,
3502,42391.0,15.0,0,0,0,M,20,,,,,
2402,42392.0,3.6,0,0,0,F,20,A,A,A,A,A
2402,42393.0,22.5,50,0,70,F,20,A,A,A,A,A
2402,42394.0,0.0,70,50,0,F,20,A,A,A,A,A
2402,42395.0,15.0,0,0,20,F,20,A,A,A,A,A
2402,42396.0,15.0,0,0,0,F,20,A,A,B,B,A
2402,42397.0,7.5,10,60,0,F,20,A,A,B,B,A
2402,42398.0,14.5,0,0,25,F,20,A,A,B,B,A
2402,42399.0,17.8,0,30,30,F,20,A,A,B,B,A
2402,42400.0,26.7,0,0,0,F,20,A,A,B,B,A
2402,42401.0,0.0,0,0,0,F,20,A,A,B,B,A
2402,42402.0,0.0,0,25,0,F,20,A,A,B,B,A
2402,42403.0,0.0,0,0,0,F,20,A,A,B,B,A
2402,42404.0,11.5,50,0,0,F,20,A,A,B,C,A
2402,42405.0,17.4,0,0,0,F,20,A,A,B,C,A
2402,42406.0,9.9,0,0,0,F,20,A,B,B,C,A
2402,42407.0,16.0,0,0,0,F,20,A,B,B,C,B
2402,42408.0,15.0,0,0,0,F,20,A,B,C,C,B
2402,42409.0,11.4,40,60,25,F,20,A,B,C,C,B
2402,42410.0,15.0,0,0,0,F,20,A,B,C,C,B
2402,42411.0,0.0,0,0,0,F,20,A,B,C,D,B
2402,42412.0,12.4,0,0,15,F,20,A,B,C,D,B
2402,42413.0,13.3,0,0,25,F,20,A,B,C,D,B
2402,42414.0,27.9,0,0,0,F,20,A,C,C,D,B
2402,42415.0,18.0,0,0,0,F,20,A,C,C,D,B
2402,42416.0,15.0,20,0,0,F,20,A,D,D,D,B
2402,42417.0,15.0,20,0,0,F,20,A,D,D,D,B
2402,42418.0,4.2,20,0,0,F,20,A,D,D,D,B
2402,42419.0,0.0,0,0,0,F,20,A,D,D,D,B
2402,42420.0,0.0,0,0,0,F,20,A,D,D,D,B
2402,42421.0,0.0,0,0,0,F,20,A,D,D,D,B
2402,42422.0,0.0,0,0,0,F,20,A,D,D,D,B
2402,42423.0,15.0,0,0,0,F,20,A,D,D,D,B
2402,42424.0,0.0,0,0,0,F,20,A,D,D,D,B
2402,42425.0,0.0,0,0,0,F,20,A,D,D,D,B
2402,42426.0,15.0,0,0,0,F,20,A,D,D,D,B
2402,42427.0,0.0,0,0,0,F,20,A,D,D,D,B
2402,42428.0,0.0,0,0,0,F,20,A,D,D,D,B
2402,42429.0,22.5,0,45,0,F,20,A,D,D,D,B
2402,42430.0,15.0,0,0,0,M,20,A,D,E,E,C
2402,42431.0,0.0,0,0,0,M,20,A,D,E,E,D
2402,42432.0,0.0,0,0,0,M,20,A,D,E,E,D
2402,42433.0,0.0,0,0,0,M,20,B,D,E,E,D
2402,42434.0,3.6,0,0,0,M,20,B,D,E,E,D
2402,42435.0,16.0,0,0,0,M,20,B,D,E,E,D
2402,42436.0,0.0,0,0,0,M,20,B,D,E,E,E
2402,42437.0,14.1,0,15,0,M,20,B,F,F,F,E
2402,42438.0,0.0,0,0,0,M,20,C,F,F,F,E
2402,42439.0,19.2,0,0,0,M,20,E,F,F,F,F
2402,42440.0,0.0,0,0,0,M,20,,,,,
2402,42441.0,0.0,0,0,0,M,20,,,,,
2402,42442.0,0.0,0,0,0,M,20,,,,,
2402,42443.0,0.0,0,0,0,M,20,,,,,
2402,42444.0,0.0,0,0,0,M,20,,,,,
2402,42445.0,15.0,0,0,0,M,20,,,,,
2402,42446.0,0.0,0,0,0,M,20,,,,,
2402,42447.0,0.0,0,0,0,M,20,,,,,
2402,42448.0,0.0,0,0,0,M,20,,,,,
2402,42449.0,0.0,0,0,0,M,20,,,,,
2402,42450.0,16.0,0,0,0,M,20,,,,,
2402,42451.0,0.0,0,0,0,M,20,,,,,
2402,42452.0,15.0,15,5,0,M,20,,,,,
2402,42453.0,9.1,20,0,40,M,20,,,,,
2402,42454.0,9.2,45,75,15,M,20,,,,,
2402,42455.0,6.0,0,0,10,M,20,,,,,
2402,42456.0,17.0,40,45,70,M,20,,,,,
2402,42457.0,7.5,0,0,0,M,20,,,,,
2402,42458.0,7.5,0,0,0,M,20,,,,,
2402,42459.0,7.5,0,0,0,M,20,,,,,
2402,42460.0,17.5,0,0,0,M,20,,,,,
2402,42461.0,7.5,0,0,0,M,20,,,,,
2402,42462.0,7.5,0,0,0,M,20,,,,,
2402,42463.0,7.5,0,0,0,M,20,,,,,
2402,42464.0,20.7,20,0,40,M,20,,,,,
2402,42465.0,7.5,0,0,0,M,20,,,,,
2402,42466.0,7.5,0,0,0,M,20,,,,,
2402,42467.0,16.4,0,0,0,M,20,,,,,
2402,42468.0,19.3,0,0,0,M,20,,,,,
2402,42469.0,7.5,0,0,0,M,20,,,,,
2402,42470.0,0.0,10,0,40,M,20,,,,,
2402,42471.0,7.5,0,0,0,M,20,,,,,
2402,42472.0,7.5,0,0,0,M,20,,,,,
2402,42473.0,7.5,0,0,0,M,20,,,,,
2402,42474.0,7.5,0,0,0,M,20,,,,,
2402,42475.0,7.5,0,0,0,M,20,,,,,
2402,42476.0,7.5,0,0,0,M,20,,,,,
2402,42477.0,7.5,30,0,45,M,20,,,,,
2402,42478.0,7.5,50,0,30,M,20,,,,,
2402,42479.0,7.5,0,0,0,M,20,,,,,
2402,42480.0,7.5,0,0,0,M,20,,,,,
2402,42481.0,7.5,0,0,0,M,20,,,,,
2402,42482.0,7.5,0,0,0,M,20,,,,,
3002,42483.0,13.9,0,0,0,F,20,A,A,A,A,A
3002,42484.0,6.4,0,50,0,F,20,A,A,A,A,A
3002,42485.0,9.5,0,50,10,F,20,A,A,A,A,A
3002,42486.0,6.4,0,10,0,F,20,A,A,A,A,A
3002,42487.0,7.5,0,0,0,F,20,A,A,A,A,A
3002,42488.0,7.5,0,0,0,F,20,A,A,A,A,A
3002,42489.0,0.0,0,0,0,F,20,A,A,A,B,A
3002,42490.0,7.5,0,0,0,F,20,A,A,B,B,A
3002,42491.0,7.5,0,0,0,F,20,A,A,B,B,A
3002,42492.0,7.5,0,0,0,F,20,A,A,B,B,A
3002,42493.0,7.5,0,0,0,F,20,A,A,B,B,A
3002,42494.0,17.6,0,0,0,F,20,A,B,B,B,A
3002,42495.0,16.8,50,90,20,F,20,A,B,B,B,A
3002,42496.0,7.5,0,0,0,F,20,A,B,B,B,A
3002,42497.0,9.1,10,0,0,F,20,A,B,B,B,A
3002,42498.0,27.4,30,25,35,F,20,A,B,B,C,A
3002,42499.0,0.0,0,0,0,F,20,A,B,B,C,A
3002,42500.0,7.5,0,0,0,F,20,A,B,B,C,A
3002,42501.0,12.7,50,60,0,F,20,A,B,B,C,A
3002,42502.0,0.0,0,0,0,F,20,A,C,B,C,A
3002,42503.0,7.5,0,0,0,F,20,A,C,B,C,A
3002,42504.0,7.5,0,0,0,F,20,A,C,B,C,A
3002,42505.0,7.5,0,0,0,F,20,A,D,B,C,A
3002,42506.0,7.5,0,0,0,F,20,A,D,B,C,A
3002,42507.0,7.5,0,0,0,F,20,A,D,C,C,A
3002,42508.0,7.5,0,0,0,F,20,A,D,C,C,A
3002,42509.0,7.5,0,0,0,F,20,A,D,C,C,A
3002,42510.0,7.5,0,0,0,F,20,A,D,C,C,A
3002,42511.0,7.5,0,0,0,F,20,A,D,C,C,A
3002,42512.0,14.3,15,0,0,M,20,A,D,C,D,A
3002,42513.0,7.5,0,0,0,M,20,A,D,C,D,B
3002,42514.0,7.5,0,0,0,M,20,A,D,C,D,B
3002,42515.0,7.5,0,0,0,M,20,A,D,D,D,B
3002,42516.0,7.5,0,0,0,M,20,A,D,D,D,B
3002,42517.0,7.5,0,0,0,M,20,A,D,D,D,B
3002,42518.0,17.0,10,0,0,M,20,A,D,D,D,B
3002,42519.0,7.5,0,0,0,M,20,A,D,D,D,B
3002,42520.0,17.5,25,55,0,M,20,A,D,D,D,B
3002,42521.0,7.5,0,0,0,M,20,A,D,D,D,B
3002,42522.0,7.5,0,0,0,M,20,A,D,D,D,B
3002,42523.0,7.5,0,0,0,M,20,A,D,D,D,B
3002,42524.0,7.5,0,0,0,M,20,A,D,D,D,B
3002,42525.0,7.5,0,0,0,M,20,A,D,D,D,B
3002,42526.0,7.5,0,0,0,M,20,A,D,D,D,B
3002,42527.0,3.0,20,0,10,M,20,A,D,D,D,B
3002,42528.0,7.5,0,0,0,M,20,A,D,D,D,B
3002,42529.0,7.5,0,0,0,M,20,A,D,D,D,B
3002,42530.0,7.5,0,0,0,M,20,A,D,D,D,B
3002,42531.0,7.5,0,0,0,M,20,A,D,D,D,B
3002,42532.0,7.5,0,0,0,M,20,A,D,D,D,B
3002,42533.0,7.5,0,0,0,M,20,A,D,D,D,B
3002,42534.0,0.0,30,0,20,M,20,A,D,D,D,B
3002,42535.0,7.5,0,0,0,M,20,B,D,D,D,B
3002,42536.0,7.5,0,0,0,M,20,B,D,D,D,B
3002,42537.0,0.0,10,30,10,M,20,B,D,D,D,B
3002,42538.0,18.4,0,0,0,M,20,B,D,D,D,B
3002,42539.0,7.5,0,0,0,M,20,B,D,D,D,B
3002,42540.0,7.5,0,0,0,M,20,B,D,D,D,C
3202,42541.0,9.5,30,0,0,F,20,A,A,A,A,A
3202,42542.0,7.5,0,0,0,F,20,A,A,B,B,A
3202,42543.0,7.4,0,0,0,F,20,A,A,B,B,A
3202,42544.0,7.5,0,0,0,F,20,A,A,B,B,A
3202,42545.0,7.5,0,0,0,F,20,A,A,B,B,A
3202,42546.0,7.5,0,0,0,F,20,A,B,B,B,A
3202,42547.0,7.5,0,0,0,F,20,A,B,B,B,A
3202,42548.0,9.5,10,20,30,F,20,A,B,B,B,A
3202,42549.0,7.5,0,0,0,F,20,A,B,B,C,A
3202,42550.0,7.5,0,0,0,F,20,A,B,B,C,A
3202,42551.0,7.5,0,0,0,F,20,A,D,C,D,A
3202,42552.0,22.2,10,25,15,F,20,A,D,C,D,A
3202,42553.0,7.5,0,0,0,F,20,A,D,C,D,B
3202,42554.0,7.5,50,5,20,M,20,A,D,C,D,B
3202,42555.0,7.5,0,0,0,M,20,A,D,C,D,B
3202,42556.0,7.5,0,0,0,M,20,A,D,C,D,B
3202,42557.0,15.3,50,30,0,M,20,,,,,
3202,42558.0,7.5,0,0,0,M,20,,,,,
3202,42559.0,7.5,0,0,0,M,20,,,,,
5401,42560.0,7.5,0,0,0,F,20,A,A,A,C,A
5401,42561.0,7.5,0,0,0,F,20,A,A,B,C,B
5401,42562.0,23.5,20,15,5,F,20,A,A,B,D,B
5401,42563.0,7.5,0,0,0,F,20,A,A,C,D,B
5401,42564.0,7.5,0,0,0,F,20,A,B,C,D,B
5401,42565.0,7.5,0,0,0,F,20,A,D,D,D,B
5401,42566.0,7.5,0,0,0,F,20,A,D,D,D,B
5401,42567.0,7.5,20,40,15,F,20,A,D,D,D,C
5401,42568.0,7.5,0,0,0,F,20,A,D,D,D,D
5401,42569.0,7.5,0,0,0,F,20,A,D,D,D,D
4004,42570.0,7.5,0,0,0,M,20,A,A,B,D,B
4004,42571.0,7.5,0,0,0,M,20,A,A,C,D,B
4004,42572.0,7.5,0,0,0,M,20,A,A,C,D,B
4004,42573.0,7.5,0,0,0,M,20,A,A,C,D,B
4004,42574.0,7.5,0,0,0,M,20,A,A,C,D,B
4004,42575.0,7.5,0,0,0,M,20,A,A,C,D,B
4004,42576.0,7.5,0,0,0,M,20,A,A,D,D,B
4004,42577.0,7.5,0,0,0,M,20,A,A,D,D,B
4004,42578.0,7.5,0,0,0,M,20,A,A,D,D,B
4004,42579.0,7.5,0,0,0,M,20,A,A,D,D,B
4004,42580.0,7.5,0,0,0,M,20,A,A,D,D,B
4004,42581.0,7.5,0,0,0,M,20,A,B,D,D,B
4004,42582.0,7.5,0,0,0,M,20,A,B,D,D,B
4004,42583.0,8.5,20,30,15,M,20,A,B,D,D,B
4004,42584.0,7.5,0,0,0,M,20,A,B,D,D,C
4004,42585.0,7.5,0,0,0,M,20,A,D,D,D,C
4004,42586.0,0.0,0,0,0,M,20,A,D,D,D,C
4004,42587.0,7.5,0,0,0,M,20,A,D,D,E,C
4004,42588.0,4.4,0,0,0,M,20,A,D,D,E,C
4004,42589.0,18.0,0,0,0,M,20,A,D,D,E,D
4004,42590.0,13.1,30,0,10,M,20,A,D,D,E,D
4004,42591.0,1.6,0,20,0,M,20,A,D,E,E,D
4004,42592.0,1.0,0,0,0,M,20,A,D,E,E,E
4004,42593.0,17.0,0,0,0,M,20,A,D,E,E,E
4004,42594.0,10.1,50,10,0,M,20,A,D,E,E,E
4004,42595.0,12.7,30,0,25,M,20,A,D,E,E,E
4004,42596.0,17.0,0,0,0,M,20,A,D,E,E,E
4004,42597.0,4.6,0,0,0,M,20,A,D,E,F,E
4004,42598.0,35.6,0,35,0,M,20,A,D,E,F,E
4004,42599.0,17.0,0,0,0,M,20,A,D,E,F,E
4004,42600.0,17.0,0,0,0,M,20,A,D,E,F,E
4004,42601.0,15.5,10,15,0,M,20,A,D,E,F,F
4004,42602.0,20.0,0,0,0,M,20,B,D,F,F,F
4004,42603.0,7.8,10,0,0,M,20,B,D,F,F,F
4004,42604.0,28.9,0,0,0,M,20,B,E,F,F,F
4004,42605.0,3.4,0,0,30,M,20,E,F,F,F,G
1501,42606.0,35.2,25,15,0,F,20,A,A,A,B,A
1501,42607.0,8.0,0,0,0,F,20,A,A,A,B,A
1501,42608.0,24.0,0,35,5,F,20,A,A,A,B,A
1501,42609.0,4.4,10,15,0,F,20,A,A,B,B,A
1501,42610.0,30.0,0,0,0,F,20,A,A,B,C,A
1501,42611.0,7.5,0,45,0,F,20,A,A,B,C,A
1501,42612.0,9.5,0,0,0,F,20,A,A,B,D,A
1501,42613.0,17.1,0,0,25,F,20,A,B,B,D,A
1501,42614.0,6.8,30,50,0,F,20,A,B,B,D,A
1501,42615.0,30.0,0,0,0,F,20,A,B,C,D,A
1501,42616.0,13.5,90,0,20,F,20,A,B,D,D,B
1501,42617.0,3.2,100,0,5,F,20,A,B,D,D,B
1501,42618.0,14.5,0,0,0,F,20,A,D,D,D,B
1501,42619.0,1.0,0,0,0,F,20,A,D,D,D,B
1501,42620.0,7.5,0,45,0,F,20,A,D,D,D,B
1501,42621.0,17.0,0,0,0,F,20,A,D,D,D,B
1501,42622.0,13.7,0,20,0,F,20,A,D,D,D,B
1501,42623.0,1.0,0,0,0,M,20,A,D,D,D,B
1501,42624.0,14.3,0,0,0,M,20,A,D,D,D,B
1501,42625.0,23.6,25,20,0,M,20,A,D,D,D,B
1501,42626.0,16.1,75,0,0,M,20,A,D,D,D,B
1501,42627.0,12.5,50,50,0,M,20,A,D,D,D,C
1501,42628.0,1.0,0,0,0,M,20,A,D,D,E,C
1501,42629.0,7.5,0,45,0,M,20,A,D,D,E,C
1501,42630.0,14.1,0,10,0,M,20,A,D,E,F,C
1501,42631.0,18.8,0,0,0,M,20,B,D,E,F,C
1501,42632.0,30.0,0,0,0,M,20,E,F,E,F,F
1501,42633.0,11.3,10,30,10,M,20,,,,,
1601,42634.0,29.9,0,0,0,F,20,A,A,B,B,A
1601,42635.0,17.0,0,0,0,F,20,A,A,C,B,A
1601,42636.0,3.2,20,0,10,F,20,A,A,C,C,A
1601,42637.0,17.0,15,0,0,F,20,A,A,C,C,A
1601,42638.0,4.0,20,60,20,F,20,A,A,C,C,A
1601,42639.0,3.2,30,0,0,F,20,A,A,C,C,B
1601,42640.0,15.0,0,0,0,F,20,A,A,C,D,B
1601,42641.0,12.3,0,25,0,F,20,A,A,D,D,B
1601,42642.0,15.0,0,0,0,F,20,A,B,D,D,B
1601,42643.0,7.0,0,40,20,F,20,A,B,D,D,B
1601,42644.0,24.5,10,20,10,F,20,A,B,D,D,B
1601,42645.0,11.3,30,20,5,F,20,A,D,D,D,B
1601,42646.0,15.0,0,0,0,M,20,A,D,D,D,C
1601,42647.0,4.8,0,0,0,M,20,A,D,D,D,C
1601,42648.0,15.7,70,20,0,M,20,A,D,D,E,C
1601,42649.0,14.3,0,20,0,M,20,A,D,E,E,D
1601,42650.0,15.0,0,0,0,M,20,A,D,E,E,E
2402,42651.0,17.1,0,0,0,F,20,A,A,D,D,B
2402,42652.0,15.0,0,0,0,F,20,A,A,D,D,B
2402,42653.0,15.0,0,0,0,F,20,A,A,D,D,B
2402,42654.0,5.0,0,0,0,F,20,A,A,D,D,C
2402,42655.0,15.0,0,0,0,M,20,A,A,D,D,C
2402,42656.0,3.8,20,5,5,M,20,A,A,D,D,C
2402,42657.0,7.5,5,0,0,M,20,A,A,E,E,C
2402,42658.0,33.6,25,30,0,M,20,A,A,E,E,C
2402,42659.0,3.6,30,0,0,M,32,A,B,E,E,C
904,42660.0,15.0,0,0,0,F,20,A,A,B,B,A
904,42661.0,15.0,0,0,0,F,20,A,A,B,B,A
904,42662.0,15.0,0,0,0,F,20,A,A,B,B,A
904,42663.0,12.3,0,15,0,F,20,A,A,B,B,A
904,42664.0,15.0,0,0,0,F,20,A,A,B,B,A
904,42665.0,15.0,0,0,0,F,20,A,A,B,B,A
904,42666.0,10.4,0,30,0,F,20,A,A,B,B,A
904,42667.0,15.0,0,0,0,F,20,A,A,B,B,A
904,42668.0,15.0,0,0,0,F,20,A,A,B,C,A
904,42669.0,15.0,0,0,0,F,20,A,A,B,C,B
904,42670.0,15.0,0,15,0,F,20,A,A,B,C,B
904,42671.0,15.0,0,0,0,F,20,A,A,B,C,B
904,42672.0,15.0,0,0,0,F,20,A,A,B,C,B
904,42673.0,17.3,0,0,0,F,20,A,A,C,C,B
904,42674.0,4.8,0,0,0,F,20,A,A,C,C,B
904,42675.0,2.4,40,0,0,F,20,A,A,C,D,B
904,42676.0,10.5,0,30,0,F,20,A,B,C,D,B
904,42677.0,7.5,5,0,0,M,20,C,D,E,F,D
904,42678.0,15.0,0,0,0,M,20,C,D,E,F,D
904,42679.0,6.0,10,0,5,M,20,D,D,E,F,E
904,42680.0,14.7,30,0,0,M,20,E,D,E,F,E
904,42681.0,16.3,30,60,5,M,20,E,D,E,F,E
904,42682.0,16.4,10,0,10,M,20,E,F,E,F,E
904,42683.0,3.6,20,0,10,M,20,E,F,E,F,E
904,42684.0,16.5,40,45,10,M,20,,,,,
904,42685.0,11.1,35,20,0,M,20,,,,,
904,42686.0,7.5,0,0,5,M,20,,,,,
4004,42687.0,13.3,0,20,0,M,20,A,A,C,D,C
4004,42688.0,15.0,0,0,10,M,20,A,A,C,D,C
4004,42689.0,30.9,0,0,0,M,20,A,A,C,D,C
4004,42690.0,15.0,80,80,20,M,20,A,A,C,D,D
4004,42691.0,7.5,0,10,0,M,20,A,A,C,D,D
4004,42692.0,12.3,0,20,0,M,20,A,A,D,D,D
4004,42693.0,18.6,0,35,30,M,20,A,A,D,D,D
4004,42694.0,11.7,30,15,10,M,20,A,A,D,D,D
4004,42695.0,10.3,0,0,0,M,20,A,A,D,D,D
4004,42696.0,15.0,25,0,0,M,20,A,A,D,D,D
4004,42697.0,13.9,0,0,15,M,20,A,A,D,D,D
4004,42698.0,8.1,0,5,0,M,20,A,D,D,E,E
4004,42699.0,8.5,0,0,0,M,20,A,D,D,E,E
4004,42700.0,19.6,0,0,0,M,20,A,D,D,E,E
4004,42701.0,1.0,25,5,20,M,20,A,D,E,E,E
4004,42702.0,31.2,0,0,0,M,20,A,D,E,E,E
4004,42703.0,10.7,30,20,10,M,20,A,D,E,E,F
4004,42704.0,8.6,50,0,10,M,20,A,F,E,F,F
4004,42705.0,5.2,0,0,0,M,20,B,F,F,F,F
4004,42706.0,30.1,80,0,0,M,20,B,F,F,F,F
3202,42707.0,16.1,25,0,0,M,20,,,,,
4004,42708.0,17.7,0,0,0,F,20,A,A,A,B,A
4004,42709.0,8.5,0,45,0,F,20,A,A,A,B,A
4004,42710.0,8.5,0,0,0,F,20,A,A,B,B,A
4004,42711.0,16.3,25,0,0,F,20,A,A,B,B,A
4004,42712.0,15.1,0,0,0,F,20,A,A,B,B,B
4004,42713.0,15.1,0,0,0,F,20,A,A,B,C,B
4004,42714.0,8.2,0,45,0,F,20,A,A,B,C,B
4004,42715.0,2.0,45,0,0,F,20,A,A,B,C,B
4004,42716.0,7.5,0,0,0,M,20,A,A,D,D,C
4004,42717.0,8.9,0,0,0,M,20,A,A,D,D,C
4004,42718.0,5.0,30,70,0,M,20,A,A,D,D,C
4004,42719.0,7.5,0,0,0,M,20,A,A,D,D,C
4004,42720.0,7.5,0,0,0,M,20,A,A,D,D,C
4004,42721.0,30.0,0,0,0,M,20,A,A,D,D,C
4004,42722.0,7.5,0,0,0,M,20,A,A,D,D,C
4004,42723.0,7.5,0,0,0,M,20,A,A,D,D,C
4004,42724.0,8.9,50,25,0,M,20,A,A,D,D,C
4004,42725.0,10.7,0,0,0,M,20,A,A,D,D,C
4004,42726.0,31.4,0,0,0,M,20,A,A,D,D,C
4004,42727.0,5.8,0,0,0,M,20,A,A,D,D,C
4004,42728.0,10.1,0,35,0,M,20,A,A,D,E,D
4004,42729.0,30.0,0,0,0,M,20,A,A,D,E,D
4004,42730.0,18.2,0,0,0,M,20,A,A,D,E,D
4004,42731.0,17.9,0,0,0,M,20,A,A,D,E,D
4004,42732.0,30.0,0,0,0,M,20,A,A,D,E,D
4004,42733.0,9.1,0,0,0,M,20,A,A,D,E,E
4004,42734.0,18.6,0,0,10,M,20,A,A,D,E,E
4004,42735.0,8.5,0,0,5,M,20,A,A,D,E,E
4004,42736.0,1.4,10,0,40,M,20,A,A,D,E,E
4004,42737.0,4.0,35,0,0,M,20,A,B,E,E,E
4004,42738.0,14.7,35,0,0,M,20,A,B,E,E,E
4004,42739.0,12.8,50,0,0,M,20,A,C,E,E,E
4004,42740.0,11.7,30,70,30,M,20,A,C,E,E,E
4004,42741.0,18.0,0,0,0,M,20,A,C,E,E,E
4004,42742.0,19.2,50,0,30,M,20,A,C,E,E,E
4004,42743.0,1.4,50,0,0,M,20,A,C,E,E,E
4004,42744.0,17.5,25,0,0,M,20,A,C,E,E,E
4004,42745.0,30.0,0,0,0,M,20,A,C,E,E,E
4004,42746.0,7.5,0,0,0,M,20,A,D,E,E,F
4004,42747.0,11.9,0,25,0,M,20,A,D,E,E,F
4004,42748.0,9.7,10,30,0,M,20,A,D,E,E,F
4004,42749.0,13.3,0,15,0,M,20,A,D,E,E,F
4004,42750.0,2.0,0,0,0,M,20,A,D,E,E,F
1602,42751.0,3.2,10,0,0,F,20,A,A,C,D,B
1602,42752.0,11.7,0,0,30,F,20,A,A,C,D,B
1602,42753.0,17.6,20,0,0,F,20,A,A,C,D,B
1602,42754.0,15.0,0,35,0,F,20,A,A,C,D,B
1602,42755.0,30.0,0,0,0,F,20,A,A,C,D,B
1602,42756.0,4.4,30,5,0,F,20,A,A,C,D,B
1602,42757.0,10.5,0,20,15,F,20,A,A,C,D,B
1602,42758.0,30.5,0,0,0,F,20,A,A,C,D,B
1602,42759.0,7.5,30,0,0,F,20,A,A,D,D,B
1602,42760.0,9.5,0,0,0,F,20,A,A,D,D,B
1602,42761.0,5.0,0,0,0,F,20,A,A,D,D,B
1602,42762.0,2.6,0,0,0,F,20,A,A,D,D,B
1602,42763.0,31.6,0,0,0,F,20,A,A,D,D,B
1602,42764.0,0.0,0,0,0,F,20,A,A,D,D,B
1602,42765.0,2.8,0,45,0,F,20,A,A,D,D,C
1602,42766.0,29.8,0,0,0,F,20,A,A,D,D,C
1602,42767.0,6.0,40,0,0,F,20,A,A,D,D,C
1602,42768.0,14.5,30,60,25,F,20,A,A,D,D,C
1602,42769.0,6.4,20,0,0,F,20,A,A,D,D,C
1602,42770.0,14.5,5,25,10,F,20,A,A,D,E,C
1602,42771.0,26.5,30,5,0,F,20,A,A,D,E,C
1602,42772.0,13.3,25,0,30,F,20,A,A,D,E,C
1602,42773.0,13.5,70,50,0,F,20,A,B,D,E,D
1602,42774.0,23.4,10,45,0,F,20,A,B,E,E,D
1602,42775.0,24.2,0,40,0,F,20,A,B,E,E,D
1602,42776.0,0.0,0,0,0,F,20,A,C,E,E,D
1602,42777.0,19.3,10,65,0,M,20,A,C,E,E,D
1602,42778.0,9.4,0,0,0,M,20,A,D,E,E,D
1602,42779.0,31.5,0,0,0,M,20,A,D,E,E,D
1602,42780.0,18.6,0,0,0,M,20,A,D,E,E,D
1602,42781.0,8.4,75,35,30,M,20,A,D,E,E,E
1602,42782.0,9.5,0,0,0,M,20,A,D,E,E,E
1602,42783.0,20.8,75,0,0,M,20,A,D,F,E,E
1602,42784.0,27.7,10,0,0,M,20,B,D,F,F,F
1602,42785.0,3.6,10,0,30,M,20,E,E,F,F,F
1602,42786.0,8.4,50,0,30,M,20,,,,,
1602,42787.0,2.4,0,0,0,M,20,,,,,
1602,42788.0,7.5,15,0,0,M,20,,,,,
1602,42789.0,15.7,0,0,10,M,20,,,,,
1602,42790.0,29.1,0,0,0,M,20,,,,,
1402,42791.0,20.6,0,0,0,M,20,A,A,D,D,B
1402,42792.0,6.2,0,0,0,M,20,A,A,D,D,B
1402,42793.0,30.3,0,0,0,M,20,A,A,D,D,B
1402,42794.0,18.6,0,0,0,M,20,A,A,D,D,B
1402,42795.0,18.4,0,0,0,M,20,A,A,D,D,B
1402,42796.0,20.4,30,35,10,M,20,A,A,D,D,B
1402,42797.0,23.5,15,30,10,M,20,A,B,D,D,B
1402,42798.0,18.0,10,60,20,M,20,A,B,D,D,C
1402,42799.0,5.0,20,0,10,M,20,A,B,D,D,C
1402,42800.0,7.5,0,15,0,M,20,A,B,E,E,C
1402,42801.0,20.6,0,0,0,M,20,A,D,E,E,D
1402,42802.0,9.5,0,0,0,M,20,A,D,E,E,D
702,42803.0,7.5,15,0,0,F,20,A,A,B,B,A
702,42804.0,17.5,0,0,0,F,20,A,A,B,B,B
702,42805.0,2.4,15,20,15,F,20,A,A,B,B,B
702,42806.0,1.4,10,0,0,F,20,A,A,B,B,B
702,42807.0,19.0,0,0,0,F,20,A,A,C,C,B
702,42808.0,16.9,15,0,0,F,20,A,A,C,C,B
702,42809.0,21.0,0,0,0,F,20,A,A,C,D,B
702,42810.0,9.9,0,0,0,F,20,A,A,D,D,B
702,42811.0,6.6,0,0,0,F,20,A,A,D,D,B
702,42812.0,27.8,0,20,0,F,20,A,A,D,D,B
702,42813.0,0.0,0,20,0,F,20,A,A,D,D,B
702,42814.0,15.0,0,0,10,F,20,A,A,D,D,B
702,42815.0,2.4,30,0,20,F,20,A,A,D,D,C
702,42816.0,4.2,20,20,0,F,20,A,A,D,D,C
702,42817.0,7.4,25,0,0,M,20,A,A,D,D,C
702,42818.0,16.3,30,0,0,M,20,A,B,D,D,C
702,42819.0,30.9,0,0,0,M,20,A,D,E,E,E
702,42820.0,28.9,25,0,0,M,20,A,D,F,E,E
702,42821.0,18.3,25,0,0,M,20,A,D,F,F,F
702,42822.0,11.5,0,0,0,M,20,A,F,F,F,F
702,42823.0,30.9,0,0,0,M,20,,,,,
5401,42824.0,15.0,25,15,0,F,20,A,A,A,B,A
5401,42825.0,6.4,0,0,0,F,20,A,A,B,B,A
5401,42826.0,21.3,20,40,0,F,20,A,A,B,B,A
5401,42827.0,8.5,0,0,0,F,20,A,A,B,B,A
5401,42828.0,19.4,30,15,40,F,20,A,A,B,B,A
5401,42829.0,7.5,0,60,0,F,20,A,A,B,B,A
5401,42830.0,24.6,50,0,0,F,20,A,A,B,B,A
5401,42831.0,12.7,10,5,40,F,20,A,A,B,C,A
5401,42832.0,26.0,40,0,0,F,20,A,A,B,C,A
5401,42833.0,11.2,0,45,20,F,20,A,A,B,C,A
5401,42834.0,27.1,40,45,20,F,20,A,A,B,C,A
5401,42835.0,7.5,25,0,0,F,20,A,A,B,C,A
5401,42836.0,18.7,0,0,0,F,20,A,A,B,C,A
5401,42837.0,17.8,0,0,0,F,20,A,A,B,C,A
5401,42838.0,15.0,0,0,0,F,20,A,A,B,C,A
5401,42839.0,8.5,0,0,10,F,20,A,A,C,C,A
5401,42840.0,15.0,0,40,0,F,20,A,A,C,C,A
5401,42841.0,16.4,0,0,0,F,20,A,A,C,C,A
5401,42842.0,17.6,0,0,0,F,20,A,A,C,C,A
5401,42843.0,15.0,0,10,0,F,20,A,A,C,D,A
5401,42844.0,16.6,0,0,0,F,20,A,A,C,D,A
5401,42845.0,8.9,70,0,10,F,20,A,A,C,D,A
5401,42846.0,21.0,0,0,0,F,20,A,A,C,D,A
5401,42847.0,26.5,40,0,0,F,20,A,A,D,D,C
5401,42848.0,19.4,0,0,0,F,20,A,A,D,D,C
5401,42849.0,7.0,0,0,0,F,20,A,A,D,D,C
5401,42850.0,30.0,0,0,0,F,20,A,A,D,D,C
5401,42851.0,19.4,0,0,0,F,20,A,A,D,D,C
5401,42852.0,3.4,0,0,0,F,20,A,A,D,E,C
5401,42853.0,3.2,0,0,0,F,20,A,A,D,E,C
5401,42854.0,16.3,0,20,0,F,20,A,A,D,E,C
5401,42855.0,19.4,0,0,0,F,20,A,A,D,E,C
5401,42856.0,11.9,0,0,0,F,20,A,A,D,E,C
5401,42857.0,10.4,0,0,0,F,20,A,A,D,E,C
5401,42858.0,11.7,0,0,0,F,20,A,A,D,E,C
5401,42859.0,11.9,0,0,0,F,20,A,A,D,E,C
5401,42860.0,10.1,0,0,0,F,20,A,A,D,E,D
5401,42861.0,18.8,30,0,0,F,20,A,A,D,E,D
5401,42862.0,2.6,10,0,40,M,20,A,B,E,E,D
5401,42863.0,15.3,40,0,0,M,20,A,B,E,E,D
5401,42864.0,30.1,0,0,0,M,20,A,B,E,E,D
5401,42865.0,30.0,0,0,0,M,20,A,B,E,E,D
5401,42866.0,10.4,0,0,0,M,20,A,B,E,E,D
5401,42867.0,7.4,5,0,15,M,20,A,B,E,E,D
5401,42868.0,30.0,0,0,0,M,20,A,B,E,E,E
5401,42869.0,25.5,0,30,0,M,20,A,C,E,E,E
5401,42870.0,12.5,0,30,0,M,37,A,C,E,E,E
5401,42871.0,30.0,0,0,0,M,20,A,D,E,F,E
5401,42872.0,9.5,0,0,5,M,20,A,D,E,F,E
5401,42873.0,22.5,0,40,10,M,20,A,D,E,F,E
5401,42874.0,19.9,10,0,0,M,20,A,D,E,F,E
5401,42875.0,10.1,0,30,15,M,20,A,D,E,F,E
5401,42876.0,32.1,0,0,0,M,20,A,D,E,F,F
5401,42877.0,30.0,0,0,0,M,20,A,D,E,F,F
5401,42878.0,10.7,20,45,5,M,20,A,D,E,F,F
5401,42879.0,13.1,10,15,0,M,20,A,D,E,F,F
5401,42880.0,30.0,0,0,0,M,20,B,D,F,F,F
5401,42881.0,8.5,0,55,0,M,20,B,D,F,F,F
5401,42882.0,30.0,0,0,0,M,20,E,D,F,F,F
5401,42883.0,2.6,0,45,5,M,20,E,D,F,F,F
5401,42884.0,2.6,40,0,10,M,20,E,D,F,F,F
5401,42885.0,30.6,0,0,0,M,20,E,F,F,F,G
5401,42886.0,17.0,0,0,0,M,20,E,F,F,F,G
5401,42887.0,12.5,30,0,0,M,20,,,,,
5401,42888.0,19.4,0,0,0,M,20,,,,,
5401,42889.0,21.5,35,10,30,M,20,,,,,
5401,42890.0,18.4,0,0,0,M,20,,,,,
5401,42891.0,31.6,0,0,0,M,20,,,,,
5401,42892.0,5.4,0,25,0,M,20,,,,,
5401,42893.0,7.5,0,0,0,M,20,,,,,
5401,42894.0,9.5,0,0,10,M,20,,,,,
3502,42895.0,4.4,55,30,0,F,20,A,A,A,B,A
3502,42896.0,10.7,0,0,0,F,20,A,A,B,B,A
3502,42897.0,10.7,0,0,0,F,20,A,A,B,B,A
3502,42898.0,7.5,0,0,0,F,20,A,A,B,B,A
3502,42899.0,30.0,20,0,0,F,20,A,A,B,C,A
3502,42900.0,9.1,0,0,0,F,20,A,A,B,C,A
3502,42901.0,7.5,0,0,0,F,20,A,A,C,C,B
3502,42902.0,7.5,0,0,0,F,20,A,A,C,C,B
3502,42903.0,7.5,0,0,0,F,20,A,A,C,C,B
3502,42904.0,7.5,0,0,0,F,20,A,A,C,C,B
3502,42905.0,15.0,0,30,0,F,20,A,A,C,C,B
3502,42906.0,7.5,0,0,0,F,20,A,A,C,D,B
3502,42907.0,7.5,0,0,0,F,20,A,A,D,D,B
3502,42908.0,7.5,0,0,0,F,20,A,A,D,D,B
3502,42909.0,7.5,0,0,0,F,20,A,A,D,D,B
3502,42910.0,0.0,0,20,20,M,20,A,A,D,D,B
3502,42911.0,7.5,0,0,0,M,20,A,A,D,D,B
3502,42912.0,16.5,5,0,0,M,20,A,A,D,D,B
3502,42913.0,26.4,25,0,0,M,20,A,A,D,D,B
3502,42914.0,7.5,0,0,0,M,20,A,A,D,D,C
3502,42915.0,7.5,0,0,0,M,20,A,A,D,D,C
3502,42916.0,7.5,0,0,0,M,20,A,A,D,D,C
3502,42917.0,19.6,0,0,0,M,20,A,B,D,D,C
3502,42918.0,7.5,0,0,0,M,20,A,B,D,D,C
3502,42919.0,15.0,30,0,0,M,20,A,B,D,E,C
3502,42920.0,7.5,0,0,0,M,20,A,B,D,E,C
3502,42921.0,15.0,50,0,0,M,20,A,B,E,E,C
3502,42922.0,10.5,0,0,0,M,20,A,B,E,E,C
3502,42923.0,6.0,20,0,10,M,20,A,D,E,E,D
3502,42924.0,15.5,0,20,0,M,20,A,D,E,E,D
3502,42925.0,7.5,0,0,0,M,20,B,D,E,F,E
3502,42926.0,7.5,0,0,0,M,20,B,D,E,F,E
3502,42927.0,7.5,0,0,0,M,20,C,D,E,F,E
3502,42928.0,7.5,20,55,20,M,20,C,D,F,F,F
3502,42929.0,18.3,0,0,0,M,20,E,D,F,F,F
3502,42930.0,7.5,20,0,0,M,20,,,,,
3502,42931.0,11.1,0,20,20,M,20,,,,,
702,42932.0,30.0,0,0,10,F,20,A,A,A,B,A
702,42933.0,19.8,0,0,0,F,20,A,A,B,B,B
702,42934.0,14.3,0,20,0,F,20,A,A,B,B,B
702,42935.0,7.5,20,0,0,F,20,A,A,B,B,B
702,42936.0,19.8,0,40,30,F,20,A,A,B,C,B
702,42937.0,9.2,0,0,0,F,20,A,A,B,C,B
702,42938.0,10.8,0,0,0,F,20,A,A,B,C,B
702,42939.0,21.6,0,60,0,F,20,A,A,C,C,B
702,42940.0,7.5,0,0,0,F,20,A,A,C,C,B
702,42941.0,7.5,0,0,0,F,20,A,A,C,D,B
702,42942.0,7.5,0,0,0,F,20,A,A,D,D,C
702,42943.0,7.5,0,0,0,F,20,A,A,D,D,C
702,42944.0,7.5,0,0,0,M,20,A,A,D,D,C
702,42945.0,42.4,10,0,0,M,20,A,A,D,D,C
702,42946.0,7.5,0,0,0,M,20,A,A,D,D,C
702,42947.0,7.5,0,0,20,M,20,A,A,D,D,C
702,42948.0,7.5,0,0,20,M,20,A,A,D,D,C
702,42949.0,10.1,0,0,5,M,20,A,A,D,D,D
1602,42950.0,12.0,0,35,0,F,20,A,A,B,C,A
1602,42951.0,9.5,10,0,0,F,20,A,A,B,C,A
1602,42952.0,13.5,10,15,0,F,20,A,A,B,C,A
1602,42953.0,7.5,0,0,0,F,20,A,A,C,C,B
1602,42954.0,7.5,0,0,0,F,20,A,A,C,C,B
1602,42955.0,2.6,0,20,0,F,20,A,A,C,C,B
1602,42956.0,25.8,0,30,0,F,20,A,A,C,C,B
1602,42957.0,0.0,25,0,0,F,20,A,A,C,C,B
1602,42958.0,17.4,0,0,30,F,20,A,A,C,C,B
1602,42959.0,18.9,25,0,0,F,20,A,A,D,D,B
1602,42960.0,11.9,20,15,30,F,20,A,A,D,D,B
1602,42961.0,7.5,20,0,0,F,20,A,A,D,D,B
1602,42962.0,8.2,50,0,40,F,20,A,A,D,D,B
1602,42963.0,14.1,30,0,20,F,20,A,A,D,D,B
1602,42964.0,7.5,0,0,0,F,20,A,B,D,D,B
1602,42965.0,7.5,0,0,0,F,20,A,B,D,D,B
1602,42966.0,3.2,0,0,0,F,20,A,B,D,D,B
1602,42967.0,6.2,50,45,10,F,20,A,B,D,D,B
1602,42968.0,16.3,40,45,25,F,20,A,B,D,D,B
1602,42969.0,6.8,35,50,15,F,20,A,C,D,D,B
1602,42970.0,16.5,70,30,10,F,20,A,C,D,D,C
1602,42971.0,7.5,0,0,0,M,20,A,C,D,E,C
1602,42972.0,17.1,0,0,0,M,20,A,D,D,E,C
1602,42973.0,17.1,0,0,0,M,20,A,D,D,E,C
1602,42974.0,10.7,0,0,0,M,20,A,D,D,E,C
1602,42975.0,12.3,75,45,0,M,20,A,D,D,E,C
1602,42976.0,24.4,60,0,0,M,20,,,,,
1602,42977.0,0.0,0,0,0,M,20,,,,,
1602,42978.0,0.0,0,0,0,M,20,,,,,
3502,42979.0,0.0,0,0,0,F,20,A,A,A,A,A
3502,42980.0,0.0,0,0,0,F,20,A,A,A,A,A
3502,42981.0,0.0,0,0,0,F,20,A,A,B,B,A
3502,42982.0,0.0,0,0,0,F,20,A,A,B,C,B
3502,42983.0,23.0,0,0,0,F,20,A,A,B,D,B
3502,42984.0,25.7,0,0,40,F,20,A,A,C,D,B
3502,42985.0,0.0,0,0,0,F,20,A,A,C,D,B
3502,42986.0,0.0,0,0,0,M,20,A,A,D,D,B
3502,42987.0,0.0,0,0,0,M,20,A,A,D,D,B
3502,42988.0,23.6,15,40,10,M,20,A,A,D,D,B
3502,42989.0,31.9,0,0,0,M,20,A,B,D,E,B
3502,42990.0,11.2,0,0,0,M,20,A,D,D,E,C
3502,42991.0,0.0,0,0,0,M,20,A,D,D,E,C
3502,42992.0,32.0,0,0,0,M,20,A,D,D,E,C
3502,42993.0,7.6,0,0,0,M,20,A,D,D,E,C
1402,42994.0,7.5,25,0,0,F,20,A,A,B,B,A
1402,42995.0,13.3,20,35,5,F,20,A,A,B,C,B
1402,42996.0,0.0,0,0,0,F,20,A,A,C,D,B
1402,42997.0,11.1,0,0,0,M,20,A,B,D,E,C
1402,42998.0,23.8,30,15,20,M,20,A,D,D,E,C
1402,42999.0,0.0,0,0,0,M,20,A,D,D,F,C
1402,43000.0,13.1,20,30,10,M,20,A,D,D,F,C
1402,43001.0,2.6,35,0,0,M,20,B,D,F,F,C
702,43002.0,0.0,0,0,0,F,20,A,A,A,A,A
702,43003.0,7.0,0,60,20,F,20,A,A,B,A,A
702,43004.0,0.0,0,0,0,F,20,A,A,B,A,A
702,43005.0,12.7,0,0,0,F,20,A,A,B,B,A
702,43006.0,0.0,0,0,0,F,20,A,A,B,B,A
702,43007.0,0.0,0,0,0,F,20,A,A,B,B,A
702,43008.0,0.0,0,0,0,F,20,A,A,B,B,A
702,43009.0,17.5,0,0,25,F,20,A,A,B,B,A
702,43010.0,17.6,0,0,0,F,20,A,A,B,B,A
702,43011.0,16.3,0,0,15,F,20,A,A,B,B,A
702,43012.0,0.0,0,0,0,F,20,A,A,B,B,A
702,43013.0,0.0,0,0,0,F,20,A,A,B,C,A
702,43014.0,0.0,0,0,0,F,20,A,A,B,C,A
702,43015.0,0.0,0,0,0,F,20,A,A,B,C,A
702,43016.0,22.3,0,0,0,M,20,A,A,B,C,B
702,43017.0,18.4,20,5,0,M,20,A,A,B,C,B
702,43018.0,0.0,0,0,0,M,20,A,B,C,C,B
702,43019.0,18.7,0,0,0,M,20,A,B,C,C,B
702,43020.0,0.0,0,0,0,M,20,A,B,C,D,B
702,43021.0,0.0,0,0,0,M,20,A,B,C,D,B
702,43022.0,6.4,20,0,10,M,20,A,B,C,D,B
702,43023.0,11.1,50,20,5,M,20,A,D,D,D,B
702,43024.0,0.0,0,0,0,M,20,A,D,D,E,C
702,43025.0,17.6,0,30,0,M,20,A,D,D,E,D
702,43026.0,15.0,0,0,0,M,20,A,D,E,E,D
702,43027.0,0.0,0,0,0,M,20,A,D,E,F,E
2001,43028.0,0.0,45,0,0,F,20,A,A,A,B,A
2001,43029.0,0.0,0,0,0,F,20,A,A,A,B,A
2001,43030.0,0.0,0,0,0,F,20,A,A,A,B,A
2001,43031.0,0.0,0,0,0,F,20,A,A,A,B,A
2001,43032.0,0.0,0,0,0,F,20,A,A,B,B,A
2001,43033.0,0.0,0,0,0,F,20,A,A,B,B,A
2001,43034.0,25.8,0,50,0,F,20,A,A,B,B,A
2001,43035.0,0.0,0,0,0,F,20,A,A,B,B,A
2001,43036.0,32.9,0,60,15,F,20,A,A,B,B,A
2001,43037.0,9.7,0,0,0,F,20,A,A,B,B,A
2001,43038.0,0.0,0,0,0,F,20,A,A,B,B,A
2001,43039.0,0.0,0,0,0,F,20,A,A,B,B,A
2001,43040.0,0.0,0,0,0,F,20,A,A,B,B,A
2001,43041.0,7.5,0,15,10,F,20,A,A,B,B,A
2001,43042.0,40.9,25,0,0,F,20,A,A,B,B,A
2001,43043.0,0.0,0,0,0,F,20,A,A,B,B,B
2001,43044.0,0.0,0,0,0,F,20,A,B,C,C,B
2001,43045.0,22.2,20,45,10,F,20,A,B,C,D,B
2001,43046.0,0.0,0,0,0,F,20,A,B,C,D,B
2001,43047.0,0.0,0,0,0,F,20,A,B,C,D,B
1502,43048.0,0.0,0,0,0,F,20,A,A,B,B,A
1502,43049.0,1.0,25,35,10,F,20,A,A,B,B,B
1502,43050.0,1.6,20,40,5,F,20,A,A,B,B,B
1502,43051.0,0.0,0,0,0,F,20,A,A,B,C,B
1502,43052.0,16.0,0,0,40,F,20,A,A,B,C,B
1502,43053.0,10.9,0,0,0,F,20,A,A,C,C,B
1502,43054.0,0.0,0,0,0,F,20,A,B,C,D,B
1502,43055.0,0.0,0,0,0,F,20,A,B,D,D,B
1502,43056.0,0.0,0,0,0,F,20,A,B,D,D,B
1502,43057.0,11.5,25,15,30,F,20,A,C,D,D,B
1502,43058.0,0.0,0,0,0,F,20,A,C,D,D,B
1502,43059.0,0.0,0,0,0,F,20,A,D,D,D,B
1502,43060.0,0.0,0,0,0,F,20,A,D,D,E,C
1502,43061.0,8.8,30,60,0,M,20,A,D,D,E,C
1502,43062.0,17.3,30,60,0,M,20,A,D,D,E,C
1502,43063.0,0.0,0,0,0,M,20,A,D,D,E,C
1502,43064.0,12.1,10,15,15,M,20,A,D,D,E,D
1502,43065.0,11.9,0,10,20,M,20,A,D,E,F,D
1502,43066.0,17.0,0,0,15,M,20,B,D,E,F,D
1502,43067.0,8.2,0,0,0,M,20,B,D,F,F,E
1502,43068.0,12.2,40,0,30,M,20,B,F,F,F,F
4004,43069.0,30.3,25,0,0,F,20,A,A,B,A,A
4004,43070.0,31.9,0,0,0,F,20,A,A,B,B,A
4004,43071.0,3.8,0,40,10,F,20,A,A,B,C,B
4004,43072.0,22.5,0,0,0,F,20,A,A,B,C,B
4004,43073.0,18.0,0,0,0,M,20,A,A,C,D,B
4004,43074.0,11.3,0,45,0,M,20,A,A,C,D,C
4004,43075.0,8.4,10,10,0,M,20,A,A,C,D,C
4004,43076.0,20.3,0,0,0,M,20,A,A,C,D,C
4004,43077.0,14.3,15,0,40,M,20,A,A,C,D,C
4004,43078.0,23.5,0,0,0,M,20,A,A,C,D,C
4004,43079.0,24.5,55,0,0,M,20,A,A,D,D,C
4004,43080.0,22.5,0,0,0,M,20,A,A,D,D,C
4004,43081.0,8.5,0,0,20,M,20,A,A,D,D,D
4004,43082.0,4.6,0,0,0,M,20,A,A,D,E,D
4004,43083.0,12.5,0,35,0,M,20,A,A,D,E,D
4004,43084.0,2.0,0,0,0,M,20,A,A,D,E,D
4004,43085.0,5.0,0,20,0,M,20,A,A,D,E,D
4004,43086.0,11.3,0,0,0,M,20,A,B,D,E,D
4004,43087.0,0.0,0,30,0,M,20,A,B,E,E,D
4004,43088.0,3.2,50,5,0,M,20,A,D,E,F,E
4004,43089.0,17.0,15,0,20,M,20,A,D,E,F,E
4004,43090.0,22.5,0,0,0,M,20,A,D,E,F,E
4004,43091.0,26.0,50,0,0,M,20,A,D,F,F,E
4004,43092.0,22.5,0,0,0,M,20,A,D,F,F,F
4004,43093.0,22.5,0,0,0,M,20,A,D,F,F,F
4004,43094.0,22.5,0,0,0,M,20,A,D,F,F,F
4004,43095.0,27.5,35,5,0,M,20,B,F,F,F,G
3502,43096.0,18.8,15,0,10,F,20,A,A,A,B,A
3502,43097.0,22.5,0,0,0,F,20,A,A,A,B,A
3502,43098.0,12.1,50,20,0,F,20,A,A,B,B,B
3502,43099.0,4.4,0,0,0,F,20,A,A,B,B,B
3502,43100.0,16.4,40,0,0,F,20,A,A,B,B,B
3502,43101.0,8.5,15,5,0,F,20,A,A,C,C,B
3502,1.0,15.0,0,0,0,M,20,,,,,
3502,2.0,15.0,0,0,0,M,20,,,,,
3502,3.0,15.0,0,0,0,M,20,,,,,
4006,4.0,15.0,0,0,0,F,20,A,A,A,B,B
4006,5.0,15.0,0,0,0,F,20,A,A,B,B,B
4006,6.0,7.5,50,0,0,F,20,A,A,B,B,B
4006,7.0,15.0,0,0,0,M,20,A,A,B,C,B
4006,8.0,15.0,0,0,0,M,20,A,A,B,C,C
4006,9.0,15.0,0,0,0,M,20,A,A,B,D,D
4006,10.0,11.1,30,30,40,M,20,A,A,B,D,D
4006,11.0,11.1,30,0,0,M,20,A,A,C,D,D
4006,12.0,0.0,0,0,0,M,20,A,A,D,D,D
4006,13.0,19.5,50,65,5,M,20,A,A,D,D,E
4006,14.0,14.7,0,50,0,M,20,A,A,D,D,E
4006,15.0,42.9,40,0,0,M,20,A,A,D,D,E
4006,16.0,4.8,10,0,0,M,20,A,A,D,D,E
4006,17.0,14.5,0,35,15,M,20,A,A,D,D,E
4006,18.0,19.4,0,0,0,M,20,A,A,E,D,E
4006,19.0,0.0,0,0,0,M,20,A,A,E,E,F
4006,20.0,40.8,20,15,20,M,20,A,A,E,E,F
4006,21.0,19.0,20,85,20,M,20,A,A,E,E,F
4006,22.0,48.7,0,0,0,M,20,B,A,E,E,F
